1	20.6964125	19.1507875
2	17.65893611111111	16.769565625
3	15.642290277777779	15.22014375
4	14.401956944444445	14.3708625
5	13.650991666666666	13.5687390625
6	13.034305555555555	13.11163125
7	12.563584722222222	12.52928515625
8	12.15568611111111	12.0138734375
9	11.774830555555555	11.8534875
10	11.574530555555556	11.553096875
11	11.236263194444444	10.98074375
12	10.822035416666667	10.5743390625
13	10.4369625	10.2651140625
14	10.131350694444444	9.97403359375
15	9.812169444444445	9.728934375
16	9.559674305555555	9.5097734375
17	9.295658333333334	9.26987265625
18	9.180471527777778	9.086128125
19	8.928477777777777	8.93549375
20	8.802865972222222	8.6977734375
21	8.60291111111111	8.3704453125
22	8.361465972222222	8.37960234375
23	8.251338888888888	8.1564359375
24	8.112047916666667	7.9464640625
25	7.950939583333334	8.084546875
26	7.869619444444444	7.7897375
27	7.708890972222222	7.65873125
28	7.517613888888889	7.39562421875
29	7.536940972222222	7.4996890625
30	7.335005555555555	7.21585078125
31	7.222397222222222	7.0041828125
32	7.083941666666667	6.999859375
33	7.025586805555555	7.08319765625
34	6.913204166666667	7.04514453125
35	6.8864680555555555	6.8873421875
36	6.842165972222222	6.55281875
37	6.722929861111111	6.41135390625
38	6.595427777777778	6.4543203125
39	6.540586111111111	6.38554921875
40	6.4688590277777775	6.453480859375
41	6.422847222222222	6.23607578125
42	6.370101388888889	6.1745453125
43	6.354706944444445	6.39214921875
44	6.219830555555555	6.043730078125
45	6.1253979166666666	6.11512265625
46	6.081870833333333	5.960030078125
47	5.963472222222222	5.838527734375
48	5.9897729166666664	5.88379140625
49	5.873770833333333	5.83013671875
50	5.827320138888889	5.68893984375
51	5.838557638888889	5.719107421875
52	5.669901041666667	5.60539375
53	5.627792708333334	5.6585609375
54	5.682661111111111	5.600747265625
55	5.612486458333334	5.6377140625
56	5.602529166666667	5.432693359375
57	5.481256944444445	5.382139453125
58	5.43001875	5.2617171875
59	5.440054861111111	5.4259578125
60	5.377742708333333	5.47184765625
61	5.375107638888889	5.17333359375
62	5.242953125	5.01770078125
63	5.218686111111111	5.070725390625
64	5.202171527777778	5.159004296875
65	5.181548958333333	4.921851953125
66	5.091534722222222	4.9889046875
67	5.062876388888889	5.103286328125
68	5.125189583333333	4.934884375
69	4.965873263888889	4.909887890625
70	4.9791541666666665	4.883937109375
71	4.886023958333333	4.782793359375
72	4.987022916666667	4.9633578125
73	4.816962152777778	4.662265234375
74	4.858220833333333	4.686758203125
75	4.702041666666666	4.747047265625
76	4.706382291666666	4.635316796875
77	4.633712152777778	4.50266328125
78	4.627574305555555	4.523705078125
79	4.591265277777778	4.512869140625
80	4.558286458333333	4.4548671875
81	4.498219097222222	4.370238671875
82	4.503859722222222	4.371174609375
83	4.4945256944444445	4.4736546875
84	4.497179861111111	4.44421328125
85	4.390201041666667	4.389954296875
86	4.4283496527777775	4.29532109375
87	4.352296180555555	4.277152734375
88	4.401227430555555	4.394593359375
89	4.339509027777778	4.244917578125
90	4.300587152777778	4.17645
91	4.2936451388888885	4.148717578125
92	4.2335625	4.194258984375
93	4.270303819444444	4.093483984375
94	4.218330208333334	4.15568046875
95	4.156799305555555	4.11388359375
96	4.1427708333333335	4.1092390625
97	4.193835069444445	4.205633203125
98	4.144863888888889	4.034965625
99	4.115597222222222	3.925487109375
100	4.121918402777778	4.048422265625
101	4.054671527777778	4.0213671875
102	4.052735069444444	3.970097265625
103	4.030460416666667	3.93986953125
104	4.046531944444444	4.132133203125
105	4.023400694444445	3.9191015625
106	3.976145138888889	4.0304859375
107	3.923419791666667	3.9465296875
108	3.9254041666666666	3.837757421875
109	3.891335763888889	3.88003125
110	3.893332291666667	3.8456421875
111	3.9044045138888888	3.99683359375
112	3.8835809027777777	3.952876171875
113	3.878754861111111	3.8309609375
114	3.8844697916666666	3.83132890625
115	3.826632638888889	3.82601953125
116	3.803630902777778	3.74547734375
117	3.7984510416666666	3.671426171875
118	3.776602083333333	3.7875078125
119	3.755203472222222	3.6876546875
120	3.7654149305555555	3.7391265625
121	3.721313888888889	3.69314140625
122	3.748209027777778	3.718273046875
123	3.7176267361111113	3.7422109375
124	3.693971527777778	3.7269921875
125	3.665364236111111	3.77051015625
126	3.6951875	3.687729296875
127	3.6353697916666667	3.74555390625
128	3.6311256944444446	3.6359046875
129	3.6005541666666665	3.608066015625
130	3.569969097222222	3.53072265625
131	3.6215208333333333	3.728925
132	3.608684375	3.65016640625
133	3.5692399305555558	3.664351953125
134	3.5615770833333333	3.663840625
135	3.5759003472222224	3.52877265625
136	3.5436520833333334	3.607158203125
137	3.595692361111111	3.607525390625
138	3.5136135416666665	3.507667578125
139	3.4920913194444445	3.49860625
140	3.4715090277777776	3.4875046875
141	3.5146527777777776	3.57463984375
142	3.447176388888889	3.51971875
143	3.4649475694444445	3.460319140625
144	3.4597496527777776	3.67340546875
145	3.412185763888889	3.478209765625
146	3.4173145833333334	3.519488671875
147	3.4098083333333333	3.560944921875
148	3.3719	3.55664140625
149	3.383306597222222	3.407175
150	3.347520486111111	3.39084609375
151	3.3327552083333334	3.45476015625
152	3.3991152777777778	3.566565625
153	3.3343003472222223	3.4416890625
154	3.3037069444444445	3.369835546875
155	3.265948611111111	3.38863828125
156	3.2970840277777778	3.40696328125
157	3.310922222222222	3.43481640625
158	3.294096875	3.42561796875
159	3.271986111111111	3.31724375
160	3.286890625	3.44408046875
161	3.2328552083333335	3.5161546875
162	3.2086840277777777	3.367896875
163	3.196682638888889	3.171478125
164	3.2019534722222223	3.257216015625
165	3.1474913194444443	3.255575
166	3.1699409722222223	3.28779921875
167	3.1454746527777777	3.2032482421875
168	3.1193927083333333	3.1651439453125
169	3.1095597222222224	3.2042162109375
170	3.1263	3.31104453125
171	3.103903472222222	3.2160033203125
172	3.067675347222222	3.2634048828125
173	3.119131597222222	3.14536484375
174	3.063144097222222	3.25202578125
175	3.07830625	3.250552734375
176	3.0848375	3.313176953125
177	3.024126736111111	3.11864140625
178	3.0328416666666667	3.1640939453125
179	2.984553125	3.07993828125
180	2.9852649305555556	3.134923046875
181	3.0233861111111113	3.037689453125
182	2.9743833333333334	3.072054296875
183	2.945229513888889	3.085734375
184	2.933855208333333	3.02176796875
185	2.945690972222222	3.1146994140625
186	2.9349993055555554	2.978338671875
187	2.8684869791666667	3.026316015625
188	2.9068638888888887	3.0138056640625
189	2.869615798611111	2.9998859375
190	2.884021701388889	3.017767578125
191	2.8485996527777777	3.03028515625
192	2.8543930555555557	2.98100859375
193	2.819689236111111	3.0023169921875
194	2.8061276041666665	2.90845078125
195	2.774496875	2.9478705078125
196	2.818444791666667	2.9706775390625
197	2.761034375	2.8790845703125
198	2.7345835069444444	2.867219140625
199	2.763722048611111	2.9303333984375
200	2.7284348958333333	2.909646484375
201	2.8122784722222223	2.94475703125
202	2.724686111111111	2.953920703125
203	2.720163715277778	2.926121484375
204	2.714998958333333	2.8723533203125
205	2.676350520833333	2.9015984375
206	2.662659027777778	2.808143359375
207	2.6500420138888887	2.8237548828125
208	2.675878125	2.81528203125
209	2.6292	2.808375390625
210	2.596809548611111	2.7345142578125
211	2.5481303819444445	2.781639453125
212	2.58936875	2.7289583984375
213	2.5292131944444445	2.7789029296875
214	2.5687928819444443	2.865196875
215	2.524319097222222	2.8069666015625
216	2.5121067708333333	2.7112078125
217	2.503987152777778	2.71032578125
218	2.4649973958333335	2.8064318359375
219	2.5060291666666665	2.737008203125
220	2.482870138888889	2.70203515625
221	2.470592013888889	2.71876328125
222	2.4584203125	2.610538671875
223	2.40903125	2.67982578125
224	2.421184375	2.6422953125
225	2.4042307291666667	2.671729296875
226	2.3984883680555558	2.6913765625
227	2.3359024305555556	2.58945546875
228	2.3520875	2.69452421875
229	2.3373350694444444	2.61618359375
230	2.4069364583333335	2.6564111328125
231	2.3619826388888887	2.69558203125
232	2.383460416666667	2.6548765625
233	2.3295288194444446	2.5709482421875
234	2.275132465277778	2.603929296875
235	2.2260184027777776	2.593578125
236	2.2513916666666667	2.57319765625
237	2.201409027777778	2.5196912109375
238	2.2161567708333334	2.5372416015625
239	2.248845138888889	2.518389453125
240	2.1649470486111113	2.5026482421875
241	2.167982465277778	2.4956421875
242	2.1224296875	2.4985
243	2.088927951388889	2.444965625
244	2.0697335069444445	2.4924783203125
245	2.126056597222222	2.47694921875
246	2.0643335069444446	2.43234375
247	2.0224557291666665	2.4760177734375
248	2.064174826388889	2.383018359375
249	2.0741487847222224	2.467552734375
250	2.0130647569444444	2.396826953125
251	1.9933	2.363244140625
252	1.9659246527777778	2.3623625
253	1.9659065972222223	2.3400517578125
254	1.9482524305555555	2.352686328125
255	1.9259880208333333	2.2701927734375
256	1.9581355902777777	2.3699806640625
257	1.933115625	2.2757876953125
258	1.8943690972222222	2.2492521484375
259	1.8620932291666668	2.29260625
260	1.822314236111111	2.2583373046875
261	1.8325463541666667	2.282474609375
262	1.8293692708333333	2.15823359375
263	1.7943076388888888	2.2433095703125
264	1.7683644097222222	2.2385775390625
265	1.8003748263888888	2.22899921875
266	1.7635564236111112	2.2213767578125
267	1.7558368055555555	2.205616015625
268	1.6931112847222223	2.147080859375
269	1.6517029513888888	2.1075140625
270	1.6411013888888888	2.12533828125
271	1.690270486111111	2.182355078125
272	1.6344864583333334	2.084409765625
273	1.6196777777777778	2.1006078125
274	1.5737046875	2.0662021484375
275	1.5327798611111112	2.083160546875
276	1.5488182291666666	2.1446248046875
277	1.5543503472222222	2.0156361328125
278	1.5022102430555555	2.0188734375
279	1.5040805555555556	1.8877564453125
280	1.4387512152777777	1.98498359375
281	1.4319746527777777	2.03750078125
282	1.4514301215277778	2.0331619140625
283	1.4225200520833334	1.960507421875
284	1.376351736111111	2.0547
285	1.4102189236111111	1.944864453125
286	1.4147535590277778	2.011751953125
287	1.3220791666666667	1.776003125
288	1.2838921006944444	1.91082265625
289	1.316567795138889	1.94682578125
290	1.2648886284722223	1.926755859375
291	1.2482354166666667	1.8527212890625
292	1.2134199652777777	1.8711173828125
293	1.198259375	1.8541478515625
294	1.1848810763888888	1.833826171875
295	1.2098102430555555	1.968343359375
296	1.2298080729166667	1.8983056640625
297	1.1456064236111112	1.799028515625
298	1.1592518229166666	1.777394921875
299	1.0877629340277777	1.5962669921875
300	1.0533495659722223	1.6841681640625
301	1.0563292534722222	1.721074609375
302	1.0141450520833333	1.6300154296875
303	0.9651268229166666	1.6947744140625
304	0.9800999131944444	1.715842578125
305	0.9872058159722222	1.655283203125
306	0.9850595486111111	1.7132587890625
307	0.9367954861111111	1.5439927734375
308	0.8556329861111112	1.6721970703125
309	0.8490017361111111	1.612885546875
310	0.8474024305555555	1.62952900390625
311	0.8789230902777778	1.57418203125
312	0.8595561631944444	1.52116640625
313	0.7342100694444444	1.5439548828125
314	0.7859725694444445	1.5033201171875
315	0.7665309027777778	1.4486423828125
316	0.7024372829861111	1.490032421875
317	0.6660434895833334	1.5815353515625
318	0.7128452256944444	1.5321953125
319	0.8563096354166667	1.57361474609375
320	0.7429735243055555	1.4516078125
321	0.7019236545138889	1.4868451171875
322	0.6146322916666667	1.43246796875
323	0.6316952690972222	1.4137107421875
324	0.6082230902777778	1.3359837890625
325	0.5477661458333334	1.334006640625
326	0.5574697048611111	1.3235802734375
327	0.4806361545138889	1.29763046875
328	0.48037578125	1.286005078125
329	0.44458116319444446	1.249966796875
330	0.4150195746527778	1.342901171875
331	0.4216560763888889	1.2272328125
332	0.4332370659722222	1.2360412109375
333	0.3636123046875	1.27685859375
334	0.41731788194444447	1.27670634765625
335	0.29750199652777776	1.22488349609375
336	0.3564369357638889	1.17647822265625
337	0.32204852430555553	1.2121169921875
338	0.25292502170138886	1.2558875
339	0.43424730902777775	1.3352517578125
340	0.37722022569444447	1.29885390625
341	0.22061356336805554	1.147237890625
342	0.21091838107638888	1.146883984375
343	0.19916397569444444	1.171013671875
344	0.11811012369791667	1.111892578125
345	0.12703846571180555	1.0960095703125
346	0.09088454861111112	1.1247439453125
347	0.06680040690104166	1.00912490234375
348	0.030551204427083332	1.02165830078125
349	0.049157736545138886	1.3739396484375
350	0.24095151909722223	1.1875453125
351	0.2225365451388889	1.0812455078125
352	-0.002981308322482639	1.00065888671875
353	-0.05419211154513889	0.937257421875
354	-0.10608614366319444	0.893034375
355	-0.09379401041666667	0.919281640625
356	0.11297481553819444	1.1095103515625
357	-0.09132179904513889	0.80055390625
358	-0.1993736545138889	0.83768818359375
359	-0.27066775173611113	0.83718984375
360	-0.24280933159722223	0.85318974609375
361	-0.24000611979166667	0.8725228515625
362	-0.18469049479166666	0.72888994140625
363	-0.29933279079861114	0.75957138671875
364	-0.29328253038194446	0.6749890625
365	-0.41347756076388886	0.677789404296875
366	-0.411993359375	0.702346044921875
367	-0.384264453125	0.8172828125
368	-0.32252059461805554	0.688437158203125
369	-0.3591147135416667	0.72212060546875
370	-0.4960796440972222	0.7136779296875
371	-0.4807033854166667	0.6842123046875
372	-0.5129052517361111	0.5675662109375
373	-0.5777111111111111	0.58916630859375
374	-0.6185321614583333	0.5954123046875
375	-0.6156211805555556	0.413523046875
376	-0.6907869791666666	0.3902380859375
377	-0.6340513020833334	0.54130146484375
378	-0.6718092881944444	0.4480166015625
379	-0.7240418836805556	0.677748828125
380	-0.7070893663194444	0.51720244140625
381	-0.7656452256944445	0.3594518798828125
382	-0.8052740451388889	0.36051875
383	-0.8167285590277777	0.415003125
384	-0.8512793402777777	0.3919160888671875
385	-0.8886771701388889	0.37281630859375
386	-0.8598585069444444	0.349108984375
387	-0.8420586805555555	0.44355595703125
388	-0.6569396701388889	0.559296923828125
389	-0.6684963107638889	0.9067130859375
390	-0.5123571614583333	0.443217578125
391	-0.8316136284722222	0.31486064453125
392	-0.9507276041666667	0.4268521484375
393	-0.9063474826388889	0.307698828125
394	-0.9781711805555555	0.3097800048828125
395	-1.0403635416666666	0.3593966064453125
396	-1.1053371527777778	0.15639818115234375
397	-1.1243459201388888	0.07867944946289063
398	-1.1638319444444445	0.1733520751953125
399	-1.1822768229166667	0.0600614990234375
400	-1.0397590277777777	0.31060830078125
401	-1.0857964409722223	0.28974599609375
402	-1.230153125	0.1897635986328125
403	-1.2187217881944445	0.2152026611328125
404	-1.2234829861111112	0.14577705078125
405	-1.256428125	0.07339164428710937
406	-1.3287519097222222	0.02351219940185547
407	-1.4039911458333334	0.1223041748046875
408	-1.3322685763888888	0.014894013977050782
409	-1.4038844618055555	0.08021553955078126
410	-1.4194160590277778	0.07321447143554688
411	-1.4703390625	-0.054170770263671876
412	-1.325428125	0.1035772705078125
413	-1.4308098090277779	-0.1505158203125
414	-1.4213092881944445	-0.1509056396484375
415	-1.5329340277777779	-0.0521064453125
416	-1.5654630208333333	-0.029955596923828126
417	-1.579199826388889	-0.15780771484375
418	-1.4494333333333334	-0.045652685546875
419	-1.5856215277777779	-0.2451288330078125
420	-1.6998550347222223	0.002410723876953125
421	-1.5430491319444444	-0.07916258544921875
422	-1.4508291666666666	0.10511910400390626
423	-1.1241927083333334	0.006392324829101562
424	-1.517706423611111	-0.12458328857421876
425	-1.7035869791666667	-0.27072578125
426	-1.829402951388889	-0.296538525390625
427	-1.8013505208333334	-0.2453873779296875
428	-1.7847616319444444	-0.2753676513671875
429	-1.8912664930555556	-0.316624169921875
430	-1.8766262152777777	-0.3351115966796875
431	-1.8792112847222222	-0.337638134765625
432	-1.9098869791666666	-0.3995453369140625
433	-1.8450539930555556	-0.3422425048828125
434	-1.939465451388889	-0.3567334228515625
435	-1.6259324652777778	-0.29407998046875
436	-1.9057442708333334	-0.4545703125
437	-2.0123697916666665	-0.408411767578125
438	-2.0205178819444445	-0.43982705078125
439	-1.8311807291666666	0.2057606689453125
440	-1.5722288194444445	-0.452177783203125
441	-2.0110024305555556	-0.588966455078125
442	-2.1489354166666668	-0.5213505859375
443	-2.2285678819444446	-0.631275341796875
444	-2.150960763888889	-0.6049806640625
445	-2.2382331597222223	-0.64729267578125
446	-2.0967927083333335	-0.541580224609375
447	-2.1443119791666665	-0.64621416015625
448	-2.2614453125	-0.6243162109375
449	-2.0932423611111113	-0.657978564453125
450	-2.2903703125	-0.779244140625
451	-2.3324717013888887	-0.7354013671875
452	-2.2346944444444445	-0.642877392578125
453	-2.3431163194444444	-0.804894482421875
454	-2.4120697916666667	-0.76368232421875
455	-2.2975666666666665	-0.652948486328125
456	-2.3755586805555557	-0.808610986328125
457	-2.2438723958333333	-0.7378009765625
458	-2.391165451388889	-0.84429814453125
459	-2.5222819444444444	-0.92353310546875
460	-2.5827335069444444	-1.09084560546875
461	-2.666334722222222	-0.94016220703125
462	-2.6127383680555556	-0.87058173828125
463	-2.5923477430555555	-0.9392541015625
464	-2.738884375	-0.99683359375
465	-2.716647048611111	-0.9609607421875
466	-2.7306178819444447	-1.0025580078125
467	-2.6042618055555558	-0.8712650390625
468	-2.7162756944444446	-1.13907294921875
469	-2.8311690972222223	-1.0613392578125
470	-2.8783602430555555	-1.148153515625
471	-2.7696055555555557	-1.01644345703125
472	-2.820198611111111	-1.095090234375
473	-2.8707215277777776	-1.1711234375
474	-2.8218612847222224	-1.059146484375
475	-2.7557039930555556	-1.15221015625
476	-2.9336788194444443	-1.31704189453125
477	-2.8879133680555555	-1.1071525390625
478	-2.8046600694444446	-1.25248642578125
479	-3.014011111111111	-1.2640650390625
480	-3.0452256944444445	-1.3194546875
481	-2.9835208333333334	-1.09691953125
482	-2.95168125	-1.10399921875
483	-3.0721371527777777	-1.264178515625
484	-3.0249934027777776	-1.19751171875
485	-3.0580010416666665	-0.94838994140625
486	-2.6761866319444443	-1.192783984375
487	-3.0338177083333333	-1.39708681640625
488	-3.18560625	-1.47835986328125
489	-3.1589118055555554	-1.359240625
490	-3.1622458333333334	-1.454094140625
491	-3.225113888888889	-1.50643056640625
492	-3.1900229166666665	-1.4542712890625
493	-3.313261111111111	-1.6125919921875
494	-3.3272475694444443	-1.560846875
495	-3.33030625	-1.4230728515625
496	-3.293009375	-1.201759765625
497	-3.218619791666667	-1.488162109375
498	-3.405317361111111	-1.53104208984375
499	-3.28803125	-1.52571201171875
500	-3.479625347222222	-1.675953125
