1	20.759683333333335	18.9498125
2	17.242920833333333	16.659571875
3	15.1719125	14.84979375
4	14.234906944444445	14.062596875
5	13.574761111111112	13.31619375
6	12.926608333333334	12.9861125
7	12.402119444444445	12.252565625
8	11.958644444444445	11.8466515625
9	11.57458125	11.4209859375
10	11.148927083333334	10.983603125
11	10.873752777777778	10.6483765625
12	10.541060416666667	10.40951796875
13	10.284065277777778	10.06883203125
14	9.889278472222221	9.8863359375
15	9.737024305555556	9.5420546875
16	9.397970138888889	9.5539140625
17	9.315902083333333	9.200603125
18	9.072845833333334	9.2752078125
19	8.814197222222223	8.65062890625
20	8.653164583333334	8.359953125
21	8.384024305555556	8.51718984375
22	8.24675486111111	8.2680421875
23	8.125324305555555	7.94559765625
24	7.952778472222223	7.8907578125
25	7.91645625	7.6955
26	7.616702083333333	7.6216796875
27	7.490811111111111	7.6365265625
28	7.34966875	7.18095703125
29	7.321875	7.27491796875
30	7.177088888888889	6.9872625
31	7.060610416666667	6.908034375
32	6.975219444444445	6.75573515625
33	6.877511805555556	6.98746953125
34	6.800011111111111	6.71743671875
35	6.649136805555556	6.372087109375
36	6.5429159722222225	6.3610609375
37	6.455034722222222	6.499025390625
38	6.321223611111111	6.15995859375
39	6.363615277777778	6.18249921875
40	6.191019444444445	6.078673046875
41	6.160092361111111	6.008436328125
42	6.061314583333333	6.091011328125
43	6.052657638888889	6.120912890625
44	5.917014583333334	5.932482421875
45	5.892034722222222	5.774090625
46	5.772964236111111	5.77327578125
47	5.8294097222222225	5.757591015625
48	5.680580555555555	5.735674609375
49	5.710321180555556	5.6627625
50	5.605517013888889	5.4771515625
51	5.50208125	5.449829296875
52	5.482798611111111	5.4920015625
53	5.451521180555556	5.2879703125
54	5.478122569444444	5.301860546875
55	5.377166319444444	5.24535078125
56	5.321642708333333	5.188999609375
57	5.302412152777777	5.14670859375
58	5.214508333333334	5.360534375
59	5.206264236111111	5.195340625
60	5.199285763888889	5.2449734375
61	5.20495	5.26388046875
62	5.082015625	5.044025
63	5.073065625	4.9426453125
64	5.082863194444444	5.037631640625
65	5.013433680555556	4.890854296875
66	5.0147684027777775	4.867068359375
67	4.899401388888889	4.827212890625
68	4.858184027777778	5.00247109375
69	4.950315625	4.787728125
70	4.816268402777777	4.690993359375
71	4.791045486111111	4.620991015625
72	4.754455555555555	4.71713828125
73	4.733030555555556	4.74711015625
74	4.774801736111111	4.496678125
75	4.652583680555556	4.58733984375
76	4.6471003472222225	4.62469453125
77	4.6550190972222225	4.73438671875
78	4.57549375	4.45959375
79	4.626741666666667	4.65812109375
80	4.5546065972222225	4.6723234375
81	4.533551736111111	4.464832421875
82	4.474602430555556	4.59776875
83	4.530669444444444	4.56402421875
84	4.5184420138888886	4.494809375
85	4.453951736111111	4.3415078125
86	4.442701041666667	4.378600390625
87	4.378365625	4.24451171875
88	4.330025	4.275659375
89	4.301574652777778	4.34771875
90	4.315838194444445	4.309133203125
91	4.2410048611111115	4.234769921875
92	4.283202430555556	4.152156640625
93	4.226493402777778	4.239366796875
94	4.2421774305555555	4.21211484375
95	4.197386111111111	4.418583203125
96	4.208323958333334	4.179095703125
97	4.143121875	4.258228125
98	4.240960069444444	4.192705078125
99	4.145688194444444	4.08921796875
100	4.0991052083333335	4.14912109375
101	4.087731597222223	4.056745703125
102	4.1182791666666665	4.13655546875
103	4.136696875	4.112384765625
104	3.943792013888889	4.012365625
105	4.052378472222222	3.91406953125
106	3.9834975694444443	3.93030859375
107	3.932867708333333	4.05334140625
108	3.9239041666666665	4.0496484375
109	3.928573263888889	3.965444140625
110	3.8756864583333335	3.886687109375
111	3.9067329861111113	3.945835546875
112	3.8857083333333335	3.9873609375
113	3.858623611111111	3.979282421875
114	3.80111875	3.88058671875
115	3.800046527777778	3.928206640625
116	3.7311145833333335	3.78007578125
117	3.7961666666666667	3.7526609375
118	3.8142833333333335	3.829884765625
119	3.7336677083333334	3.739793359375
120	3.683764236111111	3.7381359375
121	3.71601875	3.7091125
122	3.6693600694444446	3.691611328125
123	3.640071875	3.70672890625
124	3.605126041666667	3.632131640625
125	3.603145486111111	3.59460078125
126	3.594751736111111	3.6267203125
127	3.5740857638888888	3.6397625
128	3.5901180555555556	3.81134921875
129	3.5761479166666668	3.67487734375
130	3.562875347222222	3.654219921875
131	3.503429166666667	3.67249609375
132	3.466723958333333	3.5971421875
133	3.437128472222222	3.46138359375
134	3.4244951388888887	3.52941171875
135	3.430573263888889	3.521869921875
136	3.387371527777778	3.424294140625
137	3.432982986111111	3.61114453125
138	3.390090625	3.46958046875
139	3.3825166666666666	3.41321171875
140	3.287978125	3.45771875
141	3.3509875	3.5304015625
142	3.3223024305555557	3.366221484375
143	3.2725052083333335	3.28862109375
144	3.2304222222222223	3.38439453125
145	3.2192784722222223	3.396030078125
146	3.2753493055555554	3.37261640625
147	3.2357548611111113	3.3812546875
148	3.176221527777778	3.44236796875
149	3.2154600694444446	3.3880546875
150	3.190575347222222	3.362221875
151	3.171577777777778	3.411042578125
152	3.1722385416666667	3.4047765625
153	3.131449652777778	3.2697908203125
154	3.1464145833333332	3.388595703125
155	3.074422222222222	3.249841015625
156	3.0631166666666667	3.292142578125
157	3.0564243055555558	3.1862875
158	2.987446875	3.219716796875
159	3.001304861111111	3.2087837890625
160	2.9425381944444444	3.195546875
161	2.9498274305555556	3.08360390625
162	2.8780272569444443	3.145567578125
163	2.881312673611111	3.0675154296875
164	2.8637092013888887	3.2332041015625
165	2.9244552083333333	3.03695
166	2.8187175347222224	3.07821953125
167	2.7939633680555556	2.951898046875
168	2.7980821180555555	3.082528125
169	2.761084201388889	3.037942578125
170	2.7360972222222224	3.048099609375
171	2.717675	2.985917578125
172	2.774517708333333	2.9092947265625
173	2.6957303819444443	2.9647123046875
174	2.6841428819444446	2.91829296875
175	2.6476348958333333	2.88488046875
176	2.5769550347222223	3.0359552734375
177	2.6373557291666665	2.966558984375
178	2.6355796875	2.9734095703125
179	2.533579340277778	2.8591232421875
180	2.489655902777778	2.79236640625
181	2.5530802083333333	2.884187109375
182	2.497025520833333	2.843015234375
183	2.4683604166666666	2.7497326171875
184	2.4661020833333334	2.695523828125
185	2.4325286458333335	2.783134375
186	2.4288854166666667	2.7870310546875
187	2.3822206597222224	2.704725390625
188	2.3658005208333335	2.693016796875
189	2.2849880208333335	2.58453203125
190	2.307410763888889	2.732871875
191	2.2906590277777776	2.6418404296875
192	2.2907151041666665	2.642919140625
193	2.2498817708333334	2.6671541015625
194	2.212352777777778	2.575246875
195	2.1981543402777777	2.6265125
196	2.133037847222222	2.512853515625
197	2.14213125	2.65506484375
198	2.1292651041666666	2.5804376953125
199	2.1456625	2.4958677734375
200	2.0491461805555558	2.5341359375
201	2.0215109375	2.5471466796875
202	2.0896366319444444	2.7116931640625
203	2.0699977430555556	2.6885080078125
204	2.0350727430555557	2.5989203125
205	1.9826788194444445	2.3638376953125
206	1.9571901041666666	2.3891974609375
207	1.8963692708333333	2.34103671875
208	1.8501756944444445	2.422281640625
209	1.9007682291666668	2.349184765625
210	1.8824097222222222	2.367784765625
211	1.8081684027777778	2.37468671875
212	1.7887571180555555	2.2940498046875
213	1.743665451388889	2.241327734375
214	1.7545762152777777	2.2612798828125
215	1.7666638888888888	2.331928125
216	1.7443633680555555	2.260319921875
217	1.6777637152777778	2.1967009765625
218	1.6807875	2.258020703125
219	1.6727430555555556	2.292655859375
220	1.5867890625	2.095708984375
221	1.5852934027777779	2.0633
222	1.5034829861111112	2.136405078125
223	1.4997875	2.229394140625
224	1.53809375	2.1731943359375
225	1.4690024305555556	2.0856986328125
226	1.4530440972222223	2.0761150390625
227	1.3870953125	2.062610546875
228	1.3355169270833334	2.0406873046875
229	1.3621472222222222	1.9816056640625
230	1.3314727430555555	1.9847255859375
231	1.3138427083333333	1.9530416015625
232	1.2531336805555555	1.9039267578125
233	1.260354513888889	1.89954453125
234	1.2678808159722221	1.81412578125
235	1.1640769965277777	1.871365625
236	1.1556802083333333	1.858651953125
237	1.1287144097222221	1.838327734375
238	1.0639883680555555	1.8625724609375
239	1.1045914930555556	1.907375390625
240	1.0341782986111112	2.0078021484375
241	1.0220026041666668	1.78769921875
242	0.9624408854166666	1.7915935546875
243	0.97660546875	1.7641615234375
244	1.0419829861111112	1.859008984375
245	1.0404365451388888	1.7223837890625
246	1.0379088541666666	1.7666
247	0.9340442708333333	1.7246431640625
248	0.8743158854166667	1.63461328125
249	0.8523388888888889	1.6318857421875
250	0.7862799479166667	1.58254453125
251	0.7342086805555555	1.572815625
252	0.8257555555555556	1.620195703125
253	0.7475177951388889	1.50671728515625
254	0.6774379774305556	1.657493359375
255	0.6446097222222222	1.4578126953125
256	0.6943948784722223	1.5084361328125
257	0.5583106336805556	1.5753927734375
258	0.5977810763888889	1.4973615234375
259	0.6525939236111111	1.5810931640625
260	0.5664201822916667	1.4695345703125
261	0.5472970486111111	1.4080056640625
262	0.5078157986111111	1.36373701171875
263	0.47214578993055556	1.36713125
264	0.49735638020833334	1.4147615234375
265	0.4717911458333333	1.38504599609375
266	0.4077868923611111	1.3876740234375
267	0.4332312065972222	1.2363916015625
268	0.31589772135416666	1.3391125
269	0.32540128038194444	1.2286541015625
270	0.3088462022569444	1.2761697265625
271	0.251646484375	1.33634384765625
272	0.25748838975694444	1.29004091796875
273	0.22916872829861112	1.2211595703125
274	0.32859698350694444	1.24349306640625
275	0.21409069010416668	1.201936328125
276	0.12910861545138888	1.10264404296875
277	0.10216875	1.25339892578125
278	0.08579415690104167	1.10158076171875
279	0.06393911675347222	1.0939291015625
280	0.06212906901041667	1.075939453125
281	0.09877051866319445	1.10395546875
282	-0.009627769639756945	1.01578056640625
283	-0.08459032118055555	0.97191591796875
284	-0.06633835720486111	1.02908408203125
285	-0.11030608723958334	1.10217470703125
286	-0.1420818142361111	0.997148046875
287	-0.1755696831597222	1.07130126953125
288	-0.05869742838541667	1.07728193359375
289	-0.1454397243923611	0.97184921875
290	-0.26410030381944444	0.8026685546875
291	-0.26106532118055553	0.91323974609375
292	0.06731041666666666	0.89610078125
293	0.0013659291585286458	1.1299263671875
294	-0.10965881076388889	0.908646484375
295	-0.3666868923611111	1.03503583984375
296	-0.17055725911458333	0.89488037109375
297	-0.375383984375	0.7701626953125
298	-0.4251104600694444	0.73475888671875
299	-0.44881558159722224	0.76079716796875
300	-0.5255348524305555	0.60935986328125
301	-0.5980201822916666	0.57610390625
302	-0.5660181423611111	0.619433447265625
303	-0.6053010850694445	0.6604431640625
304	-0.6552083333333333	0.5846615234375
305	-0.6554141493055555	0.73254912109375
306	-0.6802362413194445	0.545414208984375
307	-0.7359858506944444	0.405261767578125
308	-0.7972057291666667	0.419169921875
309	-0.8515822916666667	0.562797802734375
310	-0.5921067274305556	0.616706201171875
311	-0.7088170572916667	0.45975947265625
312	-0.7859614583333333	0.502807763671875
313	-0.9042261284722222	0.452588037109375
314	-0.9988928819444445	0.3801831787109375
315	-0.8035298611111111	0.4232630859375
316	-0.8469671875	0.6676779296875
317	-0.7298375868055555	0.548118408203125
318	-0.9335009548611111	0.2583072021484375
319	-1.085125	0.32765693359375
320	-1.116996875	0.284669091796875
321	-1.0516558159722222	0.31379990234375
322	-1.116272048611111	0.311135986328125
323	-0.9943422743055556	0.3164166259765625
324	-1.0571980034722221	0.17592705078125
325	-1.208234375	0.12488095703125
326	-1.2718917534722223	0.108016943359375
327	-1.1472482638888888	0.1962829345703125
328	-1.3058502604166666	0.11984342041015625
329	-1.1185839409722222	0.1350588623046875
330	-0.9640888020833334	0.90234296875
331	-0.6706060763888889	0.56538212890625
332	-0.9023243055555555	0.20152459716796875
333	-1.3693454861111112	0.1045554443359375
334	-1.4784706597222221	-0.03529257202148438
335	-1.4772873263888888	-0.057371044921875
336	-1.5564157986111111	-0.09382415771484375
337	-1.5918612847222222	0.1557007080078125
338	-1.0783997395833333	0.2890873779296875
339	-1.375248263888889	0.108778076171875
340	-1.5361322916666666	0.08883834838867187
341	-1.4735767361111112	-0.03999800415039063
342	-1.5806616319444444	-0.017209812927246094
343	-1.4591814236111111	-0.14905966796875
344	-1.6538034722222221	-0.17656434326171874
345	-1.5632993055555555	-0.1259633056640625
346	-1.6377524305555555	-0.05967720947265625
347	-1.5702486111111111	0.13941431884765626
348	-1.4290288194444445	-0.11894405517578124
349	-1.1739910590277778	0.268243994140625
350	-1.4285307291666667	-0.1884037353515625
351	-1.6726137152777778	-0.31780400390625
352	-1.8487409722222221	-0.3297339111328125
353	-1.8639961805555556	-0.3389803466796875
354	-1.8981388888888888	-0.3236674560546875
355	-1.9600996527777779	-0.3424786376953125
356	-2.040305034722222	-0.242796728515625
357	-1.7975050347222221	-0.411918115234375
358	-1.9523019097222223	-0.348006298828125
359	-2.0036510416666666	-0.531256005859375
360	-2.1300048611111113	-0.5093080078125
361	-2.166073263888889	-0.615906982421875
362	-2.1194868055555554	-0.506568310546875
363	-2.171901215277778	-0.565933642578125
364	-2.280442708333333	-0.6696587890625
365	-2.2956496527777777	-0.47563720703125
366	-2.2618508680555554	-0.462098681640625
367	-2.1813925347222223	-0.622396435546875
368	-2.2518467013888888	-0.43975390625
369	-2.137932986111111	-0.315498046875
370	-2.1923838541666667	-0.67346533203125
371	-2.3231760416666667	-0.71378046875
372	-2.4770600694444442	-0.64665341796875
373	-2.5157675347222224	-0.532240185546875
374	-2.1966604166666666	-0.427894140625
375	-2.3774390625	-0.501002099609375
376	-2.3137383680555557	-0.807076318359375
377	-2.5323859375	-0.766030908203125
378	-2.5946585069444446	-0.64367861328125
379	-2.385247222222222	-0.725427783203125
380	-2.6175041666666665	-0.90349208984375
381	-2.7231715277777777	-0.92150625
382	-2.556429513888889	-0.760040087890625
383	-2.6659555555555556	-0.927562890625
384	-2.526015798611111	-0.63642978515625
385	-2.3400583333333334	-0.507138037109375
386	-2.548586111111111	-0.85328583984375
387	-2.378420138888889	-0.83525283203125
388	-2.750427777777778	-0.9157962890625
389	-2.9112604166666665	-0.8523548828125
390	-2.701240277777778	-0.868706640625
391	-2.8783932291666665	-1.0196416015625
392	-2.871913541666667	-0.99760302734375
393	-2.7765942708333333	-0.71226396484375
394	-2.807802777777778	-1.06741767578125
395	-2.967262152777778	-1.08199521484375
396	-2.8041305555555556	-0.774024755859375
397	-2.6630708333333333	-0.9547560546875
398	-3.067670833333333	-1.1987361328125
399	-3.0944618055555555	-1.11562421875
400	-3.075051736111111	-1.2227421875
401	-3.0147222222222223	-0.72997587890625
402	-2.7493145833333332	-0.9671265625
403	-2.923715625	-1.07487890625
404	-3.076979513888889	-1.118523828125
405	-3.1590350694444442	-1.3835794921875
406	-3.266770138888889	-1.20920205078125
407	-0.7171082899305555	0.441184423828125
408	-2.0172538194444445	-0.91764150390625
409	-2.6620428819444446	-1.06839892578125
410	-2.9550753472222224	-1.2175951171875
411	-3.3105118055555556	-1.2437275390625
412	-3.2938649305555554	-1.36157265625
413	-3.444154861111111	-1.2457416015625
414	-3.2736038194444443	-1.3806658203125
415	-3.425426041666667	-1.5637087890625
416	-3.5288104166666665	-1.483994140625
417	-3.603910763888889	-1.51995263671875
418	-3.4105364583333335	-1.3951197265625
419	-3.414254513888889	-1.3431
420	-3.5939347222222224	-1.6618791015625
421	-3.5042340277777777	-1.42817392578125
422	-3.6725194444444442	-1.6688904296875
423	-3.3370052083333333	-1.05043681640625
424	-3.2537576388888887	-1.4524859375
425	-3.6450625	-1.611157421875
426	-3.682704861111111	-1.60689482421875
427	-3.793503472222222	-1.7275939453125
428	-3.936507986111111	-1.8326732421875
429	-4.04038125	-1.7871060546875
430	-3.9387100694444444	-1.790368359375
431	-4.028671875	-1.8557412109375
432	-3.8659829861111112	-1.4877955078125
433	-3.81839375	-1.6932365234375
434	-4.084473611111111	-1.966606640625
435	-4.170131944444444	-1.9978564453125
436	-4.124660069444444	-1.836206640625
437	-4.025882291666667	-1.85303515625
438	-4.167284375	-1.96118203125
439	-4.227547222222222	-1.928370703125
440	-4.263956597222222	-2.138487890625
441	-3.9937833333333335	-1.7242578125
442	-3.84234375	-1.7557443359375
443	-4.080764583333333	-1.829766796875
444	-4.116573263888889	-1.77769921875
445	-4.297010069444444	-2.154733984375
446	-3.9842625	-1.8252388671875
447	-4.151395138888889	-2.112025
448	-4.095967708333333	-1.6926546875
449	-4.053885069444444	-2.0950888671875
450	-4.093802430555556	-1.9166869140625
451	-4.162678125	-2.046611328125
452	-4.248971527777778	-2.1518607421875
453	-4.492344444444444	-2.2429845703125
454	-4.4513975694444445	-2.1938181640625
455	-4.472984375	-2.334340234375
456	-4.4306496527777774	-2.0269177734375
457	-4.399172222222222	-2.05485703125
458	-4.293096180555556	-2.348603125
459	-4.569175694444445	-1.706448046875
460	-4.172738194444444	-2.1452060546875
461	-4.635853472222222	-2.07033828125
462	-4.318525694444444	-2.299225
463	-4.605606597222223	-2.32467109375
464	-4.585503472222222	-2.2827287109375
465	-4.728138194444444	-2.535690234375
466	-4.891217013888889	-2.58681796875
467	-4.875701736111111	-2.526198046875
468	-5.000199652777778	-2.653779296875
469	-4.725973611111111	-2.4588171875
470	-4.925329513888889	-2.582408203125
471	-4.968634027777778	-2.45747265625
472	-5.023289583333334	-2.782308984375
473	-4.909826041666666	-2.3002921875
474	-4.820396527777778	-2.48568359375
475	-5.028230555555556	-2.70784921875
476	-5.071656944444444	-2.823154296875
477	-5.1883663194444445	-2.661362109375
478	-5.266513541666667	-2.867510546875
479	-4.826034722222222	-2.4534185546875
480	-5.0319392361111115	-2.6429091796875
481	-5.217257986111111	-2.6717587890625
482	-4.730196180555556	-2.632280859375
483	-4.985270833333334	-2.78826171875
484	-5.228939583333333	-2.7204455078125
485	-5.21243125	-2.9153037109375
486	-5.169498611111111	-2.804013671875
487	-5.3465059027777775	-3.0059720703125
488	-5.198307638888889	-2.613456640625
489	-5.105128125	-2.8467626953125
490	-5.344999305555556	-2.8654830078125
491	-5.407521875	-3.005365625
492	-5.554540625	-2.846727734375
493	-5.4421864583333335	-2.99526953125
494	-5.587120486111111	-3.02318125
495	-5.574605902777778	-2.760680078125
496	-5.460419097222222	-3.213034765625
497	-5.6795149305555555	-3.12848359375
498	-5.584568402777778	-3.187603125
499	-5.4659739583333335	-2.6688
500	-5.402434375	-3.0867125
501	-5.709163194444445	-3.1296716796875
502	-5.71145625	-3.270921875
503	-5.731045138888889	-3.136887890625
504	-5.716598958333333	-3.049032421875
505	-5.468423958333333	-3.117066015625
506	-5.7206802083333335	-2.973178515625
507	-4.533878125	-1.9183134765625
508	-4.906509027777778	-2.7682689453125
509	-5.458257986111111	-3.1072341796875
510	-5.842646527777778	-3.31502578125
511	-5.96199375	-3.44005546875
512	-6.038814583333333	-3.561415625
513	-6.106630555555555	-3.47516640625
514	-5.543682986111111	-3.1515455078125
515	-5.9188125	-3.438980078125
516	-5.143343402777778	-1.58466015625
517	-4.578223958333333	-2.593703515625
518	-5.404430208333333	-3.0115046875
519	-5.677995833333333	-3.070439453125
520	-5.8470555555555555	-3.408974609375
521	-5.9099159722222225	-3.1483140625
522	-5.888634722222222	-3.406166015625
523	-6.105441666666667	-3.58962734375
524	-6.161540277777778	-3.3735078125
525	-6.135761805555555	-3.4554359375
526	-6.2116395833333335	-3.40426640625
527	-6.2267125	-3.582998828125
528	-6.1549125	-3.399858203125
529	-6.151754861111111	-3.5953203125
530	-6.270721527777778	-3.573844921875
531	-6.357552777777777	-3.59802109375
532	-6.328722916666667	-3.5427734375
533	-6.395859027777778	-3.67856953125
534	-6.534123611111111	-3.588329296875
535	-6.403218055555556	-3.65884375
536	-6.457056944444444	-3.528208203125
537	-6.520275	-3.6177921875
538	-6.48206875	-3.431559375
539	-6.374649305555556	-3.723094921875
540	-6.562411805555556	-3.84337890625
541	-6.632900694444444	-3.80051015625
542	-6.579172916666667	-3.70299140625
543	-6.467671527777778	-3.826298046875
544	-6.652968055555555	-3.887220703125
545	-6.611045138888889	-3.762678125
546	-6.638364583333333	-3.770627734375
547	-6.7480166666666666	-3.92806015625
548	-6.8424402777777775	-3.83218125
549	-6.730890972222222	-4.027982421875
550	-6.846246527777778	-3.878687890625
551	-6.807025	-3.97825234375
552	-6.779229861111111	-3.875501953125
553	-6.749415277777778	-3.948190625
554	-6.824703472222223	-3.99829765625
555	-6.890682638888889	-4.086548046875
556	-6.893801388888889	-3.954585546875
557	-6.845684027777778	-4.028405078125
558	-7.037760416666667	-4.116232421875
559	-6.9929	-4.177476171875
560	-6.855409722222222	-3.5925484375
561	-6.415036111111111	-3.719802734375
562	-6.835582638888889	-4.0736203125
563	-7.015241666666666	-3.96990546875
564	-7.04155625	-4.04871953125
565	-7.135825694444445	-4.147174609375
566	-6.990547916666666	-3.96836796875
567	-6.45108125	-3.7834359375
568	-6.642325	-3.9036828125
569	-6.716992361111111	-4.024953125
570	-6.938163194444445	-4.06956171875
571	-6.995795833333333	-4.3232953125
572	-7.078596527777778	-4.21968984375
573	-7.245370138888889	-4.47363125
574	-7.2721381944444445	-4.40036953125
575	-7.287117361111111	-4.348115625
576	-7.087829166666666	-4.28062109375
577	-7.264943055555555	-4.456995703125
578	-7.353200694444444	-4.426531640625
579	-7.366007638888889	-4.39942421875
580	-7.364370138888889	-4.48864609375
581	-7.230958333333334	-4.323635546875
582	-7.33964375	-4.52486953125
583	-7.553303472222222	-4.46601796875
584	-7.4589375	-4.551021875
585	-7.61591875	-4.619948046875
586	-7.4656923611111115	-4.285840234375
587	-7.39414375	-4.561191015625
588	-7.447813194444445	-4.3619171875
589	-7.386297222222222	-4.5226890625
590	-7.685670138888889	-4.670223046875
591	-7.030366666666667	-4.168883203125
592	-7.413403472222222	-4.68028671875
593	-7.743482638888889	-4.695406640625
594	-7.787734722222222	-4.7934421875
595	-7.821015277777778	-4.640380859375
596	-7.436286111111111	-4.22333359375
597	-7.529657638888889	-4.71603203125
598	-7.6681229166666665	-4.65939296875
599	-7.813726388888889	-4.8373265625
600	-7.959636805555555	-4.854803125
601	-8.0408125	-4.955074609375
602	-7.9796625	-4.9404984375
603	-7.7212958333333335	-3.4178359375
604	-6.724663194444444	-4.39948984375
605	-7.488575694444444	-4.702004296875
606	-7.796103472222223	-4.77480859375
607	-7.861651388888889	-4.952840625
608	-7.8833118055555556	-4.580815625
609	-7.376189583333334	-4.385026171875
610	-7.51675625	-4.744056640625
611	-7.695040277777778	-4.72839453125
612	-7.749723611111111	-4.697071875
613	-7.857490277777778	-4.9856453125
614	-8.073786111111112	-4.9888078125
615	-8.13166388888889	-4.9847171875
616	-8.16465	-5.08218046875
617	-8.265640972222222	-5.1215875
618	-8.3577625	-5.086146875
619	-8.346443055555556	-5.163348828125
620	-8.288455555555556	-5.14308515625
621	-8.298509722222223	-5.216165625
622	-8.429145833333333	-5.26969375
623	-8.497794444444445	-5.066194140625
624	-8.430177083333334	-5.3183359375
625	-8.43418125	-5.193636328125
626	-8.3857375	-5.16376171875
627	-8.316990277777778	-5.131546484375
628	-8.336870833333334	-5.1117203125
629	-8.510622916666666	-5.43451328125
630	-8.37199375	-5.4483
631	-8.367254166666667	-5.18801953125
632	-8.482966666666666	-5.20171015625
633	-8.505245138888888	-5.404444140625
634	-8.23300625	-4.9601984375
635	-8.195970138888889	-5.0767828125
636	-8.43206111111111	-5.296557421875
637	-8.405765972222222	-5.2925265625
638	-8.522941666666666	-5.22078515625
639	-8.090254166666666	-4.9409578125
640	-8.3384125	-5.288425390625
641	-8.704397222222223	-5.583762109375
642	-8.655932638888888	-5.485396484375
643	-8.568969444444445	-5.35649765625
644	-8.673970138888889	-5.382271875
645	-8.586870833333334	-4.7912046875
646	-8.265908333333334	-5.16668203125
647	-8.574319444444445	-5.5563609375
648	-8.771829861111112	-5.554794921875
649	-8.870693055555556	-5.52319609375
650	-8.791643055555555	-5.589655859375
651	-8.806352083333334	-5.628078125
652	-9.000265972222222	-5.6224140625
653	-8.897261111111112	-5.63726171875
654	-8.934564583333334	-5.612780078125
655	-8.911990277777777	-5.560068359375
656	-8.76738125	-5.039728515625
657	-8.566901388888889	-5.490505859375
658	-7.996386805555556	-4.729615625
659	-8.295616666666668	-5.54205234375
660	-8.788749305555555	-5.62469921875
661	-8.741904861111111	-5.5025234375
662	-8.778613194444445	-5.65890078125
663	-9.035860416666667	-5.77608984375
664	-9.068875694444445	-5.82176875
665	-8.326109027777777	-4.921319140625
666	-8.525055555555555	-5.56509296875
667	-8.913536111111112	-5.3523515625
668	-8.598426388888889	-5.562027734375
669	-8.923094444444445	-5.571372265625
670	-8.920486805555555	-5.61366015625
671	-8.921416666666667	-5.7018875
672	-8.985984027777778	-5.733717578125
673	-8.74574236111111	-5.4179328125
674	-8.683744444444445	-5.360071875
675	-8.750316666666667	-5.296084375
676	-8.867765277777778	-5.5531375
677	-8.891886111111111	-5.61243359375
678	-8.979667361111112	-5.639700390625
679	-9.125157638888888	-5.772546875
680	-9.21974513888889	-5.682462890625
681	-9.176284027777777	-5.712610546875
682	-9.237204861111111	-5.990834375
683	-9.345516666666667	-5.942800390625
684	-9.244399305555556	-5.737891015625
685	-9.05045625	-5.66011875
686	-9.091261805555556	-5.608815234375
687	-8.691224305555556	-4.97906171875
688	-8.569620833333333	-5.597428125
689	-9.01195625	-5.69466015625
690	-8.90686875	-5.51800078125
691	-9.082302777777779	-5.82425546875
692	-9.084173611111112	-5.3086359375
693	-9.0066875	-5.885892578125
694	-9.43819375	-6.002573046875
695	-9.450420138888889	-5.965883984375
696	-9.554482638888889	-5.9885234375
697	-9.517003472222223	-6.00549453125
698	-9.494455555555556	-5.97634921875
699	-9.379786805555556	-5.914726953125
700	-9.141245833333333	-5.7917078125
701	-9.400827777777778	-6.12481640625
702	-9.668561111111112	-6.12590703125
703	-9.69905625	-6.103560546875
704	-9.717368055555555	-6.29848984375
705	-9.621274305555556	-6.27404375
706	-9.397052777777779	-6.0733046875
707	-9.595436805555556	-6.051925390625
708	-9.708665972222223	-6.1442125
709	-9.562990277777779	-6.2501703125
710	-9.697702777777778	-6.483924609375
711	-9.82933888888889	-6.41052265625
712	-9.849347916666666	-6.25469296875
713	-9.84585486111111	-6.408221875
714	-9.90358125	-6.537008984375
715	-9.884594444444444	-6.40646875
716	-9.856154166666666	-6.56571796875
717	-9.968432638888888	-6.5429890625
718	-10.076371527777777	-6.66637734375
719	-9.91435625	-6.60626015625
720	-9.968298611111111	-6.6754546875
721	-9.945553472222223	-6.4551890625
722	-9.763934722222222	-6.3791203125
723	-9.17449375	-6.23026484375
724	-8.644716666666667	-5.07553203125
725	-8.965780555555556	-6.17038359375
726	-9.57669375	-6.42783671875
727	-9.96855486111111	-6.5726640625
728	-9.970531944444444	-6.50793359375
729	-9.917556944444444	-6.477249609375
730	-9.842695833333334	-6.626571875
731	-10.042531944444445	-6.66363046875
732	-10.097407638888889	-6.6441015625
733	-10.1290875	-6.72110078125
734	-10.126403472222222	-6.6989890625
735	-10.124920833333332	-6.5633328125
736	-10.08720625	-6.28701171875
737	-9.949259027777778	-6.6682671875
738	-10.142808333333333	-6.524661328125
739	-10.147577777777778	-6.7153359375
740	-10.11281875	-6.560534375
741	-10.1821375	-6.706578125
742	-10.312306944444444	-6.7691703125
743	-10.327840277777778	-6.646146875
744	-10.115909722222222	-6.74076875
745	-10.2631	-6.72613359375
746	-10.225322916666666	-6.73440703125
747	-10.176798611111112	-6.30140859375
748	-9.912097916666667	-6.67546171875
749	-9.259613194444444	-5.23853359375
750	-9.216788194444444	-6.33134375
751	-9.803581944444444	-6.54326484375
752	-10.087356944444444	-6.547458984375
753	-8.726400694444445	-5.071490625
754	-8.342620138888888	-4.8817375
755	-8.595488194444444	-5.78375
756	-9.62395486111111	-6.37915078125
757	-10.080933333333334	-6.6112734375
758	-9.976603472222223	-6.4094515625
759	-9.930433333333333	-6.482250390625
760	-10.2194	-6.659990625
761	-10.371849305555555	-6.6888484375
762	-10.413688194444445	-6.7771578125
763	-10.527902777777777	-6.848659375
764	-9.981179166666667	-6.6044265625
765	-10.403929166666666	-6.9448875
766	-10.46153125	-6.8836453125
767	-10.579804166666667	-7.04160859375
768	-10.577620833333333	-6.8689109375
769	-10.694759027777778	-6.96492734375
770	-10.610363194444444	-6.881965625
771	-10.580204166666666	-6.852003125
772	-10.477483333333334	-6.96189453125
773	-10.635761805555555	-6.95843046875
774	-10.759525694444445	-7.05631796875
775	-10.719770833333333	-7.227034375
776	-10.777820833333333	-7.044815625
777	-10.588050694444444	-6.9490296875
778	-10.556652083333333	-7.0128765625
779	-10.805397222222222	-6.98283046875
780	-10.756659722222222	-6.98447578125
781	-10.795899305555556	-6.991540625
782	-10.746101388888889	-7.33464140625
783	-10.79959375	-7.26489453125
784	-10.855123611111111	-7.1455390625
785	-10.783161111111111	-7.041828125
786	-10.820111805555555	-7.276328125
787	-10.83703263888889	-7.30238828125
788	-10.904591666666667	-7.2099796875
789	-10.906992361111111	-7.22894765625
790	-10.829720833333333	-7.38106484375
791	-11.039799305555556	-7.24939453125
792	-10.856527777777778	-7.250503125
793	-10.97382013888889	-7.29562265625
794	-10.7263	-7.153740625
795	-10.894144444444445	-7.2357921875
796	-10.840477083333333	-7.4008046875
797	-10.96941875	-7.32373828125
798	-11.00923125	-7.36460078125
799	-11.012669444444445	-7.2941671875
800	-11.065439583333333	-7.44256953125
801	-11.182908333333334	-7.4471515625
802	-11.057814583333334	-7.44479453125
803	-11.001863194444445	-7.27162109375
804	-10.980108333333334	-7.54291875
805	-11.070304861111111	-7.16700625
806	-10.970166666666668	-7.1645859375
807	-11.032489583333334	-7.4262875
808	-11.18773888888889	-7.44618671875
809	-11.150641666666667	-7.4524734375
810	-10.945627777777778	-6.984384375
811	-10.788079861111111	-7.28351328125
812	-10.854177083333333	-7.04614453125
813	-10.752022916666666	-7.20065
814	-10.750374305555555	-7.1611671875
815	-11.0039125	-7.2834421875
816	-10.987625	-7.14916796875
817	-10.778994444444445	-7.20279921875
818	-10.732656944444445	-7.26285625
819	-10.764340972222222	-7.06413203125
820	-11.004828472222222	-7.3742609375
821	-11.130959722222222	-7.3260140625
822	-11.132070138888889	-7.08703515625
823	-10.61491875	-7.325309375
824	-11.168127083333333	-7.70370859375
825	-11.263940972222223	-7.54394453125
826	-11.280081944444444	-7.71366796875
827	-11.424509027777777	-7.712175
828	-11.443100694444444	-7.71566328125
829	-11.446796527777778	-7.9111203125
830	-11.330586805555555	-7.50305234375
831	-11.256120833333334	-7.55965625
832	-11.314952083333333	-7.5718046875
833	-11.390957638888889	-7.648371875
834	-11.303952777777777	-7.2411046875
835	-10.928257638888889	-7.50546796875
836	-11.150227083333334	-7.46333671875
837	-11.090500694444444	-7.37857421875
838	-11.383830555555555	-7.7006703125
839	-11.034927777777778	-7.0811890625
840	-11.159788194444445	-7.7128890625
841	-11.531325694444444	-7.844275
842	-11.539055555555555	-7.6938328125
843	-11.416613194444444	-7.7338375
844	-11.525626388888888	-7.769634375
845	-11.649157638888889	-8.0479265625
846	-11.427684722222223	-7.56649765625
847	-11.601045833333334	-7.7810171875
848	-11.701745833333334	-7.84692265625
849	-11.629669444444444	-8.079815625
850	-11.721368055555555	-7.7040375
851	-11.657420833333333	-7.60439765625
852	-11.499621527777778	-7.67665
853	-11.6816	-8.0199203125
854	-11.767315277777778	-7.79824140625
855	-11.67725	-7.79221484375
856	-11.834144444444444	-8.1091546875
857	-10.973219444444444	-6.81066328125
858	-10.847552777777778	-7.69728203125
859	-11.016595138888889	-7.5182625
860	-11.395480555555556	-7.6689140625
861	-11.54892986111111	-7.73785625
862	-11.634880555555556	-7.9709640625
863	-11.845516666666667	-7.9831875
864	-11.903395833333333	-8.08718671875
865	-11.815795833333333	-8.1046125
866	-11.880605555555556	-8.1743546875
867	-11.453247916666667	-7.906775
868	-11.69122638888889	-7.90227421875
869	-11.670965277777778	-8.20670625
870	-11.8374	-7.9031546875
871	-11.937683333333334	-8.18163828125
872	-11.936686111111111	-8.1829921875
873	-11.957626388888889	-8.0074015625
874	-12.048983333333334	-8.266975
875	-12.076351388888888	-8.34694375
876	-12.179477777777779	-8.34149765625
877	-12.0083125	-8.21789375
878	-12.101608333333333	-8.3035
879	-12.095631944444444	-8.3929515625
880	-12.10780138888889	-8.32853203125
881	-12.122913888888888	-8.35345
882	-11.50159375	-7.27449375
883	-11.01313125	-8.02794296875
884	-11.8513375	-8.15439375
885	-12.074783333333333	-8.39167890625
886	-12.19597361111111	-8.25402734375
887	-12.027606944444445	-8.245328125
888	-12.101479166666667	-8.358940625
889	-12.142359722222222	-8.4063984375
890	-12.173284722222222	-8.46820625
891	-12.227268055555555	-8.389978125
892	-12.281197222222222	-8.3173
893	-12.117051388888889	-8.31161953125
894	-12.200398611111112	-8.45873828125
895	-12.238830555555555	-8.68457578125
896	-12.171188888888889	-8.44462890625
897	-12.180397222222222	-8.48187109375
898	-12.091161111111111	-8.32600078125
899	-12.180077777777777	-8.38289921875
900	-12.154205555555556	-8.34394609375
901	-11.987373611111112	-8.3391125
902	-12.101247222222222	-8.10697421875
903	-12.014747222222223	-8.14095390625
904	-11.987226388888889	-7.94584296875
905	-11.865813888888889	-7.77962578125
906	-11.740927777777777	-8.20703671875
907	-12.028186111111111	-8.3394265625
908	-12.297402777777778	-8.5049640625
909	-12.458163888888889	-8.40283984375
910	-12.279948611111111	-8.26015859375
911	-12.4536875	-8.34294609375
912	-11.966613888888888	-8.15503828125
913	-11.755604166666666	-6.416665625
914	-11.08003125	-7.97215625
915	-12.10945	-8.31308359375
916	-11.678563888888888	-7.907921875
917	-11.937677777777777	-8.24772578125
918	-12.063127777777778	-7.84545
919	-11.961036111111111	-8.081746875
920	-12.016665277777777	-8.0998078125
921	-12.034736111111112	-8.1507765625
922	-12.186734722222223	-8.50271328125
923	-12.412336111111111	-8.373984375
924	-12.274504166666667	-8.206978125
925	-11.690620833333334	-8.02835
926	-11.489575	-7.9876796875
927	-12.0001	-8.2838390625
928	-12.1115875	-7.879075
929	-10.813177083333333	-7.20420625
930	-11.216060416666666	-8.1628765625
931	-12.279369444444445	-8.61515703125
932	-12.532679166666666	-8.7009890625
933	-12.052108333333333	-8.3768671875
934	-11.887463888888888	-8.27654609375
935	-12.311391666666667	-8.727775
936	-12.492895833333334	-8.1052828125
937	-12.321459722222222	-8.72116875
938	-12.108195833333333	-8.2953921875
939	-12.270266666666666	-8.34655
940	-12.332719444444445	-8.6868078125
941	-12.377109722222222	-8.27894453125
942	-12.423493055555555	-8.717709375
943	-12.747491666666667	-8.51746484375
944	-12.728020833333334	-8.70938125
945	-12.644588888888888	-8.794253125
946	-12.864102777777777	-8.96671875
947	-12.761115277777778	-8.91957578125
948	-12.680433333333333	-8.77596328125
949	-12.780965277777778	-8.85218359375
950	-12.918541666666666	-8.9402578125
951	-12.9517375	-8.86693984375
952	-12.926947222222223	-8.86655
953	-12.942340277777777	-8.7838140625
954	-12.871243055555556	-8.900303125
955	-12.871045833333334	-8.94407734375
956	-12.630061111111111	-8.7920390625
957	-12.892725	-9.022690625
958	-13.062302777777777	-9.069709375
959	-12.945631944444445	-9.11816171875
960	-12.962140277777777	-8.994690625
961	-12.93576388888889	-9.058115625
962	-13.045995833333333	-8.773909375
963	-13.034948611111112	-9.1791515625
964	-13.128218055555555	-9.164775
965	-12.8932	-8.68047109375
966	-12.76868611111111	-8.993503125
967	-13.1667375	-9.01910625
968	-13.116794444444444	-9.05016484375
969	-13.110779166666667	-9.0705609375
970	-13.008484722222223	-9.1314890625
971	-13.115597222222222	-9.140765625
972	-13.128716666666667	-9.00372578125
973	-13.099490277777777	-9.06724765625
974	-13.059720833333333	-8.9177578125
975	-12.608023611111111	-8.7148203125
976	-12.870176388888888	-9.16074453125
977	-13.268334722222223	-9.1873875
978	-13.33499861111111	-9.19549375
979	-13.290995833333334	-9.27008671875
980	-12.638473611111111	-8.55633828125
981	-12.744016666666667	-9.19957109375
982	-13.211802777777777	-9.34764609375
983	-13.208733333333333	-9.0969796875
984	-13.178290277777778	-9.20332890625
985	-13.186476388888888	-9.24233125
986	-13.310661111111111	-9.17694921875
987	-13.276026388888889	-9.37202265625
988	-13.391809722222222	-9.24815234375
989	-13.400848611111112	-9.4101390625
990	-13.376179166666667	-9.50561484375
991	-13.406169444444444	-9.33879375
992	-13.449736111111111	-9.39174765625
993	-13.535770833333334	-9.2089140625
994	-13.28026388888889	-9.3206828125
995	-13.384048611111112	-9.18100625
996	-13.45583888888889	-9.33933828125
997	-13.370309722222222	-9.3162515625
998	-13.448636111111112	-9.40986875
999	-13.521433333333333	-9.30524609375
1000	-13.3271625	-9.2932296875
1001	-13.48291388888889	-9.3140171875
1002	-13.372226388888889	-8.96111875
1003	-13.255647222222223	-9.335509375
1004	-13.510965277777778	-9.525175
1005	-13.577226388888889	-9.3275859375
1006	-13.474106944444445	-9.4666703125
1007	-13.515681944444445	-9.441771875
1008	-13.524441666666666	-9.563615625
1009	-13.646915277777778	-9.55996328125
1010	-13.557751388888889	-9.3678640625
1011	-13.58425	-9.29111171875
1012	-13.583055555555555	-9.2125328125
1013	-13.617673611111112	-9.0873609375
1014	-12.84143888888889	-9.18240390625
1015	-13.336130555555556	-9.24568671875
1016	-13.426881944444444	-9.46347109375
1017	-13.566525	-9.5434453125
1018	-13.635784722222223	-9.5366296875
1019	-13.767997222222222	-9.6915171875
1020	-13.523323611111111	-9.2185890625
1021	-13.503918055555555	-9.3349625
1022	-13.529677777777778	-9.40768125
1023	-13.684922222222223	-9.39841171875
1024	-13.638818055555555	-9.68539921875
1025	-13.682255555555555	-9.40264609375
1026	-13.60875	-9.29919375
1027	-13.678581944444444	-9.38472890625
1028	-13.697325	-9.570740625
1029	-13.554068055555556	-9.325984375
1030	-13.004033333333334	-8.96396796875
1031	-13.23175	-9.37499765625
1032	-13.367870833333333	-9.407346875
1033	-13.348055555555556	-9.2646890625
1034	-13.550919444444444	-9.3576015625
1035	-13.663633333333333	-9.4239515625
1036	-13.681906944444444	-9.47772578125
1037	-13.803616666666667	-9.7100828125
1038	-13.750727777777778	-9.57761640625
1039	-13.864041666666667	-9.7902640625
1040	-13.740141666666666	-9.59854296875
1041	-13.19191111111111	-9.4486640625
1042	-13.432823611111111	-9.3339734375
1043	-13.473659722222223	-9.682703125
1044	-13.696258333333333	-9.5810796875
1045	-13.773266666666666	-9.80605625
1046	-13.826193055555555	-9.6101859375
1047	-13.853202777777778	-9.69659609375
1048	-13.906356944444445	-9.892753125
1049	-13.9803	-9.88901953125
1050	-13.858369444444444	-9.605803125
1051	-13.881147222222221	-9.825940625
1052	-13.866431944444445	-9.78934453125
1053	-13.928258333333334	-9.8896421875
1054	-14.11978888888889	-9.9558734375
1055	-14.092722222222223	-10.00918515625
1056	-13.714440277777777	-9.682503125
1057	-13.735222222222223	-9.4609953125
1058	-13.630136111111112	-9.52607109375
1059	-13.886986111111112	-9.78334609375
1060	-13.980038888888888	-9.6961640625
1061	-14.079881944444445	-9.79609375
1062	-13.8938375	-9.58453046875
1063	-13.477263888888888	-9.466821875
1064	-13.744681944444444	-9.74405859375
1065	-14.06703888888889	-9.72842265625
1066	-13.694320833333334	-9.72661953125
1067	-13.840266666666666	-9.7595234375
1068	-13.822490277777778	-9.86485625
1069	-14.052220833333333	-9.891353125
1070	-14.135152777777778	-9.7249703125
1071	-13.460672222222222	-9.457140625
1072	-13.786522222222223	-9.81251640625
1073	-14.040755555555556	-10.0825921875
1074	-14.166426388888889	-10.0103140625
1075	-14.119276388888888	-9.93494765625
1076	-14.014334722222221	-10.045559375
1077	-14.221411111111111	-9.9881703125
1078	-14.125388888888889	-9.622484375
1079	-13.931091666666667	-9.96763203125
1080	-14.060540277777777	-9.79597265625
1081	-13.971868055555555	-9.78361875
1082	-14.118929166666666	-10.055090625
1083	-14.007216666666666	-10.0658015625
1084	-14.060151388888888	-9.89127578125
1085	-14.123551388888888	-9.9498
1086	-14.200733333333334	-9.9384578125
1087	-14.298476388888888	-10.3287171875
1088	-14.370486111111111	-9.9558984375
1089	-14.034965277777777	-9.987978125
1090	-14.292355555555556	-10.3514125
1091	-14.459105555555556	-10.3850140625
1092	-14.195738888888888	-10.206084375
1093	-14.435509722222223	-10.304275
1094	-11.675945833333333	-8.32972421875
1095	-13.032640277777778	-9.7743265625
1096	-13.731880555555556	-9.79951875
1097	-14.224979166666667	-10.16274765625
1098	-14.334433333333333	-10.2611953125
1099	-14.313843055555555	-9.63256796875
1100	-13.956706944444445	-10.12463984375
1101	-14.2712125	-9.80820546875
1102	-14.303909722222222	-10.116040625
1103	-14.131559722222223	-9.940709375
1104	-14.184215277777778	-9.9307046875
1105	-14.388779166666666	-10.0074828125
1106	-14.165925	-9.7810265625
1107	-14.114056944444444	-9.85181875
1108	-14.357558333333333	-9.8535046875
1109	-14.50853888888889	-10.10884765625
1110	-14.503804166666667	-9.82214765625
1111	-14.157380555555555	-9.6465765625
1112	-14.521608333333333	-10.1711703125
1113	-14.727220833333334	-10.2964875
1114	-14.405861111111111	-9.67603984375
1115	-14.192958333333333	-9.944865625
1116	-14.188533333333334	-9.99287265625
1117	-14.402318055555556	-9.9430234375
1118	-14.152895833333334	-9.6465125
1119	-13.85574861111111	-9.75626015625
1120	-13.998502777777778	-10.23811171875
1121	-14.204966666666667	-10.18800078125
1122	-14.250644444444445	-9.66706484375
1123	-13.991769444444444	-10.2096171875
1124	-14.285531944444445	-10.16108046875
1125	-14.014156944444444	-10.2208609375
1126	-14.553947222222222	-10.480559375
1127	-14.57302638888889	-10.36065703125
1128	-14.426643055555555	-9.4373875
1129	-13.856638888888888	-10.0653015625
1130	-14.213056944444444	-10.293684375
1131	-14.33746111111111	-10.1068484375
1132	-14.292293055555556	-10.564103125
1133	-14.563897222222222	-10.46681328125
1134	-14.595393055555556	-10.52206484375
1135	-14.563330555555556	-10.2131765625
1136	-14.338288888888888	-10.462434375
1137	-14.417580555555556	-10.48135625
1138	-14.614833333333333	-10.57955703125
1139	-14.654440277777777	-10.5929765625
1140	-14.863740277777778	-10.6049171875
1141	-14.6653125	-10.2486609375
1142	-14.569105555555556	-10.4790390625
1143	-14.763269444444445	-10.80877109375
1144	-14.956952777777778	-10.85776875
1145	-14.975455555555556	-10.804628125
1146	-14.846870833333334	-10.7944828125
1147	-14.675123611111111	-10.5435546875
1148	-14.639077777777779	-10.5979640625
1149	-14.530454166666667	-10.478265625
1150	-14.707305555555555	-10.68081484375
1151	-14.855509722222223	-10.80780703125
1152	-14.637679166666667	-10.611303125
1153	-14.575790277777777	-10.5768359375
1154	-14.581261111111111	-10.5901984375
1155	-14.444469444444444	-10.55955546875
1156	-14.742081944444445	-10.6827828125
1157	-14.883091666666667	-10.86253515625
1158	-15.022636111111112	-10.8525421875
1159	-15.052470833333333	-11.09915390625
1160	-15.067206944444445	-10.84018671875
1161	-15.090172222222222	-10.936253125
1162	-14.892513888888889	-10.43846875
1163	-14.899609722222221	-11.0194359375
1164	-14.691938888888888	-10.33018125
1165	-14.73231388888889	-10.853653125
1166	-15.205913888888889	-10.63497265625
1167	-15.141831944444444	-10.951553125
1168	-15.065226388888888	-10.8980390625
1169	-14.772454166666666	-10.41135
1170	-14.875168055555555	-10.93494140625
1171	-15.183702777777778	-10.95232890625
1172	-15.285851388888888	-10.867659375
1173	-14.37479861111111	-10.41097890625
1174	-13.988931944444445	-10.36777109375
1175	-14.890754166666667	-10.7334875
1176	-14.95347638888889	-10.86511796875
1177	-15.038634722222222	-10.87129296875
1178	-15.16322361111111	-10.5588765625
1179	-14.785627777777778	-10.72891875
1180	-15.225438888888888	-11.11825703125
1181	-15.337584722222223	-11.0439
1182	-15.383740277777777	-11.14903671875
1183	-15.2304625	-10.846453125
1184	-15.181204166666667	-10.75305625
1185	-15.092001388888889	-10.97960546875
1186	-15.274086111111112	-11.17939921875
1187	-15.324777777777777	-10.91328359375
1188	-15.337944444444444	-10.855971875
1189	-15.249672222222221	-11.05859296875
1190	-15.313136111111112	-10.9580515625
1191	-15.2535125	-10.7628515625
1192	-15.106897222222223	-10.5607609375
1193	-15.033373611111111	-10.9332125
1194	-15.3458625	-10.8980359375
1195	-15.370004166666666	-10.94722890625
1196	-15.242219444444444	-10.875634375
1197	-15.237916666666667	-10.89059921875
1198	-15.25809861111111	-10.98381875
1199	-15.359009722222222	-10.9453859375
1200	-15.362013888888889	-11.0604265625
1201	-15.40252361111111	-11.00245859375
1202	-15.451305555555555	-11.08588671875
1203	-15.3725875	-11.21383671875
1204	-15.412254166666667	-10.905428125
1205	-15.313227777777778	-11.30509140625
1206	-15.56360138888889	-11.2907359375
1207	-15.446491666666667	-10.90909140625
1208	-15.363220833333333	-11.2509625
1209	-15.470227777777778	-11.2453828125
1210	-15.559227777777778	-11.3284515625
1211	-15.35881388888889	-10.549703125
1212	-14.527244444444445	-10.5011671875
1213	-15.058061111111112	-10.9225546875
1214	-15.037254166666667	-10.6535
1215	-15.065894444444444	-10.7767890625
1216	-15.288859722222222	-11.182478125
1217	-15.484430555555555	-11.1157
1218	-15.478154166666666	-11.1055625
1219	-15.607976388888888	-11.16788515625
1220	-15.680077777777777	-11.335846875
1221	-15.806170833333333	-11.265078125
1222	-15.625266666666667	-11.096584375
1223	-15.61170138888889	-11.2670125
1224	-14.743065277777777	-10.8967890625
1225	-15.414581944444445	-11.07235234375
1226	-15.652815277777778	-11.3701375
1227	-15.726893055555555	-11.4522171875
1228	-15.807636111111112	-11.4962625
1229	-15.604230555555555	-11.1390421875
1230	-15.7120125	-11.28622578125
1231	-15.667795833333333	-11.31381953125
1232	-15.946722222222222	-11.369084375
1233	-15.885211111111111	-11.4345921875
1234	-15.705815277777777	-11.22064765625
1235	-15.690373611111111	-11.53884296875
1236	-15.854658333333333	-11.22605625
1237	-15.658226388888888	-11.22556015625
1238	-15.737929166666667	-11.60438125
1239	-15.694044444444444	-11.252975
1240	-15.626884722222222	-10.944871875
1241	-15.519344444444444	-11.18400390625
1242	-15.602236111111111	-11.185565625
1243	-15.756398611111111	-11.4709359375
1244	-15.902479166666666	-11.45114609375
1245	-15.470958333333334	-10.8613609375
1246	-15.46839861111111	-11.17691171875
1247	-15.740169444444444	-11.3094125
1248	-15.748797222222223	-10.8390984375
1249	-15.725593055555555	-10.93423515625
1250	-15.822494444444445	-11.200678125
1251	-15.729731944444444	-11.059625
1252	-15.857911111111111	-11.222825
1253	-15.739386111111111	-11.26400859375
1254	-15.401825	-11.2978296875
1255	-15.675191666666667	-11.5519625
1256	-16.008905555555554	-11.68495
1257	-15.710025	-11.3386828125
1258	-15.856627777777778	-11.42815078125
1259	-15.61726111111111	-11.04213203125
1260	-15.547797222222222	-11.536875
1261	-15.869977777777779	-11.69281015625
1262	-15.77192638888889	-11.168834375
1263	-15.74076111111111	-11.65883125
1264	-16.10085972222222	-11.731865625
1265	-16.180644444444443	-11.9375203125
1266	-16.161468055555556	-11.7036203125
1267	-15.991009722222222	-11.744946875
1268	-16.261094444444446	-12.0194890625
1269	-16.280755555555555	-11.556478125
1270	-16.242306944444444	-11.7914234375
1271	-16.04739027777778	-11.70979453125
1272	-16.02964861111111	-11.5713578125
1273	-16.150256944444443	-11.8915515625
1274	-16.06396388888889	-11.83288046875
1275	-16.294025	-11.95889609375
1276	-16.423695833333333	-11.9844328125
1277	-16.164018055555555	-11.27271640625
1278	-15.723793055555555	-11.54410703125
1279	-15.9025125	-11.8259421875
1280	-16.02297777777778	-11.817590625
1281	-16.339729166666668	-11.98897421875
1282	-16.491658333333334	-11.96042734375
1283	-16.509988888888888	-12.01788984375
1284	-16.402490277777776	-11.88801328125
1285	-16.34412638888889	-11.9130890625
1286	-16.572347222222223	-12.1115453125
1287	-16.23564027777778	-11.80564296875
1288	-16.4304875	-11.9509015625
1289	-16.42833611111111	-12.06783984375
1290	-16.44403888888889	-12.0615265625
1291	-16.528245833333333	-12.1812359375
1292	-16.1859375	-11.7920625
1293	-16.230522222222223	-11.6532375
1294	-16.077654166666665	-11.95052109375
1295	-16.381240277777778	-11.8927390625
1296	-16.296756944444443	-11.953640625
1297	-16.518469444444445	-11.86460625
1298	-16.393895833333332	-11.944696875
1299	-16.5268875	-12.1422515625
1300	-16.454241666666668	-11.9640734375
1301	-16.526091666666666	-12.06235703125
1302	-16.405851388888887	-12.06724140625
1303	-16.1074	-11.44193515625
1304	-15.957380555555556	-11.647509375
1305	-16.11459027777778	-11.12896640625
1306	-15.921429166666666	-11.509075
1307	-16.127347222222223	-11.7657015625
1308	-16.321070833333334	-11.8425359375
1309	-16.39402777777778	-11.8842
1310	-16.561008333333334	-12.11173671875
1311	-16.0533875	-11.51491328125
1312	-15.962155555555556	-11.5815578125
1313	-16.34758611111111	-11.989890625
1314	-16.52493888888889	-11.88878125
1315	-16.3450375	-11.5536171875
1316	-16.455554166666666	-12.0021171875
1317	-16.466963888888888	-11.60678515625
1318	-16.45197361111111	-11.45035546875
1319	-16.044193055555557	-11.553559375
1320	-16.34722777777778	-11.59415
1321	-16.575156944444444	-11.974215625
1322	-16.697733333333332	-12.06681796875
1323	-16.47595972222222	-11.9765734375
1324	-16.592034722222223	-12.0149453125
1325	-16.551122222222222	-11.9226375
1326	-16.499909722222224	-11.6728515625
1327	-16.435247222222223	-11.7539203125
1328	-16.28119861111111	-11.65670625
1329	-15.996491666666667	-10.999665625
1330	-15.686820833333334	-11.4798296875
1331	-16.228336111111112	-11.84491875
1332	-16.341616666666667	-11.873471875
1333	-16.171813888888888	-11.70044765625
1334	-16.50293611111111	-11.98925625
1335	-16.487094444444445	-11.7157734375
1336	-16.619234722222224	-12.0142703125
1337	-16.616591666666668	-11.8001453125
1338	-16.670880555555556	-12.03574375
1339	-16.445080555555556	-11.50335546875
1340	-16.263475	-11.6814453125
1341	-16.303166666666666	-12.074615625
1342	-15.644216666666667	-11.1267625
1343	-16.0491375	-11.94019296875
1344	-16.602293055555556	-12.1872796875
1345	-16.690918055555557	-11.9507265625
1346	-16.414783333333332	-11.8918171875
1347	-16.751645833333335	-12.318634375
1348	-16.608430555555554	-11.91006875
1349	-16.516784722222223	-11.9658484375
1350	-16.894631944444445	-12.23245390625
1351	-17.009102777777777	-12.114884375
1352	-16.9774375	-12.03630546875
1353	-16.708118055555556	-12.1147546875
1354	-16.92544861111111	-12.38470078125
1355	-16.201445833333334	-11.840540625
1356	-16.385070833333334	-11.8408046875
1357	-16.571201388888888	-11.99846875
1358	-16.46662638888889	-11.89740625
1359	-16.82018888888889	-12.362125
1360	-17.080172222222224	-12.4739421875
1361	-17.19932638888889	-12.40539453125
1362	-17.090451388888887	-12.25910625
1363	-17.057775	-12.25039140625
1364	-16.98656111111111	-12.393871875
1365	-16.940819444444443	-12.2478796875
1366	-16.936258333333335	-12.3156890625
1367	-16.980797222222222	-12.42831875
1368	-17.098625	-12.4225921875
1369	-17.21461111111111	-12.3631875
1370	-16.8217875	-11.8295609375
1371	-16.739458333333335	-12.27856953125
1372	-17.017091666666666	-12.27021875
1373	-17.21061111111111	-12.62835625
1374	-17.23083611111111	-12.70398828125
1375	-17.31020277777778	-12.7388125
1376	-17.263102777777778	-12.67687421875
1377	-17.3067625	-12.54004296875
1378	-17.058872222222224	-11.870840625
1379	-16.460291666666667	-11.731775
1380	-16.595443055555556	-12.06861875
1381	-17.044309722222224	-12.395790625
1382	-17.109477777777776	-12.1384359375
1383	-17.06929722222222	-12.32996640625
1384	-17.068077777777777	-12.5999625
1385	-17.11424722222222	-12.25558046875
1386	-16.625611111111112	-12.2736578125
1387	-17.01735	-12.509175
1388	-17.366866666666667	-12.47283125
1389	-17.31111388888889	-12.42391171875
1390	-17.313944444444445	-12.7091046875
1391	-17.470505555555555	-12.82642734375
1392	-17.418829166666665	-12.6168765625
1393	-17.485620833333332	-12.65169140625
1394	-17.4610375	-12.25762421875
1395	-17.10547083333333	-12.4783171875
1396	-17.066713888888888	-12.3309921875
1397	-16.847702777777776	-12.546678125
1398	-17.212693055555555	-12.00923125
1399	-16.721679166666668	-12.506140625
1400	-17.370045833333332	-12.97274609375
1401	-17.583513888888888	-12.9513375
1402	-17.71051388888889	-13.01257734375
1403	-17.578130555555557	-12.3407921875
1404	-17.24972222222222	-12.879659375
1405	-17.472315277777778	-12.7094234375
1406	-17.34971388888889	-12.5138625
1407	-17.387698611111112	-12.9603234375
1408	-17.613825	-12.981678125
1409	-16.693975	-12.1731390625
1410	-16.90536388888889	-12.4012515625
1411	-17.146041666666665	-12.704996875
1412	-17.453240277777777	-12.85424140625
1413	-17.78932222222222	-13.0912578125
1414	-17.893754166666668	-13.01139375
1415	-17.792384722222224	-13.03141015625
1416	-17.512119444444444	-12.83373828125
1417	-17.630479166666667	-13.01882890625
1418	-17.66753888888889	-12.9129734375
1419	-17.732369444444444	-12.9744046875
1420	-17.62210138888889	-12.98411875
1421	-17.666015277777777	-12.9376671875
1422	-17.667294444444444	-12.80958515625
1423	-17.691241666666667	-13.1786671875
1424	-17.663059722222222	-12.77233125
1425	-17.573370833333332	-13.1155375
1426	-17.748319444444444	-13.0588828125
1427	-17.777402777777777	-12.9774
1428	-17.56744861111111	-12.91658359375
1429	-17.626980555555555	-12.69805234375
1430	-17.332	-12.64163046875
1431	-17.44428472222222	-12.8701296875
1432	-17.671009722222223	-13.01236015625
1433	-17.860675	-12.6987734375
1434	-17.713077777777777	-12.92224140625
1435	-17.765204166666667	-12.6479703125
1436	-17.692541666666667	-12.70787109375
1437	-17.70465	-12.538875
1438	-17.38733472222222	-12.85310234375
1439	-17.765256944444445	-12.84694140625
1440	-17.7930625	-12.877375
1441	-17.699169444444443	-12.961553125
1442	-17.84080833333333	-13.2463375
1443	-17.647109722222222	-12.685409375
1444	-17.63678888888889	-12.97874296875
1445	-17.954255555555555	-13.265178125
1446	-17.99326111111111	-13.1184765625
1447	-17.772040277777776	-13.0299015625
1448	-17.933115277777777	-13.126196875
1449	-17.993180555555554	-12.95106328125
1450	-17.90987361111111	-13.0828046875
1451	-17.853716666666667	-13.0307890625
1452	-17.89957638888889	-13.0278484375
1453	-17.69527638888889	-12.93310859375
1454	-17.770091666666666	-12.81353046875
1455	-17.758861111111113	-12.63913203125
1456	-17.43705138888889	-12.77978125
1457	-16.824644444444445	-11.78687265625
1458	-16.882455555555556	-12.462634375
1459	-17.248741666666668	-12.79178359375
1460	-17.605044444444445	-12.898175
1461	-17.54998611111111	-12.85713125
1462	-17.6439875	-12.93666875
1463	-17.791115277777777	-12.389296875
1464	-17.6816625	-13.156603125
1465	-18.059480555555556	-13.056871875
1466	-17.879418055555554	-12.93180859375
1467	-17.937170833333333	-13.1652578125
1468	-18.06780277777778	-13.35829375
1469	-18.03094861111111	-13.28766875
1470	-18.069293055555555	-13.1473015625
1471	-18.076958333333334	-13.2582765625
1472	-18.0978375	-13.189825
1473	-18.061469444444445	-13.1086296875
1474	-18.091965277777778	-13.39344375
1475	-17.983325	-13.0571265625
1476	-17.910025	-13.110953125
1477	-18.03795138888889	-13.004334375
1478	-18.1298875	-12.87324921875
1479	-17.57259861111111	-12.51818828125
1480	-17.192994444444444	-12.7097625
1481	-17.357925	-12.50765859375
1482	-17.58600138888889	-13.10729375
1483	-17.970961111111112	-13.380434375
1484	-18.302002777777776	-13.3870921875
1485	-17.786315277777778	-12.923121875
1486	-17.856743055555555	-13.2403234375
1487	-18.2234	-13.2663875
1488	-15.764247222222222	-11.9394765625
1489	-16.811227777777777	-12.8594890625
1490	-17.852966666666667	-13.464015625
1491	-18.25871666666667	-13.4208609375
1492	-18.161756944444445	-13.3562703125
1493	-18.074283333333334	-12.7599953125
1494	-18.01727222222222	-13.3493625
1495	-18.170547222222222	-13.3800296875
1496	-18.384954166666667	-13.5463578125
1497	-18.42893888888889	-13.7929484375
1498	-18.120976388888888	-12.63574921875
1499	-17.568248611111112	-13.2624296875
1500	-18.24809861111111	-13.443540625
1501	-18.258720833333335	-13.27848125
1502	-18.226906944444444	-13.53458125
1503	-18.48146388888889	-13.7353765625
1504	-18.421241666666667	-13.6506234375
1505	-18.38284861111111	-13.4838390625
1506	-18.33412361111111	-13.698434375
1507	-18.531779166666666	-13.6784125
1508	-18.550586111111112	-13.5836859375
1509	-18.093594444444445	-13.3671796875
1510	-18.204144444444445	-13.543246875
1511	-18.47733472222222	-13.781828125
1512	-17.952054166666667	-12.756396875
1513	-17.982765277777776	-13.2063859375
1514	-18.388020833333332	-13.413734375
1515	-18.458384722222224	-13.5969484375
1516	-18.64613888888889	-13.793028125
1517	-18.00025	-12.516321875
1518	-17.812091666666667	-13.469125
1519	-18.494305555555556	-13.7368734375
1520	-18.7876125	-13.7093515625
1521	-18.62312777777778	-13.61139375
1522	-18.231018055555555	-13.0943453125
1523	-18.296002777777776	-13.605846875
1524	-18.525190277777778	-13.7473828125
1525	-18.520106944444443	-13.862759375
1526	-18.675916666666666	-13.252234375
1527	-18.079383333333332	-13.748225
1528	-18.613691666666668	-13.8559234375
1529	-18.587052777777778	-13.403259375
1530	-18.452031944444446	-13.7279828125
1531	-18.656665277777776	-13.915003125
1532	-18.657208333333333	-13.9823484375
1533	-18.881220833333334	-13.8682
1534	-18.973034722222224	-13.993190625
1535	-18.455377777777777	-13.0573890625
1536	-18.268522222222224	-13.8936578125
1537	-18.7451	-13.8075640625
1538	-18.900365277777777	-14.0675234375
1539	-18.581875	-13.742059375
1540	-18.6916	-13.9777703125
1541	-18.383380555555554	-13.517171875
1542	-18.403331944444446	-13.7425765625
1543	-18.553466666666665	-13.8350671875
1544	-18.408822222222224	-13.7424125
1545	-18.347830555555557	-13.496740625
1546	-18.460069444444443	-13.879259375
1547	-18.194375	-12.9766234375
1548	-18.117783333333332	-13.7101234375
1549	-18.58222222222222	-13.90665
1550	-18.790908333333334	-13.8205140625
1551	-18.85277361111111	-13.98090625
1552	-18.911431944444445	-14.246221875
1553	-18.725756944444445	-14.00699375
1554	-18.662323611111113	-13.3493390625
1555	-18.38458888888889	-13.6631234375
1556	-18.49427638888889	-13.452209375
1557	-18.564854166666667	-13.741359375
1558	-18.6086375	-13.7676390625
1559	-18.565754166666668	-13.736990625
1560	-18.633891666666667	-13.798284375
1561	-18.723279166666668	-13.9207484375
1562	-18.492031944444445	-13.5764109375
1563	-18.30530277777778	-13.88865625
1564	-18.768827777777776	-13.979703125
1565	-18.776115277777777	-13.882796875
1566	-18.862670833333333	-14.0216015625
1567	-19.005320833333332	-14.0948640625
1568	-19.085641666666668	-13.9193125
1569	-18.9763125	-13.9478875
1570	-18.967404166666668	-14.07645625
1571	-18.891304166666668	-13.4696890625
1572	-18.678333333333335	-14.065665625
1573	-18.997891666666668	-14.0419
1574	-18.999029166666666	-13.5215421875
1575	-18.735634722222223	-14.0971265625
1576	-19.184458333333332	-13.8825328125
1577	-18.919934722222223	-14.2130375
1578	-19.13286527777778	-14.2958375
1579	-19.19881527777778	-14.041325
1580	-19.086004166666665	-14.08319375
1581	-19.22390138888889	-14.277578125
1582	-19.21337777777778	-14.3679453125
1583	-19.18355972222222	-14.2854875
1584	-19.124577777777777	-14.46638125
1585	-19.08749583333333	-14.0696484375
1586	-19.098604166666668	-14.31074375
1587	-19.280933333333333	-14.244271875
1588	-19.270381944444445	-14.22645625
1589	-19.00935	-13.410375
1590	-18.656416666666665	-14.3598296875
1591	-19.33582638888889	-14.3709359375
1592	-19.324941666666668	-14.4298375
1593	-19.333794444444443	-14.496640625
1594	-19.224083333333333	-13.5449125
1595	-18.779380555555555	-14.1143375
1596	-19.397818055555554	-14.490175
1597	-19.00985	-14.362146875
1598	-18.926630555555555	-13.90755625
1599	-19.08491666666667	-14.4333171875
1600	-18.847797222222223	-13.70185
1601	-18.92374722222222	-14.2758078125
1602	-19.13827361111111	-14.146415625
1603	-19.235063888888888	-14.2542375
1604	-19.248654166666668	-14.259459375
1605	-19.380488888888888	-14.3913328125
1606	-19.337158333333335	-14.34458125
1607	-19.473304166666665	-14.501853125
1608	-19.41115277777778	-14.5269421875
1609	-19.424215277777776	-14.3731640625
1610	-19.461580555555557	-14.63986875
1611	-18.491870833333333	-11.639540625
1612	-16.68465	-12.84973828125
1613	-17.981106944444445	-13.8239703125
1614	-18.771481944444446	-13.9175296875
1615	-18.492405555555557	-14.011703125
1616	-19.12196527777778	-14.4435546875
1617	-19.502883333333333	-14.4815078125
1618	-19.395341666666667	-14.4565640625
1619	-19.287401388888888	-14.6081625
1620	-19.617784722222222	-14.4537734375
1621	-19.664006944444445	-14.8091984375
1622	-19.57778611111111	-14.459375
1623	-19.535493055555555	-14.5516125
1624	-19.628919444444445	-14.6206609375
1625	-19.565456944444445	-14.5019125
1626	-18.516408333333334	-13.3558953125
1627	-18.765020833333335	-14.317471875
1628	-19.57937777777778	-14.5400890625
1629	-18.906063888888887	-14.194190625
1630	-19.050340277777778	-14.185096875
1631	-19.434568055555555	-14.640515625
1632	-19.7229625	-14.760871875
1633	-19.572958333333332	-14.5108375
1634	-19.6462375	-14.5897625
1635	-19.594	-14.5754671875
1636	-19.62606111111111	-14.941746875
1637	-19.553402777777777	-14.5652375
1638	-19.796995833333334	-14.806715625
1639	-19.780543055555555	-14.479071875
1640	-19.54903611111111	-14.6047796875
1641	-19.684930555555557	-14.72395625
1642	-19.430533333333333	-14.40835625
1643	-19.06238611111111	-14.445871875
1644	-19.625083333333333	-14.668540625
1645	-19.705730555555554	-14.6427265625
1646	-19.732365277777777	-14.5451140625
1647	-19.5808	-14.4072578125
1648	-19.396125	-14.59091875
1649	-18.824172222222224	-14.3960875
1650	-19.40391111111111	-14.51115625
1651	-19.44870277777778	-14.65225
1652	-19.590516666666666	-14.7623015625
1653	-19.78775	-14.77293125
1654	-19.085141666666665	-14.412334375
1655	-19.591268055555556	-14.610475
1656	-19.729270833333334	-14.7434671875
1657	-19.643743055555557	-14.750596875
1658	-19.7807875	-14.82170625
1659	-19.924654166666667	-14.9919234375
1660	-19.858118055555554	-14.2541859375
1661	-17.218811111111112	-13.2812734375
1662	-18.2826	-13.9244859375
1663	-18.789904166666666	-14.141384375
1664	-18.94247361111111	-14.2480375
1665	-19.033590277777776	-14.01031875
1666	-18.511306944444446	-13.1398578125
1667	-18.258954166666665	-13.7612046875
1668	-18.858375	-14.0048203125
1669	-19.317622222222223	-14.21664375
1670	-19.352345833333334	-14.565603125
1671	-19.64422638888889	-14.68835625
1672	-19.8094875	-14.677028125
1673	-19.229276388888888	-14.351790625
1674	-18.852273611111112	-14.03101875
1675	-18.849788888888888	-14.0082609375
1676	-19.1270875	-14.435009375
1677	-19.708890277777776	-14.641259375
1678	-19.974665277777778	-14.906625
1679	-19.808030555555554	-14.6979875
1680	-20.061644444444443	-14.905165625
1681	-19.96237222222222	-14.860634375
1682	-19.798447222222222	-14.7129625
1683	-19.96035277777778	-14.9280171875
1684	-20.127631944444445	-15.143365625
1685	-20.128944444444443	-14.853146875
1686	-20.055541666666667	-14.852846875
1687	-20.26892638888889	-14.912440625
1688	-20.327920833333334	-14.924121875
1689	-20.29073888888889	-15.2086421875
1690	-20.324833333333334	-15.0475765625
1691	-18.959755555555557	-13.6810765625
1692	-18.968508333333332	-14.7527625
1693	-19.55467361111111	-14.438159375
1694	-19.798358333333333	-14.792984375
1695	-20.207355555555555	-15.141771875
1696	-20.195431944444444	-15.2523609375
1697	-20.175230555555554	-15.1058765625
1698	-20.302822222222222	-15.17719375
1699	-20.416768055555554	-15.229925
1700	-20.31832916666667	-15.2139203125
1701	-20.330780555555556	-15.005584375
1702	-20.11149861111111	-15.1489
1703	-20.21667638888889	-15.150396875
1704	-20.083054166666667	-14.4899609375
1705	-20.0453125	-15.060159375
1706	-20.13992777777778	-14.8914171875
1707	-19.991918055555555	-14.7539875
1708	-20.032152777777778	-15.1362109375
1709	-20.138770833333332	-14.9838375
1710	-20.189554166666667	-14.8917375
1711	-20.257075	-14.9832671875
1712	-20.391306944444445	-14.9536984375
1713	-20.00835	-15.1219546875
1714	-20.483983333333335	-15.2406109375
1715	-20.132581944444443	-15.06220625
1716	-20.191056944444444	-15.129634375
1717	-20.453304166666666	-15.359759375
1718	-20.473644444444446	-15.188425
1719	-20.254568055555556	-15.0083125
1720	-20.233041666666665	-14.8628515625
1721	-20.220590277777777	-15.2063875
1722	-20.407858333333333	-15.1552765625
1723	-20.13218611111111	-15.0301625
1724	-20.11917777777778	-14.809015625
1725	-20.12115138888889	-14.9073828125
1726	-19.898806944444445	-14.6839390625
1727	-20.129583333333333	-14.8373984375
1728	-20.185804166666667	-14.871615625
1729	-20.183730555555556	-15.0014328125
1730	-19.779075	-14.8139078125
1731	-20.054077777777778	-14.9925109375
1732	-20.3418375	-14.96524375
1733	-20.37143888888889	-15.005259375
1734	-20.257247222222222	-14.9615796875
1735	-20.28392638888889	-15.16141875
1736	-20.414680555555556	-14.7846046875
1737	-20.03851111111111	-15.0916140625
1738	-20.376427777777778	-15.1988625
1739	-20.33720138888889	-14.813509375
1740	-20.2040125	-15.05304375
1741	-20.36906111111111	-15.184371875
1742	-20.541552777777778	-15.15100625
1743	-20.452740277777778	-14.9786203125
1744	-20.0906625	-14.737209375
1745	-19.860054166666668	-14.813740625
1746	-20.00497638888889	-14.99858125
1747	-20.170577777777776	-15.2016125
1748	-20.153531944444445	-15.0740125
1749	-18.92683472222222	-14.0564328125
1750	-19.270030555555557	-14.8194515625
1751	-20.198704166666666	-15.4189609375
1752	-20.573869444444444	-15.6687359375
1753	-20.725359722222223	-15.422859375
1754	-20.68989861111111	-15.369709375
1755	-20.39667777777778	-15.386221875
1756	-20.396044444444446	-15.5549125
1757	-20.420034722222223	-15.55303125
1758	-20.417011111111112	-15.4860625
1759	-20.697580555555554	-15.50586875
1760	-20.867079166666667	-15.767646875
1761	-19.265148611111112	-12.469025
1762	-18.025444444444446	-13.9344390625
1763	-19.507693055555556	-14.835121875
1764	-20.138543055555555	-15.3358640625
1765	-20.641466666666666	-15.514478125
1766	-20.68979861111111	-15.541884375
1767	-20.40167361111111	-15.282721875
1768	-20.576958333333334	-14.9952578125
1769	-20.459818055555555	-15.5016375
1770	-20.70666388888889	-15.6189421875
1771	-20.928015277777778	-15.5761484375
1772	-21.02416527777778	-15.6383046875
1773	-20.579776388888888	-14.9303109375
1774	-20.238345833333334	-15.4831640625
1775	-20.80102638888889	-15.5339859375
1776	-21.060904166666667	-15.7182109375
1777	-20.966561111111112	-15.6875734375
1778	-20.881644444444444	-15.6851328125
1779	-21.0419	-15.9281359375
1780	-21.106504166666667	-15.7267671875
1781	-21.21617361111111	-15.69895
1782	-21.149233333333335	-15.633346875
1783	-20.843386111111112	-15.7672390625
1784	-21.065484722222223	-15.6208234375
1785	-20.989172222222223	-15.6742625
1786	-21.115602777777777	-15.43804375
1787	-20.96442777777778	-15.412690625
1788	-21.030430555555554	-15.4323
1789	-20.736048611111112	-15.365525
1790	-21.081622222222222	-15.7291328125
1791	-21.14806388888889	-15.519784375
1792	-21.13977361111111	-15.4351609375
1793	-21.091266666666666	-15.2912625
1794	-21.05514861111111	-15.4522828125
1795	-21.07100972222222	-15.402275
1796	-21.046643055555556	-15.367171875
1797	-20.654723611111113	-15.17628125
1798	-20.79848888888889	-15.105815625
1799	-20.30079027777778	-14.9130703125
1800	-20.45743472222222	-15.3162015625
1801	-20.56946388888889	-15.2676765625
1802	-18.892280555555555	-14.0695203125
1803	-19.466131944444445	-14.713021875
1804	-20.14581527777778	-15.320190625
1805	-20.781893055555557	-15.5797640625
1806	-21.137304166666667	-15.789878125
1807	-21.122330555555557	-15.7455875
1808	-21.152266666666666	-15.9970640625
1809	-21.27323611111111	-15.8361890625
1810	-21.2614375	-15.9456140625
1811	-21.24534722222222	-15.9295828125
1812	-21.250497222222222	-15.9984734375
1813	-21.041925	-15.6485296875
1814	-21.132172222222223	-15.863834375
1815	-21.362659722222222	-15.942625
1816	-21.35431527777778	-15.9340359375
1817	-21.04896527777778	-15.476515625
1818	-20.741581944444444	-15.6031734375
1819	-20.732806944444444	-15.856525
1820	-20.946418055555554	-15.7534734375
1821	-21.01635138888889	-15.309078125
1822	-20.6966625	-15.4568484375
1823	-20.704940277777776	-15.35915
1824	-21.028830555555555	-15.56989375
1825	-20.65572361111111	-15.4314625
1826	-21.05417222222222	-15.91586875
1827	-21.2135875	-15.6855015625
1828	-21.297680555555555	-15.815703125
1829	-21.458766666666666	-15.958246875
1830	-21.48613888888889	-15.69698125
1831	-20.897147222222223	-15.6375015625
1832	-21.402102777777777	-15.8728359375
1833	-21.479298611111112	-15.8254296875
1834	-21.44136111111111	-15.892759375
1835	-21.464279166666667	-15.9816421875
1836	-21.604345833333333	-15.800615625
1837	-21.65362777777778	-16.0314171875
1838	-21.336108333333332	-16.040575
1839	-21.573129166666668	-15.94234375
1840	-21.245370833333332	-15.762471875
1841	-21.390627777777777	-15.769671875
1842	-21.380872222222223	-15.662284375
1843	-21.403944444444445	-15.69303125
1844	-21.48656527777778	-15.800946875
1845	-21.430195833333332	-16.13098125
1846	-21.487794444444443	-15.722909375
1847	-21.421227777777776	-15.70789375
1848	-20.95483888888889	-15.3057578125
1849	-20.65965	-15.404803125
1850	-20.95525	-15.155009375
1851	-20.734730555555554	-15.1655796875
1852	-20.72702222222222	-15.3067265625
1853	-21.135733333333334	-15.3668890625
1854	-21.11687638888889	-15.406234375
1855	-21.269631944444445	-15.355515625
1856	-21.12491111111111	-14.9925296875
1857	-20.926631944444445	-15.3898078125
1858	-20.9535	-15.2823890625
1859	-20.92758472222222	-15.2327890625
1860	-20.87077638888889	-15.7739796875
1861	-20.809608333333333	-15.558490625
1862	-20.711559722222223	-15.31144375
1863	-20.490201388888888	-15.42555
1864	-20.991947222222223	-15.9971234375
1865	-21.258644444444446	-16.0071203125
1866	-21.411769444444445	-16.2464
1867	-21.726480555555554	-16.306309375
1868	-21.75688611111111	-16.2801375
1869	-21.787404166666665	-16.420109375
1870	-21.472544444444445	-16.2325359375
1871	-21.817466666666668	-16.3337859375
1872	-21.789797222222223	-16.348265625
1873	-21.550616666666667	-16.165740625
1874	-21.7895625	-16.496959375
1875	-21.805525	-15.937821875
1876	-21.472527777777778	-16.252578125
1877	-21.796747222222223	-16.28351875
1878	-21.653076388888888	-16.3087234375
1879	-21.57075972222222	-16.09335
1880	-21.469805555555556	-16.2775359375
1881	-21.807713888888888	-16.321603125
1882	-21.696544444444445	-16.205175
1883	-21.86360833333333	-16.400953125
1884	-21.797856944444444	-16.3418359375
1885	-21.65331388888889	-15.912765625
1886	-21.558679166666668	-16.27848125
1887	-21.90743888888889	-16.2951453125
1888	-21.892818055555555	-16.433315625
1889	-22.033683333333332	-16.390040625
1890	-21.82615277777778	-16.302659375
1891	-21.85457638888889	-16.3009484375
1892	-21.83962222222222	-16.4493703125
1893	-21.812625	-16.727353125
1894	-21.32675138888889	-16.315728125
1895	-21.6608625	-16.4397453125
1896	-21.971780555555554	-16.65213125
1897	-21.742438888888888	-16.47106875
1898	-21.915606944444445	-16.346559375
1899	-21.802743055555556	-16.4925953125
1900	-22.11917777777778	-16.6564796875
1901	-22.117691666666666	-16.54523125
1902	-22.092523611111112	-16.48661875
1903	-22.04585	-16.7417375
1904	-22.131266666666665	-16.629025
1905	-22.154836111111113	-16.859328125
1906	-22.01273888888889	-16.536765625
1907	-21.89236111111111	-16.5979234375
1908	-21.622852777777776	-16.2198125
1909	-20.716934722222224	-15.6115203125
1910	-20.8297375	-15.57890625
1911	-21.476177777777778	-16.001784375
1912	-21.857091666666665	-16.327571875
1913	-21.261813888888888	-15.7491484375
1914	-21.685959722222222	-16.5963390625
1915	-21.989941666666667	-16.51635625
1916	-22.072969444444446	-16.60261875
1917	-22.115955555555555	-16.6861
1918	-22.163358333333335	-16.612709375
1919	-22.457480555555556	-16.9700828125
1920	-22.364427777777777	-16.5631265625
1921	-21.717233333333333	-16.5306296875
1922	-21.992966666666668	-16.738753125
1923	-22.199188888888887	-16.7249578125
1924	-21.7824875	-16.367734375
1925	-20.67182222222222	-15.1430625
1926	-20.858327777777777	-15.4692140625
1927	-20.907120833333334	-15.36144375
1928	-21.399141666666665	-16.090521875
1929	-22.033495833333333	-16.423978125
1930	-22.318991666666665	-16.5832765625
1931	-22.25887361111111	-16.5221078125
1932	-22.136383333333335	-16.51950625
1933	-22.17148611111111	-16.579375
1934	-22.3231875	-16.5624265625
1935	-22.456836111111112	-16.5321328125
1936	-22.414533333333335	-16.4173734375
1937	-22.332425	-16.6862203125
1938	-22.44160972222222	-16.4866890625
1939	-22.36596388888889	-16.471625
1940	-22.492880555555555	-16.6076484375
1941	-22.274169444444443	-16.3837828125
1942	-21.9062875	-14.902671875
1943	-21.06202222222222	-15.915371875
1944	-22.059551388888888	-16.6273421875
1945	-22.104097222222222	-16.1574265625
1946	-22.197880555555557	-16.275915625
1947	-22.336455555555556	-16.35653125
1948	-22.310731944444445	-16.1504671875
1949	-22.204905555555555	-15.57005
1950	-21.914761111111112	-14.98548125
1951	-21.652218055555554	-15.361953125
1952	-20.920975	-15.595653125
1953	-21.103786111111113	-16.0048640625
1954	-21.680494444444445	-16.416178125
1955	-22.436356944444444	-16.551021875
1956	-22.595219444444446	-16.881640625
1957	-22.709623611111112	-16.8630296875
1958	-22.648593055555555	-16.9659921875
1959	-22.383319444444446	-16.1671375
1960	-22.163731944444443	-16.6807046875
1961	-22.38725	-16.6154390625
1962	-22.36320277777778	-16.5178
1963	-22.43562222222222	-16.6058328125
1964	-22.186083333333332	-16.745634375
1965	-22.29564166666667	-16.3443203125
1966	-22.141395833333334	-16.5645875
1967	-22.30230277777778	-16.62584375
1968	-22.2983125	-16.5992453125
1969	-22.18766527777778	-16.388303125
1970	-21.971443055555557	-16.451584375
1971	-22.08694722222222	-16.6925125
1972	-22.317333333333334	-16.8142515625
1973	-22.492480555555556	-16.9049578125
1974	-22.567677777777778	-16.7866703125
1975	-22.644708333333334	-16.984921875
1976	-22.631545833333334	-17.056409375
1977	-22.141851388888888	-16.515228125
1978	-22.260738888888888	-16.7275234375
1979	-22.346480555555555	-16.75240625
1980	-22.25226111111111	-15.842709375
1981	-21.743016666666666	-16.0923015625
1982	-21.921788888888887	-16.2804
1983	-21.924152777777778	-16.2084203125
1984	-22.206772222222224	-16.8040703125
1985	-22.803191666666667	-17.1229125
1986	-22.8992375	-16.993253125
1987	-22.913906944444445	-16.9619859375
1988	-22.725726388888887	-16.5673984375
1989	-22.57402638888889	-16.95179375
1990	-21.8808875	-16.138715625
1991	-22.207181944444443	-16.8879421875
1992	-22.786248611111112	-17.1822953125
1993	-22.74170833333333	-17.05141875
1994	-22.63675277777778	-17.1805
1995	-22.982806944444444	-17.2295328125
1996	-23.09688611111111	-17.2644109375
1997	-23.027775	-17.5061859375
1998	-23.156134722222223	-17.537715625
1999	-23.14298611111111	-17.2925921875
2000	-22.925243055555555	-17.33504375
2001	-22.97837361111111	-17.3987171875
2002	-23.086534722222222	-17.455175
2003	-23.182748611111112	-17.69424375
2004	-23.08741527777778	-17.532146875
2005	-23.23657777777778	-17.6721421875
2006	-23.011844444444446	-17.18866875
2007	-22.936994444444444	-17.1370625
2008	-22.981954166666668	-17.55511875
2009	-22.868845833333335	-17.0863765625
2010	-22.98005138888889	-17.0640203125
2011	-23.068315277777778	-17.0405640625
2012	-22.734756944444445	-16.570375
2013	-22.752340277777776	-16.8897609375
2014	-23.002276388888887	-16.9095015625
2015	-22.66156527777778	-16.6742203125
2016	-22.48872777777778	-16.943075
2017	-22.828980555555557	-17.044746875
2018	-22.945645833333334	-17.1838328125
2019	-22.999973611111113	-17.171878125
2020	-22.843180555555556	-16.995921875
2021	-22.8830875	-17.2145640625
2022	-23.086558333333333	-17.500234375
2023	-22.9787	-17.2433640625
2024	-22.923554166666666	-17.27145
2025	-22.738588888888888	-17.1845859375
2026	-22.844881944444445	-17.4046984375
2027	-22.934943055555557	-17.4971796875
2028	-22.6188375	-16.6462765625
2029	-22.603148611111113	-16.562021875
2030	-22.88669861111111	-16.796584375
2031	-23.006681944444445	-16.8191171875
2032	-22.805718055555555	-16.9207609375
2033	-23.092134722222223	-16.978528125
2034	-22.900080555555554	-16.822890625
2035	-22.812775	-16.1852875
2036	-22.27913611111111	-16.5755578125
2037	-22.663215277777777	-16.77019375
2038	-22.929719444444444	-16.9833875
2039	-22.88821666666667	-16.9843890625
2040	-22.88964027777778	-17.1186
2041	-23.05528888888889	-17.172234375
2042	-22.87100277777778	-17.34178125
2043	-22.802129166666667	-17.1773234375
2044	-22.77091666666667	-17.0299796875
2045	-22.780809722222223	-16.77838125
2046	-22.843781944444444	-17.3082796875
2047	-23.122666666666667	-17.3357390625
2048	-23.198495833333332	-17.4775328125
2049	-23.113198611111113	-17.4288578125
2050	-23.161265277777776	-17.0814953125
2051	-21.903869444444446	-14.07891875
2052	-20.64341111111111	-16.25491875
2053	-22.28063611111111	-16.95524375
2054	-22.980108333333334	-17.13143125
2055	-23.197808333333334	-17.293746875
2056	-23.353472222222223	-17.3403390625
2057	-23.289313888888888	-17.3085125
2058	-23.39080277777778	-17.5164046875
2059	-23.28042222222222	-17.17815
2060	-23.1792625	-17.189465625
2061	-23.399922222222223	-17.2772125
2062	-23.329452777777778	-16.8655359375
2063	-22.933620833333332	-17.1001875
2064	-22.70580138888889	-16.88675
2065	-23.034618055555555	-17.462246875
2066	-23.32735277777778	-17.476525
2067	-23.47388888888889	-17.52855
2068	-23.504377777777776	-17.46238125
2069	-23.218666666666667	-17.0879390625
2070	-23.374388888888888	-17.5103625
2071	-23.445144444444445	-17.4299125
2072	-23.605611111111113	-17.6406734375
2073	-23.63233888888889	-17.38140625
2074	-23.21238333333333	-16.8986046875
2075	-22.830469444444443	-17.0761515625
2076	-21.8341375	-16.69484375
2077	-22.557958333333332	-17.2219140625
2078	-23.13160277777778	-17.17218125
2079	-22.44069027777778	-16.6698203125
2080	-22.547275	-17.076046875
2081	-23.20633611111111	-17.3379890625
2082	-23.52883611111111	-17.610059375
2083	-23.59569722222222	-17.61226875
2084	-22.979819444444445	-17.3252921875
2085	-23.170234722222222	-17.539909375
2086	-23.598716666666668	-17.7147328125
2087	-23.712755555555557	-17.8939875
2088	-23.784233333333333	-17.743965625
2089	-23.625422222222223	-17.8593984375
2090	-23.625416666666666	-17.8796703125
2091	-23.413330555555557	-17.7556875
2092	-23.664794444444443	-17.9360578125
2093	-23.366919444444445	-17.7466484375
2094	-23.444719444444445	-17.439575
2095	-23.091181944444443	-17.2734703125
2096	-23.505341666666666	-17.740065625
2097	-23.712530555555556	-17.6309953125
2098	-23.483280555555556	-17.486321875
2099	-23.45937222222222	-17.9545265625
2100	-23.724788888888888	-17.963375
2101	-23.52817222222222	-17.8266625
2102	-23.74503888888889	-17.90679375
2103	-23.824825	-17.843596875
2104	-23.822783333333334	-17.85545625
2105	-23.6532	-17.57680625
2106	-23.566708333333334	-17.5568609375
2107	-23.54499722222222	-17.17240625
2108	-23.371880555555556	-16.804215625
2109	-22.54610277777778	-16.624990625
2110	-22.594915277777776	-16.9255484375
2111	-22.888830555555554	-17.282365625
2112	-23.092109722222222	-17.64485
2113	-23.466944444444444	-17.774540625
2114	-23.455491666666667	-17.7797046875
2115	-23.66411111111111	-17.8795171875
2116	-23.995725	-18.1570765625
2117	-24.04806388888889	-18.314853125
2118	-23.827875	-17.5160671875
2119	-23.59351388888889	-18.0220265625
2120	-23.877044444444444	-17.821128125
2121	-23.75836388888889	-17.9751078125
2122	-23.987605555555554	-18.29206875
2123	-24.10701388888889	-17.9851515625
2124	-24.097283333333333	-18.026053125
2125	-24.145547222222223	-18.2529140625
2126	-24.170091666666668	-18.2547078125
2127	-23.17780972222222	-16.9734625
2128	-23.04138888888889	-17.8741390625
2129	-23.62860277777778	-18.079884375
2130	-23.790875	-18.2219984375
2131	-23.774419444444444	-18.10721875
2132	-23.903291666666668	-18.2787546875
2133	-24.21026388888889	-18.372246875
2134	-24.262894444444445	-18.6507328125
2135	-24.29765	-18.5082828125
2136	-24.432233333333333	-18.69991875
2137	-24.42828888888889	-18.5618609375
2138	-24.257997222222222	-18.544
2139	-24.41818888888889	-18.4487078125
2140	-24.042505555555554	-18.45229375
2141	-24.12671388888889	-18.418059375
2142	-24.328425	-18.390828125
2143	-24.276252777777778	-18.3024296875
2144	-23.967366666666667	-18.32011875
2145	-24.334977777777777	-18.409303125
2146	-24.25086388888889	-18.5308171875
2147	-24.104847222222222	-18.29628125
2148	-24.185644444444446	-18.5551734375
2149	-24.06943888888889	-18.4093578125
2150	-23.815022222222222	-18.14903125
2151	-24.085119444444445	-18.0967859375
2152	-24.140522222222224	-18.22664375
2153	-24.20236111111111	-18.254778125
2154	-23.831022222222224	-18.1836265625
2155	-23.967147222222223	-18.2037015625
2156	-23.902461111111112	-18.055353125
2157	-23.88196111111111	-18.231528125
2158	-24.11225	-18.3808140625
2159	-24.25862777777778	-18.4881203125
2160	-24.236325	-18.351446875
2161	-24.216505555555557	-18.548025
2162	-24.40818888888889	-18.566565625
2163	-24.39363611111111	-18.654409375
2164	-24.313147222222224	-18.4094390625
2165	-24.023511111111112	-18.23638125
2166	-24.173794444444443	-18.374453125
2167	-24.10071111111111	-18.217840625
2168	-23.663697222222222	-17.6016578125
2169	-23.44623888888889	-17.83776875
2170	-23.65822777777778	-17.6833890625
2171	-23.369022222222224	-17.807934375
2172	-23.533177777777777	-17.585075
2173	-23.15187361111111	-16.7600140625
2174	-22.648729166666666	-17.553453125
2175	-23.374669444444443	-17.8787640625
2176	-23.93220833333333	-18.107953125
2177	-24.350538888888888	-18.454959375
2178	-24.4502	-18.29389375
2179	-24.267125	-18.03059375
2180	-24.294083333333333	-18.395296875
2181	-24.5881	-18.421290625
2182	-24.495458333333332	-18.55206875
2183	-24.458241666666666	-18.14600625
2184	-24.30638611111111	-18.6482734375
2185	-24.466261111111113	-18.2965859375
2186	-24.21889722222222	-18.3186828125
2187	-24.196130555555555	-18.26186875
2188	-24.300491666666666	-18.41743125
2189	-24.498583333333332	-18.49080625
2190	-24.57896388888889	-18.239290625
2191	-23.940694444444443	-18.05360625
2192	-24.262908333333332	-18.30573125
2193	-24.376991666666665	-18.064825
2194	-23.291090277777776	-17.663128125
2195	-23.372633333333333	-17.79144375
2196	-24.002972222222223	-18.0473578125
2197	-24.377994444444443	-18.0640140625
2198	-24.398466666666668	-18.06430625
2199	-24.463886111111112	-18.3001
2200	-24.479655555555556	-18.33188125
2201	-24.49143888888889	-17.9392015625
2202	-24.297197222222223	-18.2213875
2203	-24.326652777777777	-18.4513109375
2204	-24.293116666666666	-18.18
2205	-22.739355555555555	-15.3790390625
2206	-21.7091125	-17.051934375
2207	-23.300615277777776	-17.8330984375
2208	-24.045633333333335	-18.4277953125
2209	-24.47093611111111	-18.313859375
2210	-24.649283333333333	-18.5691390625
2211	-24.792011111111112	-18.5360140625
2212	-24.84614722222222	-18.903790625
2213	-24.805641666666666	-18.61876875
2214	-24.719994444444445	-18.74601875
2215	-24.76972222222222	-18.7634203125
2216	-24.80468611111111	-18.68789375
2217	-24.86353888888889	-18.60418125
2218	-25.035852777777777	-18.65469375
2219	-25.01213611111111	-18.7169375
2220	-25.049391666666665	-18.7068015625
2221	-25.175875	-19.027709375
2222	-25.16436388888889	-18.84263125
2223	-24.850366666666666	-18.6162859375
2224	-24.95192777777778	-18.7267265625
2225	-25.092675	-18.8347890625
2226	-25.010944444444444	-18.8213515625
2227	-25.059858333333334	-18.872653125
2228	-25.14230277777778	-18.60101875
2229	-24.66357777777778	-18.591696875
2230	-24.971816666666665	-18.769521875
2231	-25.232961111111113	-18.9024546875
2232	-24.89538611111111	-18.0026609375
2233	-24.515383333333332	-18.2563421875
2234	-24.868825	-18.689921875
2235	-25.10808888888889	-18.770721875
2236	-25.184708333333333	-18.933290625
2237	-25.227202777777777	-18.749121875
2238	-25.094880555555555	-18.7619625
2239	-25.14525	-18.848171875
2240	-24.80618888888889	-17.83670625
2241	-24.5212	-18.34339375
2242	-25.014152777777777	-18.5988
2243	-24.894077777777778	-18.3349546875
2244	-24.81584722222222	-18.45954375
2245	-24.85226388888889	-18.526290625
2246	-24.950641666666666	-18.5774859375
2247	-24.801280555555557	-18.4857640625
2248	-24.97712222222222	-18.6444875
2249	-24.49696388888889	-18.1935265625
2250	-24.41181388888889	-17.7181
2251	-24.582830555555557	-18.020053125
2252	-24.784094444444445	-18.1851359375
2253	-24.905566666666665	-18.1707921875
2254	-25.005677777777777	-18.1887
2255	-24.766258333333333	-17.886234375
2256	-24.63641388888889	-17.575040625
2257	-24.792258333333333	-17.96291875
2258	-24.539797222222223	-17.977371875
2259	-24.44547222222222	-18.2361421875
2260	-24.445622222222223	-18.0615671875
2261	-24.372688888888888	-18.127265625
2262	-24.530786111111112	-18.224459375
2263	-24.98491111111111	-18.50950625
2264	-24.87227777777778	-18.599825
2265	-24.978305555555554	-18.30398125
2266	-24.959222222222223	-18.691696875
2267	-25.153452777777776	-18.69720625
2268	-25.233930555555556	-18.614990625
2269	-25.237627777777778	-18.3960671875
2270	-25.182530555555555	-18.6392390625
2271	-25.251241666666665	-18.742840625
2272	-25.39828888888889	-18.7304453125
2273	-25.234775	-18.6379640625
2274	-25.079630555555557	-18.69388125
2275	-25.221108333333333	-18.743596875
2276	-24.881597222222222	-17.2862140625
2277	-23.39491111111111	-17.9395453125
2278	-24.23171111111111	-18.51860625
2279	-24.918966666666666	-18.3389109375
2280	-24.105216666666667	-17.866446875
2281	-23.764119444444443	-16.6928421875
2282	-23.624005555555556	-18.084065625
2283	-24.745758333333335	-18.742771875
2284	-25.154783333333334	-18.636859375
2285	-25.299405555555555	-18.692834375
2286	-25.357808333333335	-18.7174890625
2287	-25.143475	-18.868515625
2288	-25.225083333333334	-18.588490625
2289	-25.39693611111111	-18.834575
2290	-24.515627777777777	-17.9577234375
2291	-24.69288611111111	-18.52160625
2292	-24.902680555555555	-17.9401640625
2293	-24.736066666666666	-18.62205
2294	-25.051194444444445	-18.7083453125
2295	-25.27498888888889	-18.957021875
2296	-25.443738888888888	-18.9863703125
2297	-25.48768888888889	-18.885778125
2298	-25.381363888888888	-18.846096875
2299	-25.632402777777777	-19.23371875
2300	-25.45672777777778	-19.2909453125
