1	21.284743055555555	20.0334
2	19.213225	18.566334375
3	17.827144444444443	17.5439515625
4	16.944929166666668	16.7743953125
5	16.255234722222223	16.134690625
6	15.72311388888889	15.49109375
7	15.327341666666667	15.2292609375
8	14.948269444444444	15.0233109375
9	14.652309722222222	14.6287625
10	14.373108333333333	14.2745515625
11	14.083125	14.1754515625
12	13.864556944444445	13.7791
13	13.5098625	13.5025234375
14	13.379877777777779	13.3160609375
15	13.104348611111112	13.20275625
16	12.925877777777778	12.8359328125
17	12.708894444444445	12.7715453125
18	12.569004166666666	12.51549296875
19	12.398959722222223	12.2528390625
20	12.2101375	12.20569921875
21	12.115248611111111	11.9863125
22	11.94629861111111	11.9948234375
23	11.839823611111111	11.7455625
24	11.705958333333333	11.741403125
25	11.617884027777778	11.6410359375
26	11.483035416666667	11.5362375
27	11.397111805555555	11.27322109375
28	11.278371527777777	11.2913375
29	11.228226388888888	11.15110625
30	11.108585416666667	11.16866171875
31	10.999135416666666	11.228821875
32	10.915640972222223	10.9375734375
33	10.827210416666667	10.84580546875
34	10.772754166666667	10.80941015625
35	10.661875694444445	10.727796875
36	10.629568055555556	10.7079296875
37	10.5592125	10.52319296875
38	10.48441388888889	10.65746875
39	10.434145833333334	10.343496875
40	10.38006875	10.5982703125
41	10.314990972222223	10.3132
42	10.256746527777779	10.33157109375
43	10.213430555555556	10.20264765625
44	10.152597916666666	10.109528125
45	10.08753263888889	10.0616359375
46	10.095334027777778	10.17294609375
47	10.003715972222222	9.98106953125
48	9.98065625	10.0401953125
49	9.919463194444445	10.06251328125
50	9.92614513888889	9.966140625
51	9.850061111111112	9.8392921875
52	9.806180555555555	9.817784375
53	9.780923611111112	9.83063984375
54	9.744826388888889	9.7400703125
55	9.691743055555555	9.7326390625
56	9.657151388888888	9.652059375
57	9.617995833333334	9.67436953125
58	9.573133333333333	9.5767890625
59	9.564752777777779	9.59660703125
60	9.515682638888888	9.56148828125
61	9.505872222222223	9.5539140625
62	9.466463888888889	9.605809375
63	9.454995833333333	9.4255328125
64	9.405828472222222	9.49244375
65	9.36026875	9.41440703125
66	9.374383333333334	9.35152265625
67	9.332750694444444	9.4217171875
68	9.310621527777778	9.35556171875
69	9.314650694444444	9.3663984375
70	9.27099861111111	9.40019609375
71	9.251963194444444	9.386146875
72	9.197322222222223	9.3653546875
73	9.189547916666667	9.4257609375
74	9.156744444444444	9.20170546875
75	9.127419444444444	9.2121671875
76	9.113511805555556	9.20364921875
77	9.089421527777779	9.29596796875
78	9.019236805555556	9.0936640625
79	9.006000694444445	9.19241484375
80	9.000949305555556	9.2477859375
81	8.990417361111112	9.0609734375
82	8.947177777777778	9.161834375
83	8.911781944444444	8.97073125
84	8.89189513888889	8.9684078125
85	8.848696527777777	8.998371875
86	8.857772222222222	9.0467390625
87	8.83075625	8.97656171875
88	8.801027777777778	8.94023359375
89	8.782863194444445	8.994803125
90	8.775922222222222	8.93920078125
91	8.725809027777778	8.881609375
92	8.715718055555556	8.8571765625
93	8.69244236111111	8.83978671875
94	8.655811805555556	8.85769609375
95	8.611505555555556	8.752628125
96	8.588972222222223	8.876521875
97	8.592645833333334	8.797959375
98	8.569590972222223	8.767375
99	8.583915277777777	8.757646875
100	8.538695138888889	8.67679375
101	8.514411805555556	8.6923515625
102	8.486652777777778	8.65222265625
103	8.423009027777777	8.61905
104	8.434856944444444	8.61208515625
105	8.38481875	8.5714125
106	8.360170833333333	8.6583859375
107	8.344377083333333	8.55955625
108	8.354632638888889	8.53038359375
109	8.291110416666667	8.53399609375
110	8.271680555555555	8.56921171875
111	8.265611111111111	8.5113453125
112	8.206547916666667	8.48846484375
113	8.231290972222222	8.3883453125
114	8.187425	8.46261328125
115	8.165990972222222	8.3531546875
116	8.107515972222222	8.3983828125
117	8.120044444444444	8.42372890625
118	8.115120138888889	8.33843671875
119	8.071925	8.3124109375
120	8.061775	8.41434609375
121	8.040439583333333	8.27200390625
122	8.016959722222222	8.3410046875
123	7.977779166666667	8.2893921875
124	7.956589583333334	8.3319375
125	7.926956944444444	8.23952421875
126	7.931061111111111	8.206265625
127	7.87268125	8.2211984375
128	7.841395833333333	8.14769296875
129	7.864304861111111	8.138175
130	7.795027083333333	8.24619453125
131	7.798597916666667	8.07841171875
132	7.783148611111111	8.07953125
133	7.754775	8.08957578125
134	7.723483333333333	8.12756015625
135	7.701135416666666	8.07626484375
136	7.651172916666667	8.0932234375
137	7.668407638888889	7.9969546875
138	7.603634722222222	8.0736578125
139	7.564563888888889	7.97152109375
140	7.5876930555555555	8.0053890625
141	7.5365319444444445	7.962903125
142	7.517393055555556	7.95007578125
143	7.482055555555555	7.9086734375
144	7.52250625	8.0183078125
145	7.47003125	7.89636796875
146	7.426750694444444	7.927959375
147	7.393179166666667	7.867815625
148	7.358345833333333	7.8768546875
149	7.3660194444444445	7.830515625
150	7.304551388888889	7.8508515625
151	7.289511805555556	7.75482734375
152	7.244491666666667	7.7714703125
153	7.23068125	7.797828125
154	7.2379597222222225	7.74234140625
155	7.216835416666667	7.72440625
156	7.164353472222222	7.769240625
157	7.17569375	7.66679375
158	7.158431944444445	7.69399140625
159	7.088652777777778	7.6029859375
160	7.073696527777778	7.7194984375
161	7.061854861111111	7.6111796875
162	7.030754166666667	7.54901796875
163	6.971583333333333	7.547246875
164	6.956754861111111	7.5388625
165	6.969043055555556	7.54329921875
166	6.913363194444444	7.57420078125
167	6.857223611111111	7.5161265625
168	6.822322916666667	7.4831984375
169	6.828617361111111	7.42529609375
170	6.809654166666666	7.45768203125
171	6.7769409722222225	7.437478125
172	6.746026388888889	7.45721015625
173	6.72618125	7.47373671875
174	6.701020833333334	7.37784140625
175	6.660275694444445	7.3865390625
176	6.661579166666667	7.31007109375
177	6.629370833333334	7.33520390625
178	6.601031944444444	7.340721875
179	6.561588888888889	7.2718484375
180	6.519352083333334	7.2924828125
181	6.491390972222222	7.23213984375
182	6.454267361111111	7.2429203125
183	6.462639583333333	7.314153125
184	6.456911111111111	7.179815625
185	6.3980097222222225	7.20171796875
186	6.397391666666667	7.1988953125
187	6.334920833333333	7.1619328125
188	6.305135416666666	7.1645515625
189	6.282710416666666	7.06506875
190	6.267125694444444	7.193259375
191	6.248136111111111	7.082878125
192	6.255141666666667	7.07793125
193	6.215345138888889	7.0132296875
194	6.169352777777778	7.0572046875
195	6.141322916666667	7.06195859375
196	6.120997222222222	6.9906390625
197	6.044160416666666	6.97125234375
198	6.020469444444444	6.954321875
199	6.005932638888889	6.9600453125
200	5.969830555555555	6.94866171875
201	5.970747222222222	6.83191796875
202	5.925947222222222	6.8832671875
203	5.863757638888889	6.8647578125
204	5.8657104166666665	6.83501015625
205	5.837927777777778	6.7968703125
206	5.7933125	6.7701453125
207	5.771290277777778	6.7565296875
208	5.806032986111111	6.7298890625
209	5.7620555555555555	6.70818203125
210	5.688103125	6.74583125
211	5.778281597222223	6.72421015625
212	5.692167708333334	6.6467359375
213	5.634376388888889	6.6623328125
214	5.606805555555556	6.66484296875
215	5.544323263888889	6.6283984375
216	5.554355208333333	6.61941875
217	5.502947569444444	6.592840625
218	5.438190625	6.5666890625
219	5.469546527777778	6.528730859375
220	5.441222222222223	6.49999453125
221	5.440847222222223	6.5761078125
222	5.391951388888889	6.53801953125
223	5.330837847222222	6.471037890625
224	5.322219791666667	6.479875
225	5.262459375	6.35677421875
226	5.216669444444444	6.414309375
227	5.192697916666667	6.408496875
228	5.1906375	6.35604375
229	5.115029166666667	6.3392125
230	5.092881597222222	6.399159375
231	5.102785416666666	6.3291421875
232	5.038149305555556	6.29165546875
233	5.016140625	6.24100234375
234	5.011795833333333	6.24335
235	4.989614583333333	6.25014765625
236	4.890945138888889	6.15464453125
237	4.901095138888889	6.297714453125
238	4.966415972222222	6.33087890625
239	4.988751388888889	6.178622265625
240	4.8652267361111114	6.121181640625
241	4.869060416666667	6.1483484375
242	4.776230555555555	6.14088515625
243	4.721798611111111	6.08218359375
244	4.750260069444445	6.16354765625
245	4.757821180555555	6.09969140625
246	4.714447916666667	6.051691796875
247	4.681956944444445	6.034425
248	4.613340972222222	6.10552421875
249	4.635403472222222	6.0051375
250	4.622042361111111	6.00587265625
251	4.5492895833333336	5.912194140625
252	4.486501041666667	5.805762109375
253	4.426702083333334	5.9671078125
254	4.461702777777778	5.96059609375
255	4.390385416666667	5.8764484375
256	4.4031465277777775	5.862768359375
257	4.315409722222222	5.7873890625
258	4.288120138888889	5.77193125
259	4.245014930555556	5.81095703125
260	4.465150694444445	5.8236296875
261	4.327985763888889	5.77717578125
262	4.185264236111111	5.729225
263	4.1537194444444445	5.81875078125
264	4.110368402777778	5.67685703125
265	4.089260069444444	5.6585109375
266	4.117848263888889	5.67676484375
267	4.126268402777778	5.764309375
268	4.209442013888889	5.71122109375
269	4.060342708333334	5.628082421875
270	4.005571875	5.596287109375
271	3.9623680555555554	5.57776015625
272	3.8828586805555556	5.50107421875
273	3.861620138888889	5.573383203125
274	3.855409375	5.522146484375
275	3.8722256944444444	5.54893515625
276	3.815782291666667	5.518689453125
277	3.840071527777778	5.47582578125
278	3.7966725694444445	5.503905078125
279	3.7166774305555554	5.393780078125
280	3.7590666666666666	5.512946875
281	3.7125385416666665	5.33997109375
282	3.622847222222222	5.31014921875
283	3.6142701388888887	5.360253515625
284	3.594982986111111	5.30469921875
285	3.572725	5.540648046875
286	3.613590277777778	5.3103296875
287	3.4769552083333335	5.127089453125
288	3.4456802083333335	5.22527109375
289	3.5085	5.2467203125
290	3.50219375	5.368912890625
291	3.5027975694444446	5.212315234375
292	3.3602659722222223	5.11426640625
293	3.3989993055555554	5.23076640625
294	3.310807291666667	5.15203828125
295	3.2248322916666665	5.04108203125
296	3.259410416666667	5.1317703125
297	3.2491069444444443	5.18090078125
298	3.222407986111111	5.087296875
299	3.14713125	5.039201171875
300	3.1224451388888887	5.0609515625
301	3.1771934027777777	5.031184765625
302	3.19195625	5.111960546875
303	3.1674479166666667	5.21396640625
304	3.35986875	5.056882421875
305	3.095500347222222	4.97550703125
306	3.086429861111111	4.87874375
307	2.9734503472222222	4.8891359375
308	2.923954513888889	4.844766796875
309	2.8770949652777777	4.837132421875
310	2.8963881944444445	4.860598046875
311	2.8526489583333334	4.729576953125
312	2.7809227430555556	4.8478375
313	2.787868576388889	4.75943046875
314	2.9424684027777777	4.8222828125
315	3.145465277777778	5.0763796875
316	2.9124385416666665	4.820691015625
317	2.730759201388889	4.749760546875
318	2.687792361111111	4.6843640625
319	2.641972048611111	4.668884375
320	2.589740104166667	4.64976875
321	2.6454685763888888	4.6384515625
322	2.5744586805555554	4.6272125
323	2.610838888888889	4.631519140625
324	2.568735590277778	4.689334375
325	2.4876722222222223	4.56486953125
326	2.4628744791666666	4.66056796875
327	2.4565288194444443	4.63500546875
328	2.4620003472222223	4.71427734375
329	2.6375288194444444	4.693653125
330	2.621814236111111	4.628446875
331	2.493150347222222	4.6325171875
332	2.434151736111111	4.6788671875
333	2.3895649305555557	4.452463671875
334	2.276726215277778	4.4576703125
335	2.3790404513888888	4.502800390625
336	2.248773611111111	4.352259375
337	2.171542013888889	4.36242109375
338	2.1940520833333332	4.405091015625
339	2.2292522569444446	4.41669375
340	2.1758460069444445	4.373741796875
341	2.2048586805555557	4.337526171875
342	2.15623125	4.327775390625
343	2.6129885416666667	4.801185546875
344	2.336271875	4.397296484375
345	2.0465276041666667	4.2844171875
346	2.0112175347222223	4.4265171875
347	2.252677951388889	4.46188046875
348	2.118805034722222	4.24325
349	1.9183010416666666	4.125659765625
350	1.9037024305555557	4.15837109375
351	1.8594010416666666	4.28846796875
352	1.9301100694444444	4.219570703125
353	1.7887005208333333	4.151328515625
354	1.7419237847222222	4.1248421875
355	1.7665199652777779	4.16021640625
356	2.0272899305555554	4.1641203125
357	1.7389369791666667	4.137030859375
358	1.9631057291666667	4.320848046875
359	1.769237673611111	3.9623203125
360	1.7061765625	4.1802953125
361	1.7868050347222222	4.21929453125
362	1.7020309027777778	4.03865078125
363	1.6198557291666666	4.011430078125
364	1.6341737847222222	4.14569609375
365	1.6531524305555556	4.0361015625
366	1.6084161458333333	3.979142578125
367	1.5639444444444444	3.846155859375
368	1.37407421875	3.824240625
369	1.4907057291666668	3.9604984375
370	1.4277274305555556	3.7857015625
371	1.5260826388888888	4.048780078125
372	1.6487460069444444	4.01857890625
373	1.4609878472222222	3.82843515625
374	1.34071640625	3.90691015625
375	1.3327791666666666	4.0107421875
376	1.4119119791666668	3.953043359375
377	1.4825394097222222	3.866667578125
378	1.2951958333333333	3.785296875
379	1.2504496527777778	4.1146046875
380	1.3907178819444443	3.7956359375
381	1.5279465277777777	3.90670234375
382	1.5329100694444444	3.82922109375
383	1.1910060763888888	3.63875625
384	1.0900943576388888	3.76129375
385	1.1246081597222222	3.66147578125
386	1.1004861979166667	3.617962890625
387	1.0914457465277778	3.652533984375
388	0.9961422743055556	3.56513515625
389	1.1131559027777778	3.807069140625
390	1.1311024305555555	3.71192890625
391	1.0759151909722222	3.56576640625
392	0.9556084201388889	3.64673046875
393	1.0887141493055557	3.564239453125
394	1.1479525173611111	3.95231796875
395	1.2510777777777777	3.646398046875
396	0.9094223090277778	3.618736328125
397	0.8825168402777778	3.446329296875
398	0.7872472222222222	3.533586328125
399	0.786921875	3.4511203125
400	0.9367678819444445	3.4044078125
401	0.6923346354166666	3.304034375
402	0.6874196614583333	3.3391671875
403	0.7107838107638889	3.294113671875
404	0.7546298611111111	3.431966796875
405	0.9011322048611111	3.4377234375
406	0.8326147569444444	3.75345703125
407	1.004741579861111	3.49868359375
408	0.7390236979166667	3.815895703125
409	0.9150342013888889	3.350558984375
410	0.6055869791666667	3.276542578125
411	0.40298237847222224	3.156588671875
412	0.496809765625	3.1829763671875
413	0.4680687934027778	3.21216953125
414	0.40986106770833336	3.221271484375
415	0.34602176649305555	3.10248359375
416	0.33250030381944445	3.114758203125
417	0.36953168402777775	3.1517369140625
418	0.475559375	3.251115234375
419	0.603157421875	3.355441015625
420	0.4593007378472222	3.06337421875
421	0.24910789930555555	2.9065015625
422	0.14175475260416667	2.948649609375
423	0.13702515190972223	2.9272193359375
424	0.18859186197916666	3.04856328125
425	0.34150737847222223	3.2178609375
426	0.2631502821180556	2.9636109375
427	0.40842756076388886	3.398326171875
428	0.46592178819444446	3.03112890625
429	0.07258273654513889	2.908305078125
430	0.025757893880208334	2.9938109375
431	0.035120600043402776	2.9231611328125
432	0.16064222005208334	2.956741015625
433	0.09103285590277778	2.92224140625
434	0.09657720269097222	2.9208265625
435	-0.021592610677083332	2.87994375
436	-0.05811380208333333	2.729351953125
437	-0.1320294704861111	2.7897646484375
438	-0.14773448350694443	2.66088046875
439	-0.13563759765625	2.7650630859375
440	-0.21577647569444444	2.640193359375
441	-0.10826327039930556	2.8055375
442	0.06546283637152778	3.22741015625
443	0.3016013237847222	2.89075
444	-0.16680885416666666	2.830634765625
445	-0.11075665147569444	2.7526203125
446	-0.1161044921875	2.9162416015625
447	-0.24433081597222223	2.617550390625
448	-0.4051166666666667	2.5961296875
449	-0.28087293836805555	2.943356640625
450	-0.15980551215277777	2.5650767578125
451	-0.42824301215277777	2.58918125
452	-0.08162055121527778	2.906108984375
453	-0.19873424479166665	2.6880080078125
454	-0.4251155381944444	2.46834375
455	-0.4163834201388889	2.5158759765625
456	-0.48645789930555555	2.3795130859375
457	-0.5393436631944445	2.431641796875
458	-0.5802843315972223	2.55637578125
459	-0.5312694878472223	2.425090625
460	-0.5840462673611111	2.406275
461	-0.4384396267361111	2.606790234375
462	-0.5175432725694444	2.3949876953125
463	-0.6765638454861111	2.3802263671875
464	-0.6194212673611111	2.471222265625
465	-0.5529697916666667	2.458977734375
466	-0.4862495225694444	2.6032390625
467	-0.4152532118055556	2.8366482421875
468	0.2243291232638889	2.781196484375
469	-0.48128428819444447	2.2812283203125
470	-0.9016346354166667	2.1722248046875
471	-0.6433169270833333	2.1940130859375
472	-0.7409725694444445	2.3698162109375
473	-0.6962243489583333	2.2026603515625
474	-0.8046836805555555	2.1817046875
475	-0.7065060329861111	2.19165078125
476	-0.9253928819444445	2.1716390625
477	-0.9907830729166667	2.0705626953125
478	-1.1260459201388888	2.1788236328125
479	-1.0012144097222222	2.2495642578125
480	-0.8936239583333333	2.3009365234375
481	-0.9301227430555555	2.3066095703125
482	-0.9696336805555555	2.13751875
483	-1.040515017361111	2.2642025390625
484	-0.8041106770833333	2.209180859375
485	-0.9217551215277778	2.060656640625
486	-1.1548356770833332	1.9920806640625
487	-1.2325541666666666	2.0733193359375
488	-1.2818068576388888	1.890575
489	-1.3416059027777778	1.980644140625
490	-1.1707174479166667	1.944702734375
491	-1.2271828125	2.0957890625
492	-1.08947578125	2.556713671875
493	-0.8953293402777778	2.0668263671875
494	-1.1486710069444444	1.94218359375
495	-1.3684880208333334	1.7764365234375
496	-1.4363806423611112	1.841887109375
497	-1.4894970486111112	1.8870484375
498	-1.2370459201388888	1.8948197265625
499	-1.3567994791666667	1.8037390625
500	-1.3463690972222222	2.422359375
501	-1.076371701388889	1.969661328125
502	-1.2401940972222223	1.89124453125
503	-1.480540625	1.77800234375
504	-1.4575616319444444	1.9487888671875
505	-1.5040710069444445	1.809426171875
506	-1.4043825520833333	1.93211953125
507	-1.3842649305555557	1.7315005859375
508	-1.4945085069444444	1.87136015625
509	-1.460542013888889	1.833964453125
510	-1.559184548611111	1.691083984375
511	-1.593668576388889	2.105006640625
512	-1.2427067708333333	1.7979134765625
513	-1.5370526041666666	1.61346171875
514	-1.7457243055555556	1.61988173828125
515	-1.6552602430555556	1.64619609375
516	-1.7375118055555556	1.56668505859375
517	-1.7857456597222223	1.4389935546875
518	-1.8075960069444443	1.5065630859375
519	-1.841625173611111	1.60874345703125
520	-1.5198890625	1.63491220703125
521	-1.7927440972222222	1.48951328125
522	-1.9021138888888889	1.506212109375
523	-1.7581564236111111	1.671917578125
524	-1.7126243055555554	1.7388287109375
525	-1.7423982638888889	1.8340888671875
526	-1.3195108506944444	1.754556640625
527	-1.6124006944444444	1.634424609375
528	-1.6890128472222221	1.7519416015625
529	-1.8125791666666666	1.4196998046875
530	-1.8719366319444444	1.34088125
531	-1.9090630208333332	1.4094849609375
532	-1.7909322916666666	1.7163919921875
533	-1.6367331597222223	1.544335546875
534	-2.034473784722222	1.457212890625
535	-2.1388194444444446	1.190291015625
536	-2.2891291666666667	1.1927240234375
537	-1.9730239583333333	1.802463671875
538	-1.501365451388889	1.6270544921875
539	-1.9873524305555557	1.399557421875
540	-2.1739763888888888	1.1728150390625
541	-2.1837852430555555	1.46591640625
542	-2.1125788194444444	1.131878515625
543	-2.1913118055555554	1.191306640625
544	-2.3740444444444444	1.31444052734375
545	-2.3266722222222223	1.02111279296875
546	-2.538183854166667	1.11318173828125
547	-1.9811024305555556	1.40670546875
548	-2.1707319444444444	1.2071212890625
549	-2.4285137152777776	0.9905404296875
550	-2.5357243055555556	1.30995869140625
551	-2.3217729166666667	1.16377919921875
552	-1.2548299479166667	1.6480833984375
553	-2.193979513888889	1.08744921875
554	-2.2974225694444446	1.1936646484375
555	-2.2765508680555557	1.21146748046875
556	-2.3796756944444444	1.044180078125
557	-2.7190302083333333	0.90699375
558	-2.752881423611111	0.9029744140625
559	-2.496461111111111	1.0027509765625
560	-2.617684201388889	1.35299287109375
561	-2.3276090277777777	1.33108828125
562	-2.3680967013888887	0.92740546875
563	-2.590631597222222	1.00140498046875
564	-2.593669097222222	1.0290537109375
565	-1.4675647569444445	2.7578111328125
566	-1.3144594618055556	1.342076171875
567	-2.492661979166667	0.8813212890625
568	-2.6986725694444442	0.91950341796875
569	-2.5073239583333335	0.9939064453125
570	-2.5929210069444446	0.8217421875
571	-2.7355147569444442	0.696196484375
572	-2.9314243055555558	0.7188392578125
573	-2.7985914930555555	0.87283232421875
574	-2.554501909722222	1.6874099609375
575	-2.1167274305555557	0.9682154296875
576	-2.6978135416666666	0.9625763671875
577	-2.808579340277778	0.821165234375
578	-2.7512526041666665	0.78484453125
579	-2.8605059027777777	0.621726513671875
580	-2.9910444444444444	0.61047197265625
581	-2.6751791666666667	0.91852099609375
582	-2.8184328125	0.802396484375
583	-2.90635625	0.78166630859375
584	-3.0753993055555555	0.586444580078125
585	-3.1692798611111113	0.584853173828125
586	-3.1342461805555555	0.462871240234375
587	-3.2084121527777776	0.72272958984375
588	-3.174831597222222	0.421940576171875
589	-3.189791666666667	0.522604833984375
590	-3.2646506944444442	0.437254150390625
591	-3.301321875	0.470932666015625
592	-3.1953190972222223	0.666994775390625
593	-3.204886458333333	0.259795556640625
594	-3.162182291666667	0.687891015625
595	-3.0006336805555556	0.741472119140625
596	-3.0074638888888887	0.557571923828125
597	-3.034695833333333	0.56288271484375
598	-3.3170836805555557	0.56938447265625
599	-3.3055979166666667	0.4041565673828125
600	-3.4084819444444445	0.3807909912109375
601	-3.415215625	0.54988203125
602	-3.387032291666667	0.45125966796875
603	-3.2947319444444445	0.473130078125
604	-3.2720246527777777	0.512412353515625
605	-3.4700243055555555	0.268638330078125
606	-3.363771875	0.320457080078125
607	-3.2750805555555558	0.358737451171875
608	-3.3256965277777777	0.3456618896484375
609	-3.588979861111111	0.2788652099609375
610	-3.490502777777778	0.2563591064453125
611	-3.6738746527777777	0.274091064453125
612	-3.6200965277777777	0.2085863037109375
613	-3.6294774305555557	0.2211687744140625
614	-3.7505274305555556	0.09035936889648437
615	-3.7080979166666665	0.13286790771484375
616	-3.8017006944444445	0.640457421875
617	-3.2483760416666665	0.2156302978515625
618	-3.8295097222222223	0.06025452880859375
619	-3.7802409722222223	0.07710685424804688
620	-3.788414583333333	-0.06398575439453125
621	-3.754847916666667	0.2473700927734375
622	-3.0672149305555556	0.84520419921875
623	-3.2949208333333333	0.259494873046875
624	-3.61385	0.22472490234375
625	-3.897653125	0.004395904541015625
626	-3.5577065972222224	0.4654693359375
627	-3.2639458333333335	0.469849462890625
628	-3.185114236111111	0.60837333984375
629	-3.4771725694444444	0.2632878662109375
630	-3.7381479166666667	0.024880194091796873
631	-3.995154861111111	-0.10229210815429687
632	-3.618843402777778	0.08201260375976563
633	-3.905127777777778	-0.146524658203125
634	-4.14955625	-0.16585628662109375
635	-4.174917708333333	-0.228069140625
636	-3.7308371527777777	0.07365568237304687
637	-4.070843055555556	-0.17865361328125
638	-3.8010003472222222	0.208783349609375
639	-3.3279677083333334	0.85680244140625
640	-3.169229513888889	0.28285068359375
641	-3.843545486111111	-0.120846044921875
642	-4.116765972222222	-0.0869985595703125
643	-4.233309027777778	-0.19080623779296876
644	-4.229832291666667	-0.275828466796875
645	-4.163970486111111	-0.120116943359375
646	-4.298398611111111	-0.335244775390625
647	-4.375023263888889	-0.3218064208984375
648	-4.310192013888889	-0.2306537109375
649	-4.3521253472222226	-0.1752301513671875
650	-4.408572222222222	-0.10857789306640625
651	-3.722520138888889	0.3453721923828125
652	-3.699874652777778	0.10357479248046875
653	-3.678167013888889	-0.06815460815429687
654	-4.253863541666667	-0.3274875244140625
655	-4.423267361111111	-0.33717451171875
656	-4.383080208333333	-0.2797314208984375
657	-4.486659375	-0.3940035888671875
658	-4.5819350694444445	-0.58644873046875
659	-4.684713888888889	-0.58833369140625
660	-4.617370833333333	-0.509399951171875
661	-4.433228125	-0.43722138671875
662	-4.476078472222222	-0.46101162109375
663	-4.637448611111111	-0.5105435546875
664	-4.696718055555555	-0.59498779296875
665	-4.671696875	-0.49719736328125
666	-4.598627430555555	-0.38404697265625
667	-4.693300347222222	-0.5474921875
668	-4.801814583333333	-0.015122573852539062
669	-3.987017708333333	-0.09939315185546875
670	-4.315272569444445	-0.55066611328125
671	-4.659839236111111	-0.5490640625
672	-4.776404861111111	-0.631204296875
673	-4.800506597222222	-0.45611533203125
674	-4.643345138888889	-0.51848359375
675	-4.565014583333333	-0.469902783203125
676	-4.589308680555556	-0.52501826171875
677	-4.770798611111111	-0.618737744140625
678	-4.896857638888889	-0.522275732421875
679	-4.513440625	0.419167578125
680	-3.342865277777778	0.278061474609375
681	-4.220545833333333	-0.417936669921875
682	-4.750122569444445	-0.723376953125
683	-5.068114583333333	-0.7941318359375
684	-5.107678125	-0.73715478515625
685	-5.006760763888889	-0.619652197265625
686	-4.835114236111111	-0.555174560546875
687	-4.838935416666667	-0.83667451171875
688	-5.070350347222222	-0.7760427734375
689	-4.609153819444445	-0.6609697265625
690	-5.048809722222222	-0.99075810546875
691	-5.2694631944444446	-0.70967333984375
692	-4.979615277777778	-0.8488501953125
693	-5.223551736111111	-0.9326880859375
694	-5.074276388888889	-0.74778916015625
695	-4.2988534722222225	-0.488441796875
696	-5.038868402777778	-0.93861494140625
697	-5.256992361111111	-0.73144619140625
698	-4.9837822916666665	-0.818948486328125
699	-5.077042013888889	-1.03781650390625
700	-5.406785069444444	-1.0724119140625
701	-5.474660763888889	-1.156348828125
702	-5.2421822916666665	-1.0420138671875
703	-5.433073611111111	-1.17244033203125
704	-5.516981597222222	-1.162786328125
705	-5.568088888888889	-1.1905328125
706	-5.312331944444445	-0.9633259765625
707	-5.29009375	-0.99724677734375
708	-5.494833680555556	-1.0339783203125
709	-5.313202777777778	-0.9544447265625
710	-5.4105059027777775	-1.184912109375
711	-5.421559027777778	-1.23510341796875
712	-5.494403125	-0.95859658203125
713	-5.393553819444445	-1.24648828125
714	-5.659297569444444	-1.22909873046875
715	-5.326729513888889	-0.4893505859375
716	-5.087795486111111	-1.077608984375
717	-5.550047222222222	-1.27235390625
718	-5.522827777777778	-1.1863052734375
719	-5.7181347222222225	-1.40711376953125
720	-5.816684722222222	-1.32788974609375
721	-5.825750694444444	-1.235092578125
722	-5.740692013888889	-1.34512890625
723	-5.860211111111111	-1.4468845703125
724	-5.451313541666667	-1.23672177734375
725	-5.7757958333333335	-1.3286375
726	-5.91051875	-1.47765009765625
727	-6.077300694444444	-1.5219693359375
728	-5.854591666666667	-1.44254375
729	-5.874856944444445	-1.5201869140625
730	-5.763023263888889	-1.190036328125
731	-5.178527777777778	-0.91532509765625
732	-5.399248263888889	-1.23894951171875
733	-5.6122861111111115	-1.47072724609375
734	-5.860069444444444	-1.4980357421875
735	-5.901924305555555	-1.4512501953125
736	-5.798246180555555	-1.3409794921875
737	-5.8962208333333335	-1.6075498046875
738	-6.059106944444444	-1.626933984375
739	-6.130660416666666	-1.455682421875
740	-5.7813357638888885	-1.34503134765625
741	-5.966922222222222	-1.66889609375
742	-5.932839583333333	-1.614266015625
743	-5.971039583333333	-1.25607216796875
744	-5.9498597222222225	-1.72024609375
745	-6.154586805555556	-1.70896484375
746	-6.293552777777778	-1.459719921875
747	-6.0880777777777775	-1.6157140625
748	-6.084853472222222	-1.48341376953125
749	-5.972347916666667	-1.771072265625
750	-6.259382638888889	-1.6575564453125
751	-6.225793055555555	-1.65473125
752	-6.009536805555555	-1.5434310546875
753	-6.224013888888889	-1.6442625
754	-6.109371527777777	-1.69918671875
755	-6.259257638888889	-1.7381578125
756	-6.4236402777777775	-1.9236623046875
757	-6.397554166666667	-1.9603474609375
758	-6.443566666666666	-1.55750439453125
759	-6.271517361111111	-1.7321794921875
760	-6.294463194444444	-1.790170703125
761	-6.422915972222222	-1.543983984375
762	-5.682725694444445	-1.28904755859375
763	-5.882552777777778	-1.7952623046875
764	-6.251592361111111	-1.743584765625
765	-6.4491652777777775	-1.82733828125
766	-6.437877777777778	-1.994986328125
767	-6.5360354166666665	-1.91429921875
768	-6.610099305555556	-2.09585625
769	-6.709920138888889	-2.04353984375
770	-6.6861625	-1.938390234375
771	-6.610830555555555	-2.09227421875
772	-6.435918055555556	-1.5209078125
773	-6.24506875	-1.795301953125
774	-6.338701388888889	-2.0139755859375
775	-6.764043055555556	-2.04661875
776	-6.837516666666667	-2.263053125
777	-6.940584027777778	-2.27312109375
778	-6.740884027777778	-1.9731431640625
779	-6.668172222222222	-1.9965634765625
780	-6.485768055555556	-2.0292751953125
781	-6.62295625	-2.1425068359375
782	-6.788531944444444	-2.1351484375
783	-6.854804861111111	-2.331758203125
784	-7.06898125	-2.3170625
785	-7.020764583333333	-2.350330078125
786	-7.024384027777778	-2.0982173828125
787	-6.78398125	-1.83132109375
788	-6.695275	-2.21525859375
789	-6.754234027777778	-1.4683361328125
790	-6.36995625	-2.2526484375
791	-6.931390277777778	-1.936378125
792	-5.784427430555556	-0.626805517578125
793	-5.849383333333333	-1.9030701171875
794	-6.811956944444445	-2.3418486328125
795	-6.782172222222222	-1.7356046875
796	-6.632725	-2.1728796875
797	-7.043615277777778	-2.36525546875
798	-7.188558333333333	-2.360477734375
799	-6.995384722222222	-1.8384796875
800	-6.766204861111111	-2.1876921875
801	-6.996786805555556	-2.407871875
802	-6.9889625	-2.3972759765625
803	-7.129455555555555	-2.4685765625
804	-7.225501388888889	-2.4200822265625
805	-7.270361111111111	-2.418248828125
806	-7.337503472222222	-2.6002640625
807	-7.479984722222222	-2.66853203125
808	-7.07959375	-2.228419140625
809	-7.176661805555556	-2.470083984375
810	-6.8691708333333334	-2.1350865234375
811	-7.116352777777778	-2.5020453125
812	-7.285072222222222	-2.521086328125
813	-7.2755777777777775	-2.399410546875
814	-7.163020833333333	-2.22818828125
815	-7.3658013888888885	-2.72190625
816	-7.632408333333333	-2.710072265625
817	-7.567370833333333	-2.7370384765625
818	-7.687598611111111	-2.8603265625
819	-7.727561805555555	-2.9184671875
820	-7.6875631944444445	-2.5421123046875
821	-7.350663888888889	-2.3793982421875
822	-7.26225	-2.50721953125
823	-7.561677777777778	-2.903930859375
824	-7.811277083333334	-2.8550146484375
825	-7.863740277777778	-2.86165078125
826	-7.807357638888889	-2.9485138671875
827	-7.833472916666667	-2.9314654296875
828	-7.772714583333333	-2.08369140625
829	-7.040600694444445	-2.704385546875
830	-7.61466875	-2.80533046875
831	-7.779308333333334	-2.9451677734375
832	-7.959940277777778	-2.8549025390625
833	-7.838797222222222	-2.973541796875
834	-7.997096527777778	-2.81510546875
835	-7.9060097222222225	-3.11135078125
836	-8.000765972222222	-2.749402734375
837	-7.794911111111111	-2.99763359375
838	-7.871665972222222	-2.953623046875
839	-7.887001388888889	-2.9891671875
840	-7.7868256944444445	-2.50360546875
841	-7.272524305555556	-2.6404142578125
842	-7.7209715277777775	-2.888565234375
843	-7.793075694444444	-2.639238671875
844	-7.774577777777778	-2.9465515625
845	-8.147640972222222	-3.08802109375
846	-7.195395138888889	-2.630462890625
847	-7.851214583333333	-3.0585697265625
848	-8.147609722222223	-3.1200837890625
849	-8.173801388888888	-3.082914453125
850	-8.244376388888888	-3.27163671875
851	-8.33306875	-3.194331640625
852	-8.151644444444445	-3.03641328125
853	-8.161067361111112	-3.1835630859375
854	-8.354815277777778	-3.275460546875
855	-8.38093125	-3.4002546875
856	-8.437575	-3.189737890625
857	-8.322743055555556	-3.199891015625
858	-8.443675	-3.234253125
859	-8.443173611111112	-3.3881015625
860	-8.452671527777778	-3.060002734375
861	-8.2699125	-3.06267734375
862	-8.223389583333333	-3.2473392578125
863	-8.462474305555556	-3.385225
864	-8.484350694444444	-3.312925390625
865	-8.502634722222222	-3.361372265625
866	-8.496095138888888	-3.34228828125
867	-8.574272916666667	-3.39086328125
868	-8.644015972222222	-3.47861328125
869	-8.667250694444444	-3.46992890625
870	-8.580534722222222	-3.41659296875
871	-8.584980555555555	-3.549376171875
872	-8.692678472222223	-3.53347265625
873	-8.692908333333333	-3.4982640625
874	-8.681920833333333	-3.443205078125
875	-8.696504166666667	-3.605668359375
876	-8.692186111111111	-3.51276875
877	-8.658478472222223	-3.5235953125
878	-8.498894444444444	-3.158513671875
879	-8.397077777777778	-3.58508984375
880	-8.72541111111111	-3.49971640625
881	-8.800991666666667	-3.742723828125
882	-8.880347222222222	-3.34775546875
883	-8.68239513888889	-3.607368359375
884	-8.92414375	-3.64616328125
885	-8.802613194444444	-3.37320703125
886	-8.444843055555555	-3.38065234375
887	-8.309575	-3.2164318359375
888	-8.581706944444445	-3.592837109375
889	-8.780820833333333	-3.488755859375
890	-8.793657638888888	-3.614853125
891	-8.438029166666666	-3.034716796875
892	-8.455377083333333	-3.593575390625
893	-8.811243055555556	-3.61611328125
894	-8.921508333333334	-3.600947265625
895	-8.827859027777778	-3.767151953125
896	-8.605874305555556	-3.569854296875
897	-8.960667361111112	-3.82690390625
898	-8.876590972222223	-3.729458984375
899	-9.171545833333333	-3.87630859375
900	-9.181704861111111	-3.867494140625
901	-9.245350694444445	-3.887440625
902	-9.221515972222223	-3.839968359375
903	-8.181456944444445	-3.2223314453125
904	-8.718933333333334	-3.49780390625
905	-8.901483333333333	-3.773105078125
906	-8.914070833333334	-3.733039453125
907	-8.867761805555556	-3.559541796875
908	-8.793886111111112	-3.709775
909	-9.009589583333334	-3.920448828125
910	-9.28399375	-3.909652734375
911	-9.275791666666667	-4.0151984375
912	-9.026501388888889	-3.682336328125
913	-8.933948611111111	-3.7143796875
914	-9.131892361111111	-3.8271859375
915	-9.090607638888889	-3.52839609375
916	-8.678304166666667	-3.76046015625
917	-9.060221527777777	-4.013050390625
918	-9.26950625	-4.019553515625
919	-9.485235416666667	-4.182926953125
920	-9.598769444444445	-4.1908328125
921	-9.584236805555555	-4.10725390625
922	-9.522469444444445	-4.191407421875
923	-9.454449305555556	-4.0616515625
924	-9.363796527777778	-3.957490234375
925	-9.57112986111111	-3.91620234375
926	-9.202376388888888	-4.11204296875
927	-9.344483333333333	-4.11831875
928	-9.63921875	-4.24222890625
929	-9.6331125	-3.999201171875
930	-9.47181111111111	-3.941628125
931	-9.275227777777777	-3.8682125
932	-9.564419444444445	-4.286089453125
933	-9.67660486111111	-3.98663359375
934	-9.706188194444444	-4.34594765625
935	-9.579421527777777	-4.180621875
936	-9.730170833333334	-4.257949609375
937	-9.743595138888889	-4.39399296875
938	-9.82837638888889	-4.29612734375
939	-9.699061805555555	-4.224724609375
940	-9.800816666666666	-4.050518359375
941	-9.617874305555555	-4.240733984375
942	-9.845590277777777	-4.398895703125
943	-9.922389583333333	-4.32967421875
944	-9.830482638888888	-4.25700234375
945	-9.842078472222223	-4.423612109375
946	-9.950782638888889	-4.41005546875
947	-9.986753472222222	-4.45152734375
948	-9.73591875	-4.27751015625
949	-9.915797222222222	-4.592283984375
950	-10.175721527777778	-4.6490578125
951	-10.120924305555555	-4.33347890625
952	-10.048680555555556	-4.5160015625
953	-10.024191666666667	-4.43542265625
954	-10.003020138888889	-4.4993546875
955	-9.932529166666667	-4.21565
956	-9.937509722222222	-4.47126953125
957	-10.008947222222222	-4.22623046875
958	-9.862699305555555	-4.519923828125
959	-10.089461805555555	-4.642916015625
960	-9.977308333333333	-4.480438671875
961	-9.949022222222222	-4.399116015625
962	-10.097869444444445	-4.500707421875
963	-10.11089861111111	-4.424627734375
964	-9.626966666666666	-4.142150390625
965	-9.798547916666667	-4.391828515625
966	-9.91829375	-4.16565625
967	-9.809760416666666	-4.34603203125
968	-10.103529861111111	-4.668526953125
969	-10.315692361111111	-4.71095703125
970	-10.372645138888888	-4.763483203125
971	-10.446548611111112	-4.76678984375
972	-10.444509027777778	-4.775889453125
973	-10.554748611111112	-4.89785234375
974	-10.52154375	-4.809455859375
975	-10.51806388888889	-4.901784375
976	-10.515763194444444	-4.8149015625
977	-10.49996875	-4.844696875
978	-10.522452777777778	-4.655416796875
979	-10.51411875	-4.81021328125
980	-10.538515972222223	-4.881168359375
981	-10.634339583333333	-4.78179375
982	-10.434240277777779	-4.4516609375
983	-10.299416666666668	-4.70361484375
984	-10.414484722222221	-4.55040703125
985	-10.3729875	-4.601544921875
986	-10.479383333333333	-4.9272546875
987	-10.579386805555556	-4.5886453125
988	-10.42992986111111	-4.86488046875
989	-10.472481944444445	-4.0797109375
990	-9.883393055555555	-4.67932578125
991	-10.476783333333334	-4.80879453125
992	-10.601392361111111	-4.926234765625
993	-10.752383333333333	-4.940080078125
994	-10.409659027777778	-4.569593359375
995	-10.415557638888888	-4.74011640625
996	-10.374969444444444	-4.8753890625
997	-10.750084027777778	-5.02354453125
998	-10.828577083333334	-5.17999921875
999	-10.895718055555555	-5.03017734375
1000	-10.77062638888889	-4.95903515625
1001	-10.790811111111111	-5.0036328125
1002	-10.888572916666666	-5.1692953125
1003	-11.00390625	-5.06812109375
1004	-11.00771875	-5.060377734375
1005	-10.586229166666667	-4.9921875
1006	-10.898319444444445	-5.07355625
1007	-10.929288194444444	-5.089403125
1008	-10.929849305555555	-5.1018375
1009	-10.959961111111111	-5.0707171875
1010	-10.992061111111111	-5.222203125
1011	-10.98846875	-5.097228515625
1012	-10.884886111111111	-5.120623828125
1013	-11.03107638888889	-5.1478625
1014	-11.137164583333334	-5.29606640625
1015	-11.059883333333334	-5.225525
1016	-11.10399861111111	-5.34366484375
1017	-11.21271875	-5.268376953125
1018	-11.20962361111111	-5.297571875
1019	-11.24638888888889	-5.2508328125
1020	-11.258566666666667	-5.411709375
1021	-11.36719375	-5.39362421875
1022	-11.347539583333333	-5.3065140625
1023	-11.222318055555556	-5.346990625
1024	-11.316066666666666	-5.393230078125
1025	-11.414261111111111	-5.31506640625
1026	-9.541855555555555	-4.264296875
1027	-10.346408333333333	-5.0793203125
1028	-11.029225694444444	-5.206894921875
1029	-11.225343055555555	-5.33082578125
1030	-11.387243055555556	-5.521478125
1031	-11.487664583333334	-5.50906796875
1032	-11.307321527777777	-5.427808984375
1033	-11.428470833333334	-5.4636796875
1034	-11.165341666666666	-5.13008359375
