1	21.361183333333333	20.1800734375
2	19.242716666666666	18.47119375
3	17.910373611111112	18.0320640625
4	17.14721388888889	17.549865625
5	16.529291666666666	17.1037125
6	16.017309722222222	16.7529078125
7	15.556890277777779	16.301340625
8	15.23472361111111	16.136503125
9	14.82717361111111	15.86836875
10	14.491168055555555	15.5243265625
11	14.177145833333332	15.1972265625
12	13.949801388888888	14.895159375
13	13.627623611111112	14.7548390625
14	13.403106944444444	14.30259375
15	13.216356944444444	14.201275
16	12.98937361111111	13.956690625
17	12.799252777777777	13.869809375
18	12.626269444444445	13.7358625
19	12.481452777777777	13.4860953125
20	12.354830555555555	13.3509
21	12.262097222222222	13.174965625
22	12.063855555555556	13.020478125
23	11.94858611111111	13.086684375
24	11.87326388888889	13.1340296875
25	11.772615277777778	12.964328125
26	11.675695833333334	12.9128484375
27	11.554653472222222	12.8211546875
28	11.509781944444445	12.86175859375
29	11.381343055555556	12.74925234375
30	11.284836805555555	12.74316875
31	11.260986805555556	12.7312640625
32	11.147440277777777	12.6728
33	11.138109722222222	12.55428671875
34	11.092477777777777	12.60241796875
35	10.979234722222222	12.63344453125
36	10.890209722222222	12.630378125
37	10.901863194444445	12.49336484375
38	10.816563888888888	12.4516046875
39	10.85143888888889	12.459721875
40	10.718921527777777	12.54684921875
41	10.729820833333333	12.54314765625
42	10.63846875	12.436284375
43	10.618413888888888	12.34766796875
44	10.552381944444445	12.31026796875
45	10.518665277777778	12.3609234375
46	10.447074305555555	12.354059375
47	10.442555555555556	12.43555859375
48	10.440710416666667	12.2530765625
49	10.334754166666666	12.2464015625
50	10.334252083333332	12.28474765625
51	10.27143125	12.2722015625
52	10.314275694444444	12.28474375
53	10.211116666666667	12.2604421875
54	10.199427083333333	12.13836171875
55	10.200020138888888	12.11068125
56	10.150463194444445	12.02384765625
57	10.106289583333334	12.06828671875
58	10.054969444444444	12.11348515625
59	10.011941666666667	12.0349328125
60	10.010066666666667	12.0072875
61	9.954828472222221	12.014034375
62	9.90412361111111	12.0009671875
63	9.881716666666666	11.93076328125
64	9.868813194444444	11.956428125
65	9.857841666666667	11.9076796875
66	9.820715277777778	11.94960625
67	9.807538888888889	11.8333171875
68	9.781504166666666	12.0025875
69	9.760432638888888	11.84563671875
70	9.716126388888888	11.867896875
71	9.702802083333333	11.81421328125
72	9.676163888888889	11.6957375
73	9.627914583333334	11.76931015625
74	9.646405555555555	11.6815640625
75	9.597048611111111	11.7208515625
76	9.562778472222222	11.6287421875
77	9.495483333333333	11.6859515625
78	9.529514583333333	11.62262109375
79	9.511340972222222	11.753228125
80	9.467884027777778	11.6529015625
81	9.40275625	11.73040078125
82	9.423532638888888	11.634690625
83	9.373725	11.66092578125
84	9.38256111111111	11.7198265625
85	9.33555138888889	11.6669953125
86	9.320432638888889	11.5984796875
87	9.247774305555556	11.55416875
88	9.246070833333333	11.4978421875
89	9.230739583333333	11.4944890625
90	9.219477777777778	11.47153515625
91	9.172134027777778	11.37665078125
92	9.144575	11.4302546875
93	9.131422916666667	11.3986671875
94	9.094124305555555	11.4130515625
95	9.086695833333334	11.49068125
96	9.08059861111111	11.393015625
97	9.023139583333334	11.378346875
98	9.001704166666666	11.310759375
99	9.012561805555556	11.41200859375
100	8.95714861111111	11.41738359375
101	8.972175	11.3258140625
102	8.921125	11.2974578125
103	8.869438888888888	11.39445625
104	8.906796527777777	11.31017109375
105	8.89895763888889	11.266884375
106	8.829436805555556	11.3984046875
107	8.810924305555556	11.37150546875
108	8.803027777777778	11.24027421875
109	8.78043125	11.11240390625
110	8.74459375	11.1345046875
111	8.7063625	11.22191640625
112	8.66414375	11.20663828125
113	8.66836736111111	11.1710203125
114	8.65335	11.05329296875
115	8.640459027777778	11.0527734375
116	8.569880555555555	11.0339515625
117	8.565806944444445	11.1645421875
118	8.555261111111111	11.0917390625
119	8.543501388888888	11.1232546875
120	8.492561805555555	10.92597109375
121	8.476881944444445	11.04556640625
122	8.476756944444444	10.912103125
123	8.463495833333333	11.0022546875
124	8.422765972222223	10.92497421875
125	8.371766666666666	10.9312265625
126	8.356775694444444	10.93510390625
127	8.326057638888889	10.8841890625
128	8.325436805555556	10.87117109375
129	8.280345138888888	10.9031515625
130	8.281530555555555	10.85404296875
131	8.23750625	10.8933953125
132	8.231317361111111	10.8399140625
133	8.172350694444445	10.8494203125
134	8.192397916666666	10.86217109375
135	8.170599305555555	10.78401953125
136	8.130863194444444	10.74054921875
137	8.093529861111112	10.8075
138	8.112072222222222	10.6631609375
139	8.042640277777778	10.66350625
140	8.062917361111111	10.714971875
141	8.041239583333333	10.7595953125
142	7.984045138888889	10.71989140625
143	7.974990972222222	10.7975203125
144	7.942347222222222	10.6286546875
145	7.880992361111111	10.54205546875
146	7.906535416666666	10.6513109375
147	7.875800694444444	10.5452609375
148	7.842511111111111	10.493425
149	7.840654166666667	10.47966796875
150	7.8410416666666665	10.597778125
151	7.776954166666667	10.63565625
152	7.74116875	10.42326640625
153	7.7103166666666665	10.466090625
154	7.699884722222222	10.4386328125
155	7.662063888888889	10.6240359375
156	7.67453125	10.42219296875
157	7.62939375	10.42926328125
158	7.610903472222223	10.48878046875
159	7.542882638888889	10.38229609375
160	7.574214583333333	10.435446875
161	7.478438888888889	10.371865625
162	7.507813194444444	10.43484609375
163	7.4556659722222225	10.4015125
164	7.40675	10.31151328125
165	7.414877777777778	10.266171875
166	7.358227777777778	10.3831078125
167	7.304979861111111	10.2913765625
168	7.296394444444444	10.23666875
169	7.2466333333333335	10.1287140625
170	7.265722916666666	10.2564203125
171	7.250975694444445	10.27016015625
172	7.171175694444444	10.2315359375
173	7.1489375	10.2566375
174	7.147228472222222	10.1364203125
175	7.08504375	10.17884609375
176	7.0566104166666666	10.04705
177	7.060699305555556	10.0353140625
178	7.019059027777778	9.9943765625
179	6.988308333333333	9.958146875
180	6.949634722222222	9.92346171875
181	6.9304097222222225	9.95312421875
182	6.909923611111111	9.95338125
183	6.866922916666667	10.006403125
184	6.869908333333333	9.986559375
185	6.845119444444444	9.9139484375
186	6.8509416666666665	9.89172890625
187	6.740205555555556	9.7730203125
188	6.739807638888889	9.78026875
189	6.7436638888888885	9.92844765625
190	6.701873611111111	9.84295078125
191	6.65164375	9.8834875
192	6.608386805555556	9.7347953125
193	6.557111111111111	9.6595578125
194	6.549152777777778	9.73334375
195	6.504613888888889	9.63298984375
196	6.4677847222222224	9.69742265625
197	6.4451729166666665	9.66165234375
198	6.476479861111111	9.60794765625
199	6.436815972222222	9.6616203125
200	6.398259027777778	9.6165765625
201	6.340417361111111	9.5168015625
202	6.29605	9.5571828125
203	6.254945138888889	9.53169765625
204	6.237716666666667	9.51938125
205	6.199169444444444	9.50758046875
206	6.182118055555556	9.37335390625
207	6.137025	9.35196015625
208	6.105033333333333	9.5247140625
209	6.092136805555556	9.39378984375
210	6.031077777777778	9.4860328125
211	6.027311805555556	9.498771875
212	5.993804861111111	9.33946640625
213	5.983775694444445	9.29195078125
214	5.92855625	9.23718046875
215	5.887692361111111	9.21702421875
216	5.840647916666667	9.32027421875
217	5.843015277777778	9.170271875
218	5.794421527777778	9.16537109375
219	5.766242361111111	9.1864546875
220	5.719270486111111	9.14166171875
221	5.699417708333334	9.24095390625
222	5.647229513888889	9.20066328125
223	5.649166319444444	9.11516328125
224	5.686951736111111	9.1012203125
225	5.616008680555556	9.12429296875
226	5.5561895833333335	9.05303203125
227	5.517151736111111	9.0242953125
228	5.482243055555555	8.90342890625
229	5.495724652777778	8.96335
230	5.475947569444444	9.0260484375
231	5.407082638888889	8.8963640625
232	5.367465625	8.93698046875
233	5.354580555555556	8.74294375
234	5.281684027777778	8.9106796875
235	5.2792288194444446	8.72879375
236	5.241382638888889	8.875084375
237	5.22979375	8.7638859375
238	5.162481597222222	8.715284375
239	5.1672722222222225	8.776703125
240	5.1652875	8.7297265625
241	5.147926388888889	8.6742890625
242	5.054939583333334	8.7201546875
243	5.081992361111111	8.73978046875
244	5.035682986111111	8.64694765625
