mass_1	mass_2	phase	time	distance	a_1	a_2	tilt_1	tilt_2	phi_12	phi_jl	theta_jn	psi	ra	dec
1.0	1.0	0.09614	0.99804	0.23243	0.20131	0.09805	0.08155	0.08096	0.08025	0.20491	0.51814	0.11278	0.49823	1.00037
1.0	1.00001	0.10921	0.99833	0.19435	0.13858	0.07501	0.05339	0.07523	0.07363	0.20181	0.58048	0.13927	0.53198	1.00026
1.0	1.0	0.11146	0.99867	0.25917	0.09043	0.06305	0.0348	0.10225	0.07209	0.15177	0.59019	0.14348	0.31513	1.00004
1.0	1.0	0.07131	0.99811	0.23818	0.11961	0.0622	0.12145	0.07885	0.05878	0.11626	0.60261	0.07902	0.45631	1.0
1.0	1.00001	0.06005	0.99937	0.1588	0.09811	0.05412	0.06615	0.10275	0.0607	0.11611	0.57598	0.06876	0.48157	1.0
1.0	1.0	0.05676	0.99904	0.14131	0.08479	0.05841	0.08779	0.14456	0.05449	0.08847	0.62284	0.07051	0.5863	1.0
1.0	1.0	0.05682	0.99966	0.1409	0.08912	0.05273	0.1026	0.10858	0.05526	0.16844	0.60448	0.06979	0.63464	1.0
1.0	1.00001	0.05087	0.99937	0.11473	0.09256	0.05671	0.09009	0.14211	0.05488	0.10277	0.56178	0.0659	0.58455	1.0
1.0	1.00001	0.05204	0.9999	0.12772	0.09426	0.04983	0.12088	0.20773	0.05472	0.05181	0.59104	0.05932	0.53822	1.0
1.0	1.0	0.05646	0.99993	0.10754	0.10876	0.0486	0.11359	0.13209	0.05047	0.05151	0.55117	0.05332	0.46693	1.0
1.0	1.00001	0.0487	0.99988	0.12539	0.0948	0.04555	0.12801	0.17757	0.05097	0.04335	0.50869	0.06283	0.47749	1.0
1.0	1.00001	0.04962	0.99999	0.08964	0.08585	0.04579	0.08657	0.1635	0.04713	0.06015	0.38474	0.05863	0.48432	1.0
1.0	1.00001	0.04745	0.99976	0.10004	0.07565	0.0399	0.09998	0.12212	0.04936	0.04222	0.34248	0.06205	0.4771	1.0
1.0	1.00001	0.05036	0.99997	0.08994	0.05619	0.03971	0.12698	0.13479	0.04968	0.04621	0.46381	0.0715	0.4225	1.0
1.0	1.0	0.05471	0.99991	0.09913	0.0603	0.03628	0.15264	0.16721	0.04917	0.04797	0.40488	0.07089	0.43386	1.0
1.0	1.00001	0.05276	0.99997	0.07527	0.05856	0.0399	0.21068	0.18721	0.05232	0.0596	0.29541	0.06887	0.39586	1.0
1.0	1.00001	0.05712	0.99989	0.07253	0.0463	0.03982	0.19859	0.15206	0.04939	0.06181	0.24472	0.0666	0.39521	1.0
1.0	1.0	0.06084	0.99996	0.0921	0.06816	0.04584	0.09255	0.1655	0.04936	0.08942	0.22627	0.0801	0.38506	1.0
1.0	inf	0.06003	0.99985	0.09465	0.04838	0.03894	0.16743	0.12297	0.0505	0.08994	0.20792	0.08497	0.39549	1.0
1.0	1.0	0.05612	0.99993	0.07098	0.06704	0.04137	0.18672	0.14781	0.05017	0.08913	0.27484	0.09643	0.42133	1.0
1.0	1.00001	0.05074	0.99997	0.06637	0.05646	0.04554	0.20678	0.14249	0.04954	0.11312	0.20922	0.09356	0.47055	1.0
1.0	1.00001	0.05003	0.99999	0.05695	0.07865	0.037	0.10421	0.184	0.05103	0.08274	0.18436	0.08999	0.43989	1.0
1.0	1.00001	0.05122	0.99998	0.06388	0.06976	0.03225	0.22306	0.15257	0.04872	0.09483	0.16381	0.09181	0.40472	1.0
1.0	1.00001	0.05396	1.0	0.06298	0.07375	0.03318	0.21205	0.127	0.04653	0.09512	0.17547	0.08744	0.46818	1.0
1.0	1.0	0.0482	0.99993	0.06322	0.0706	0.03251	0.27591	0.14107	0.04835	0.07135	0.19487	0.08447	0.39082	1.0
1.0	1.0	0.04734	0.99999	0.06823	0.09211	0.03456	0.19443	0.15536	0.04721	0.09653	0.22053	0.08195	0.4159	1.0
0.99996	1.00001	0.0471	0.99999	0.05658	0.08588	0.03202	0.18406	0.12014	0.04891	0.09895	0.152	0.08463	0.43831	1.0
1.0	1.00001	0.04691	0.99992	0.06246	0.08303	0.02802	0.19181	0.15126	0.04854	0.0833	0.16692	0.07791	0.42899	1.0
1.0	1.0	0.04509	1.0	0.05607	0.10968	0.02883	0.20453	0.1556	0.04685	0.1106	0.15858	0.08177	0.44445	1.0
1.0	inf	0.04435	0.99995	0.05898	0.0695	0.02684	0.17419	0.13743	0.04682	0.10876	0.14923	0.08893	0.46867	1.0
1.0	1.00001	0.04502	1.0	0.05993	0.06729	0.0306	0.1565	0.109	0.04491	0.10582	0.15107	0.07634	0.48185	1.0
1.0	1.00001	0.04709	1.0	0.06073	0.05771	0.02303	0.13448	0.08405	0.04885	0.14609	0.16841	0.07857	0.47308	1.0
1.0	1.0	0.04381	0.99995	0.05836	0.07898	0.02937	0.11769	0.07355	0.04473	0.18386	0.1885	0.07561	0.50298	1.0
1.0	1.0	0.03743	0.99999	0.05162	0.0705	0.02809	0.2233	0.08146	0.04516	0.11951	0.15089	0.0768	0.52261	1.0
1.0	1.0	0.03707	1.0	0.0519	0.07713	0.04115	0.16874	0.09426	0.04445	0.14899	0.1499	0.08636	0.51518	1.0
1.0	1.00001	0.03512	1.0	0.05156	0.09648	0.0368	0.1959	0.07307	0.04527	0.08418	0.15888	0.07171	0.46983	1.0
1.0	1.0	0.03622	1.0	0.03876	0.09136	0.02879	0.3002	0.09788	0.04385	0.13453	0.15379	0.08635	0.51872	1.0
1.0	1.00001	0.04039	1.0	0.04198	0.0658	0.02285	0.24594	0.09067	0.04447	0.12755	0.16725	0.07193	0.56137	1.0
1.0	1.0	0.03214	1.0	0.04182	0.09009	0.02526	0.20843	0.09141	0.04501	0.13524	0.17686	0.07676	0.53552	0.99999
1.0	1.0	0.04237	0.99997	0.06646	0.14019	0.02093	0.27317	0.07441	0.04157	0.08333	0.21702	0.08043	0.53601	1.0
1.0	1.0	0.03258	1.0	0.04589	0.05916	0.02905	0.1642	0.07151	0.04335	0.06129	0.18408	0.07492	0.49908	1.0
1.0	1.0	0.03771	1.0	0.04531	0.07291	0.03798	0.18226	0.08196	0.04244	0.18136	0.18164	0.08632	0.47089	1.0
1.0	1.00001	0.03689	1.0	0.04315	0.08326	0.02165	0.13155	0.10022	0.04218	0.1317	0.20866	0.09781	0.5217	1.0
1.0	1.00001	0.03888	1.0	0.03698	0.09915	0.03154	0.14414	0.06337	0.04205	0.14525	0.19365	0.11342	0.49319	1.0
1.0	1.0	0.04422	1.0	0.03636	0.06043	0.04361	0.14963	0.08447	0.04043	0.10282	0.19786	0.08027	0.51276	1.0
1.0	1.00001	0.04214	1.0	0.04085	0.04281	0.02123	0.15763	0.11135	0.03977	0.0631	0.19658	0.09602	0.52313	0.99998
1.0	1.0	0.04883	1.0	0.04896	0.04557	0.02888	0.09497	0.12374	0.03971	0.1233	0.24367	0.08739	0.51127	1.0
1.0	1.0	0.04225	1.0	0.04409	0.05055	0.0427	0.08515	0.1115	0.03896	0.09963	0.17087	0.09223	0.5247	1.0
1.0	1.00001	0.04716	1.0	0.04534	0.05516	0.04116	0.09631	0.06995	0.04307	0.14374	0.17362	0.09675	0.49285	0.99999
1.0	1.00001	0.04594	0.99996	0.0311	0.07329	0.0381	0.16477	0.08804	0.03938	0.06254	0.17356	0.08362	0.49256	0.99999
1.0	1.0	0.04109	0.99993	0.0331	0.07845	0.03503	0.14889	0.06404	0.03608	0.13548	0.25422	0.07582	0.50944	0.99998
1.0	1.0	0.04267	1.0	0.02748	0.05389	0.0389	0.19545	0.08205	0.03853	0.12151	0.18673	0.07616	0.48907	0.99998
1.0	1.0	0.04447	1.0	0.02902	0.06493	0.03324	0.19961	0.07791	0.03655	0.14763	0.18373	0.08448	0.47083	1.0
1.0	1.0	0.04152	1.0	0.04329	0.04916	0.03277	0.11926	0.08968	0.03438	0.1487	0.23154	0.08749	0.56452	0.99999
1.0	1.0	0.05109	1.0	0.0383	0.07136	0.05142	0.13624	0.10444	0.03431	0.1417	0.23237	0.08553	0.52395	0.99998
1.0	1.00001	0.04296	1.0	0.04171	0.03753	0.04323	0.17377	0.09814	0.03481	0.11748	0.19666	0.07918	0.51076	1.0
1.0	1.0	0.04253	1.0	0.07878	0.04499	0.03742	0.09936	0.05185	0.03057	0.14543	0.16178	0.07685	0.47657	1.0
1.0	1.0	0.03959	1.0	0.04072	0.06046	0.04792	0.12604	0.06701	0.03	0.10043	0.20508	0.08483	0.53021	1.0
1.0	1.00001	0.03904	1.0	0.05064	0.08963	0.04472	0.1308	0.05336	0.03242	0.09585	0.2472	0.10102	0.54398	0.99999
1.0	1.0	0.043	1.0	0.05853	0.06119	0.03799	0.09873	0.04629	0.02843	0.14251	0.25103	0.06779	0.52098	0.99997
1.0	1.0	0.04063	1.0	0.06687	0.0684	0.03028	0.08849	0.03637	0.02839	0.15333	0.27564	0.07629	0.55318	0.99999
1.0	1.00001	0.03925	1.0	0.07865	0.03348	0.02297	0.1377	0.05176	0.03132	0.1469	0.26671	0.07843	0.57197	0.99999
1.0	1.00001	0.04121	1.0	0.08973	0.07129	0.03374	0.19161	0.04387	0.02843	0.11514	0.16832	0.09806	0.58654	0.99997
1.0	1.0	0.04296	1.0	0.06329	0.04306	0.02667	0.12205	0.04053	0.02839	0.0864	0.25199	0.09705	0.50245	0.99998
1.0	1.00001	0.03675	1.0	0.06347	0.07001	0.04223	0.151	0.08369	0.03028	0.09892	0.22845	0.08604	0.50967	0.99998
1.0	1.0	0.03772	1.0	0.09163	0.10456	0.05219	0.18007	0.07812	0.02581	0.15439	0.19674	0.07298	0.56153	0.99997
1.0	1.00001	0.03003	1.0	0.05263	0.03001	0.02138	0.15898	0.10373	0.02582	0.1105	0.22456	0.06892	0.57988	0.99995
1.0	1.0	0.03243	1.0	0.05143	0.035	0.01929	0.24088	0.07106	0.02516	0.15268	0.2666	0.0778	0.50949	0.99997
1.0	1.0	0.02912	1.0	0.10121	0.1081	0.02139	0.22789	0.06191	0.02459	0.12937	0.19254	0.07527	0.50386	0.99998
1.0	1.0	0.02762	1.0	0.05306	0.06125	0.03241	0.25576	0.06219	0.02446	0.17082	0.32438	0.09469	0.53066	0.99998
1.0	1.0	0.02344	1.0	0.05636	0.12123	0.04244	0.23663	0.05572	0.02448	0.15285	0.30295	0.08948	0.53592	0.99998
1.0	1.0	0.02555	1.0	0.05509	0.07639	0.02697	0.23278	0.04672	0.02201	0.15422	0.24807	0.07617	0.53122	0.99998
1.0	1.0	0.0232	1.0	0.07369	0.06817	0.02874	0.22486	0.06591	0.02679	0.06447	0.25115	0.10651	0.51874	0.99998
1.0	1.0	0.01776	1.0	0.1065	0.06084	0.04986	0.19082	0.03848	0.0238	0.08432	0.20587	0.09476	0.51953	0.99997
1.0	1.0	0.02071	1.0	0.0919	0.05585	0.03484	0.2169	0.03479	0.0224	0.09691	0.25261	0.14604	0.54981	0.99998
1.0	1.0	0.02633	1.0	0.13377	0.13961	0.04428	0.24612	0.044	0.02631	0.14459	0.20426	0.14148	0.55648	0.99995
1.0	1.0	0.0272	1.0	0.12028	0.09082	0.0474	0.28907	0.07271	0.02026	0.11596	0.21745	0.10379	0.50288	0.99997
1.0	1.0	0.0255	1.0	0.07832	0.11287	0.04253	0.23696	0.05555	0.02249	0.13661	0.20214	0.09942	0.53128	0.99994
1.0	1.0	0.03138	1.0	0.12036	0.0555	0.04348	0.22233	0.10411	0.02269	0.1619	0.16924	0.09861	0.56473	0.99995
1.0	1.0	0.03514	1.0	0.17374	0.06664	0.05632	0.28774	0.06253	0.01925	0.17976	0.20057	0.10383	0.50097	0.99997
1.0	1.0	0.03696	1.0	0.12343	0.0769	0.04599	0.19295	0.07769	0.02251	0.10704	0.22895	0.08638	0.50244	0.99996
1.0	1.0	0.02854	1.0	0.06569	0.12726	0.01958	0.29701	0.04857	0.02304	0.14877	0.29373	0.08262	0.59766	0.99993
1.0	1.0	0.03077	1.0	0.1207	0.03835	0.02489	0.25807	0.04196	0.01887	0.1642	0.257	0.07902	0.59858	0.99992
1.0	1.0	0.02546	1.0	0.17979	0.04534	0.03361	0.21514	0.05968	0.02053	0.12727	0.21917	0.07389	0.49724	0.99997
1.0	1.0	0.02714	1.0	0.21825	0.04161	0.02827	0.21092	0.06091	0.01876	0.09828	0.17312	0.06096	0.58529	0.99997
1.0	1.0	0.02448	1.0	0.19363	0.05999	0.03289	0.22217	0.11379	0.02124	0.07526	0.22392	0.07239	0.56118	0.99993
1.0	1.0	0.03403	1.0	0.09446	0.04363	0.02583	0.15931	0.06202	0.01908	0.10125	0.27041	0.08546	0.55419	0.99993
1.0	1.0	0.03042	1.0	0.10795	0.0561	0.0276	0.16404	0.04697	0.01745	0.12844	0.29178	0.08878	0.55652	0.99992
1.0	1.0	0.02999	1.0	0.18588	0.06137	0.01628	0.19234	0.03996	0.01549	0.12674	0.28281	0.08135	0.50522	0.9999
1.0	1.0	0.03123	1.0	0.02516	0.06648	0.02298	0.14558	0.06383	0.02448	0.16903	0.35155	0.07909	0.51208	0.99989
1.0	1.0	0.02672	1.0	0.0203	0.04857	0.02672	0.21313	0.0838	0.02355	0.12964	0.40703	0.07423	0.50533	0.99994
1.0	1.0	0.02596	1.0	0.0166	0.04682	0.03459	0.12911	0.05452	0.03031	0.14025	0.42348	0.08468	0.55312	0.99989
1.0	1.0	0.02762	1.0	0.01689	0.04469	0.03606	0.15478	0.08742	0.03211	0.13213	0.50417	0.081	0.45862	0.9999
1.0	1.0	0.02747	1.0	0.02357	0.05299	0.04543	0.1333	0.10402	0.02626	0.15504	0.46892	0.08085	0.52123	0.99989
1.0	1.0	0.02591	1.0	0.03103	0.05537	0.04007	0.14185	0.06981	0.0273	0.12923	0.44839	0.08434	0.49499	0.99988
1.0	1.0	0.0224	1.0	0.06301	0.03682	0.03201	0.09879	0.04488	0.02665	0.09332	0.38014	0.10282	0.50602	0.9999
1.0	1.0	0.02389	1.0	0.08193	0.0332	0.03778	0.12643	0.06026	0.02513	0.0923	0.37035	0.09756	0.48359	0.99988
1.0	1.0	0.02584	1.0	0.03204	0.0442	0.03862	0.15352	0.04973	0.02794	0.07621	0.39178	0.11476	0.52298	0.99987
1.0	1.0	0.02625	1.0	0.08347	0.04069	0.06489	0.15515	0.04631	0.02759	0.06396	0.34749	0.08504	0.50201	0.99991
1.0	1.0	0.02644	1.0	0.08463	0.03392	0.0422	0.16333	0.05757	0.02047	0.10699	0.36858	0.08746	0.57134	0.99986
1.0	1.0	0.02825	1.0	0.11458	0.04026	0.03677	0.20412	0.05906	0.0216	0.09774	0.32203	0.09626	0.58823	0.99987
1.0	1.0	0.02388	1.0	0.09192	0.02827	0.03891	0.10811	0.0429	0.03155	0.09885	0.40762	0.07935	0.51931	0.99983
1.0	1.0	0.02769	1.0	0.06315	0.03683	0.03161	0.14119	0.04551	0.02428	0.09832	0.37721	0.08171	0.4749	0.99988
1.0	1.0	0.03839	1.0	0.04895	0.04254	0.04235	0.11366	0.04653	0.02457	0.11286	0.38418	0.08257	0.50575	0.99984
1.0	1.0	0.03686	1.0	0.04586	0.02014	0.03253	0.09038	0.04494	0.02192	0.12601	0.40665	0.09267	0.4973	0.99985
1.0	1.0	0.0307	1.0	0.02318	0.02807	0.04259	0.14154	0.03991	0.02267	0.10408	0.35386	0.10553	0.56431	0.9998
1.0	1.0	0.03996	1.0	0.03807	0.03348	0.04108	0.12251	0.04442	0.03077	0.09539	0.37165	0.09346	0.43474	0.99976
1.0	1.0	0.04225	1.0	0.04139	0.05108	0.08009	0.08984	0.07451	0.02721	0.0476	0.39162	0.10573	0.37666	0.99982
1.0	1.0	0.04194	1.0	0.05279	0.05681	0.08226	0.07907	0.04795	0.0216	0.0404	0.38471	0.09352	0.45077	0.99984
1.0	1.0	0.04487	1.0	0.03532	0.08308	0.08641	0.10943	0.06185	0.0286	0.06267	0.37368	0.08826	0.5376	0.9998
1.0	1.0	0.04198	1.0	0.04972	0.09627	0.05123	0.08495	0.05674	0.02201	0.04585	0.38996	0.1198	0.5072	0.99982
1.0	1.0	0.04595	1.0	0.07619	0.10201	0.11225	0.10187	0.04898	0.02228	0.05859	0.35101	0.10734	0.59475	0.99977
1.0	1.0	0.04289	1.0	0.08194	0.05629	0.04853	0.08788	0.0368	0.02256	0.05051	0.3725	0.10234	0.47338	0.99977
1.0	1.0	0.03181	1.0	0.05937	0.02909	0.03559	0.12893	0.04862	0.01866	0.08063	0.36088	0.0978	0.47659	0.99985
1.0	1.0	0.0279	1.0	0.05524	0.03536	0.05506	0.07293	0.04219	0.02578	0.1252	0.40369	0.06033	0.54838	0.99983
1.0	1.0	0.04294	1.0	0.05315	0.04054	0.07181	0.14196	0.06688	0.02196	0.07889	0.36733	0.07655	0.62987	0.99979
1.0	1.00001	0.0245	1.0	0.08097	0.0154	0.04554	0.10704	0.06407	0.02408	0.06026	0.36992	0.07273	0.44429	0.99971
1.0	1.0	0.04357	1.0	0.08143	0.01997	0.04629	0.09811	0.08474	0.02231	0.07943	0.42305	0.06628	0.46974	0.99969
1.0	1.0	0.03586	1.0	0.08445	0.02511	0.05684	0.06938	0.04487	0.02329	0.10185	0.40366	0.06262	0.49728	0.99976
1.0	1.00001	0.02697	1.0	0.03931	0.04368	0.07228	0.12531	0.07241	0.02748	0.08255	0.44339	0.07015	0.48374	0.99959
1.0	1.0	0.02477	1.0	0.05004	0.04976	0.08763	0.1267	0.04701	0.02142	0.09845	0.42514	0.06776	0.48233	0.99965
1.0	1.0	0.02702	1.0	0.04835	0.05308	0.09455	0.15126	0.08232	0.03079	0.09764	0.44472	0.06519	0.4926	0.99979
1.0	1.0	0.02694	1.0	0.06701	0.0878	0.08468	0.1721	0.08002	0.02707	0.09601	0.47004	0.07034	0.4365	0.99983
1.0	1.0	0.03354	1.0	0.0809	0.05615	0.05998	0.1312	0.04021	0.0311	0.14294	0.47461	0.04525	0.49281	0.99981
1.0	1.0	0.03051	1.0	0.12727	0.04434	0.06201	0.08005	0.0551	0.02262	0.10271	0.38655	0.05899	0.48538	0.99981
1.0	1.0	0.0252	1.0	0.11385	0.03765	0.13209	0.14207	0.02494	0.02081	0.09348	0.3581	0.06152	0.54988	0.99975
1.0	1.0	0.0264	1.0	0.14756	0.06603	0.15143	0.12623	0.03216	0.03282	0.10652	0.3652	0.07057	0.4551	0.99975
1.0	1.0	0.02401	1.0	0.11716	0.03489	0.12577	0.13989	0.03409	0.02583	0.08081	0.38048	0.10165	0.51643	0.99957
1.0	1.0	0.02802	1.0	0.18578	0.07654	0.11377	0.16004	0.04292	0.02313	0.0661	0.42217	0.10449	0.45057	0.99972
1.0	1.0	0.02703	1.0	0.18162	0.04081	0.06343	0.12742	0.0356	0.02927	0.08484	0.47206	0.10946	0.28258	0.99966
1.0	1.0	0.02675	1.0	0.24475	0.03098	0.06779	0.18426	0.03836	0.02147	0.09055	0.40003	0.10748	0.33886	0.99973
1.0	1.0	0.02985	1.0	0.13327	0.05265	0.11138	0.13331	0.03673	0.02806	0.08326	0.43936	0.10192	0.39612	0.99971
1.0	1.0	0.031	1.0	0.11879	0.0479	0.12399	0.1361	0.04052	0.0359	0.07494	0.39599	0.10369	0.36301	0.99954
1.0	1.0	0.03434	1.0	0.10157	0.05073	0.08327	0.07898	0.05185	0.02164	0.09802	0.41061	0.07807	0.56853	0.99972
1.0	1.0	0.03295	1.0	0.12732	0.07928	0.08471	0.14263	0.08221	0.03871	0.08307	0.40795	0.07319	0.50844	0.99975
1.0	1.0	0.02509	1.0	0.06996	0.07012	0.05532	0.16635	0.07567	0.03396	0.04714	0.38912	0.10669	0.43456	0.99953
1.0	1.0	0.02369	1.0	0.09728	0.06687	0.06733	0.14444	0.07021	0.03319	0.04882	0.4244	0.07758	0.39169	0.99965
1.0	1.0	0.03711	1.0	0.07405	0.05033	0.07191	0.15224	0.04661	0.02773	0.04038	0.4175	0.12953	0.45021	0.99954
1.0	1.0	0.02601	1.0	0.06627	0.05193	0.0827	0.17248	0.06086	0.03085	0.05051	0.40937	0.12829	0.47657	0.99956
1.0	1.0	0.02629	1.0	0.0839	0.05295	0.05968	0.16724	0.041	0.02358	0.04225	0.4291	0.074	0.4606	0.9996
1.0	1.0	0.02473	1.0	0.10455	0.05176	0.06931	0.21505	0.07497	0.0267	0.04	0.44008	0.07791	0.37175	0.9996
1.0	1.0	0.02963	1.0	0.10413	0.05325	0.08615	0.16653	0.04721	0.02401	0.04827	0.44548	0.09164	0.38052	0.9997
1.0	1.0	0.03683	1.0	0.14493	0.06256	0.10126	0.18268	0.05853	0.02705	0.05012	0.42045	0.08898	0.36133	0.99968
1.0	1.0	0.03247	1.0	0.18625	0.05168	0.10811	0.18807	0.03786	0.03213	0.04565	0.42904	0.06641	0.30141	0.9996
1.0	1.0	0.02323	1.0	0.06054	0.07929	0.06384	0.14814	0.04431	0.03136	0.06377	0.44909	0.05738	0.3226	0.99948
1.0	1.0	0.02437	1.0	0.05281	0.04307	0.05007	0.23877	0.04856	0.03253	0.06249	0.44349	0.05213	0.34402	0.99961
1.0	1.0	0.0215	1.0	0.0745	0.03332	0.03767	0.17836	0.03945	0.03232	0.05579	0.43781	0.05404	0.35043	0.99943
1.0	1.0	0.02291	1.0	0.07237	0.02608	0.03435	0.19512	0.05319	0.02349	0.05429	0.42373	0.08675	0.25983	0.99965
1.0	1.0	0.02541	1.0	0.07665	0.01958	0.03533	0.21863	0.05456	0.02483	0.04388	0.43408	0.06902	0.36676	0.99971
1.0	1.0	0.02364	1.0	0.06976	0.03041	0.03717	0.15205	0.0612	0.02806	0.05021	0.45812	0.05253	0.31578	0.99965
1.0	1.0	0.01554	1.0	0.07207	0.07358	0.06488	0.18409	0.06955	0.02259	0.05161	0.47788	0.07688	0.31144	0.99965
1.0	1.0	0.01867	1.0	0.09946	0.03015	0.03295	0.11819	0.07606	0.03261	0.06055	0.47991	0.04125	0.38397	0.99958
1.0	1.0	0.02922	1.0	0.12869	0.04421	0.03861	0.15796	0.06576	0.04442	0.04113	0.44776	0.0483	0.32477	0.99948
1.0	1.0	0.02773	1.0	0.1264	0.03485	0.04115	0.14196	0.04819	0.02597	0.0429	0.46071	0.03962	0.15665	0.99952
1.0	1.0	0.03243	1.0	0.1115	0.05177	0.0387	0.14234	0.04823	0.02067	0.05566	0.46192	0.04318	0.25628	0.99945
1.0	1.0	0.02835	1.0	0.18847	0.03279	0.04439	0.12457	0.03709	0.01323	0.02247	0.42833	0.05614	0.3024	0.99933
1.0	1.0	0.02346	1.0	0.13706	0.06733	0.08515	0.15099	0.03244	0.01836	0.02888	0.43902	0.08118	0.27897	0.99944
1.0	1.0	0.03038	1.0	0.18872	0.03281	0.0477	0.22137	0.04164	0.02743	0.03583	0.44576	0.06481	0.28877	0.99952
1.0	1.0	0.02369	1.0	0.17122	0.04331	0.07749	0.14752	0.03495	0.022	0.03567	0.4475	0.06697	0.276	0.99938
1.0	1.0	0.02237	1.0	0.1718	0.04898	0.0741	0.19888	0.04979	0.0212	0.02739	0.44228	0.08952	0.38275	0.99957
1.0	1.0	0.03129	1.0	0.18944	0.03296	0.07564	0.19815	0.04316	0.02393	0.02899	0.4366	0.08246	0.30905	0.99925
1.0	1.0	0.03107	1.0	0.19602	0.05306	0.05463	0.19771	0.05397	0.02382	0.03234	0.46716	0.06257	0.31519	0.99932
1.0	1.00001	0.02468	1.0	0.30282	0.05237	0.04815	0.17646	0.0513	0.02463	0.04143	0.43931	0.06287	0.29834	0.99943
1.0	1.0	0.02202	1.0	0.27406	0.06036	0.06628	0.14211	0.03934	0.01801	0.03213	0.46449	0.06893	0.4399	0.9995
1.0	1.0	0.02951	1.0	0.20512	0.05286	0.06928	0.14256	0.04466	0.02878	0.03241	0.46678	0.11229	0.31441	0.99948
1.0	1.0	0.02419	1.0	0.16911	0.05561	0.07762	0.13132	0.04732	0.0252	0.02911	0.52488	0.1031	0.43262	0.99943
1.0	1.0	0.02585	1.0	0.20064	0.03972	0.09164	0.13634	0.02632	0.03032	0.01519	0.52425	0.08909	0.41575	0.99938
1.0	1.0	0.0251	1.0	0.24751	0.04061	0.08563	0.14673	0.02881	0.02615	0.02364	0.44602	0.10067	0.38107	0.99945
1.0	1.0	0.02224	1.0	0.20278	0.05654	0.12757	0.13735	0.02393	0.0253	0.01153	0.47431	0.07874	0.38356	0.99943
1.0	1.0	0.02727	1.0	0.11822	0.05037	0.07048	0.1951	0.05288	0.02033	0.05009	0.48978	0.07336	0.42267	0.99924
1.0	1.0	0.02453	1.0	0.10951	0.06348	0.07481	0.19549	0.03367	0.02224	0.02	0.52383	0.06077	0.42901	0.99905
1.0	1.0	0.02575	1.0	0.16069	0.06263	0.11763	0.22189	0.03924	0.02854	0.01784	0.51558	0.06357	0.33418	0.99932
1.0	1.0	0.02801	1.0	0.21412	0.03584	0.11837	0.21399	0.03739	0.02769	0.03419	0.56387	0.06265	0.50212	0.99938
1.0	1.0	0.02131	1.0	0.21082	0.05733	0.08309	0.27193	0.05065	0.02894	0.03151	0.44711	0.10874	0.40209	0.99911
1.0	1.0	0.0193	1.0	0.07892	0.04439	0.09641	0.26876	0.05159	0.02435	0.02433	0.52161	0.07426	0.49177	0.99927
1.0	1.0	0.01753	1.0	0.10895	0.05262	0.09086	0.25831	0.05239	0.02344	0.01849	0.49931	0.06828	0.40156	0.9993
1.0	1.0	0.01565	1.0	0.05219	0.06507	0.10789	0.26475	0.07624	0.02475	0.03406	0.52885	0.06088	0.37295	0.99897
1.0	1.0	0.01637	1.0	0.02727	0.03548	0.08335	0.27662	0.06134	0.02439	0.0306	0.52094	0.05974	0.52779	0.99895
1.0	1.0	0.01713	1.0	0.15833	0.03485	0.06411	0.25754	0.05148	0.02575	0.04111	0.50115	0.0697	0.39626	0.99907
1.0	1.0	0.01357	1.0	0.09898	0.03045	0.03685	0.25571	0.06445	0.01934	0.05062	0.5189	0.0648	0.47437	0.99906
1.0	1.0	0.00967	1.0	0.13962	0.05376	0.02744	0.22574	0.06987	0.01412	0.04627	0.5152	0.04889	0.3387	0.99908
1.0	1.0	0.01173	1.0	0.05497	0.05586	0.03054	0.27216	0.05318	0.0187	0.04201	0.47744	0.02093	0.34558	0.99855
1.0	1.0	0.01259	1.0	0.10831	0.05243	0.02932	0.30207	0.0608	0.02015	0.04026	0.48106	0.02565	0.31215	0.99911
1.0	1.0	0.01636	1.0	0.08733	0.04239	0.03777	0.28635	0.07924	0.02373	0.02734	0.53584	0.0172	0.40541	0.99893
1.0	1.0	0.01264	1.0	0.11108	0.02171	0.03085	0.23809	0.0688	0.02325	0.0558	0.51649	0.02981	0.28741	0.99915
1.0	1.0	0.01239	1.0	0.07865	0.04121	0.03239	0.2486	0.05743	0.0247	0.04332	0.51504	0.03056	0.46043	0.99921
1.0	1.0	0.01099	1.0	0.11113	0.05117	0.0255	0.2833	0.06038	0.02093	0.05369	0.55496	0.03937	0.39622	0.99902
1.0	1.0	0.01203	1.0	0.13631	0.0932	0.03198	0.23697	0.07502	0.01923	0.05199	0.50194	0.06247	0.39516	0.9993
1.0	1.0	0.01562	1.0	0.12007	0.06579	0.03287	0.27189	0.09192	0.01976	0.03886	0.55393	0.07213	0.36207	0.99909
1.0	1.0	0.01731	1.0	0.1501	0.0531	0.03104	0.22809	0.08238	0.02144	0.04129	0.55471	0.06957	0.30921	0.99912
1.0	1.0	0.01484	1.0	0.13269	0.07394	0.04134	0.25497	0.07558	0.01752	0.03765	0.51779	0.08855	0.3932	0.99903
1.0	1.0	0.00871	1.0	0.11115	0.04963	0.02807	0.19728	0.06223	0.01695	0.04163	0.55919	0.05563	0.41317	0.99922
1.0	1.0	0.01301	1.0	0.08583	0.02927	0.03689	0.21379	0.0655	0.01871	0.05417	0.53522	0.05852	0.41641	0.99877
1.0	1.0	0.01303	1.0	0.06681	0.02139	0.02509	0.23319	0.06421	0.02649	0.03994	0.61232	0.04362	0.42927	0.99906
1.0	1.0	0.01514	1.0	0.07258	0.02882	0.0368	0.25407	0.06704	0.02025	0.03665	0.6085	0.04019	0.42948	0.99934
1.0	1.0	0.01773	1.0	0.04579	0.02444	0.0473	0.25408	0.06474	0.02138	0.03401	0.61601	0.05195	0.46106	0.99909
1.0	1.0	0.01646	1.0	0.06601	0.02978	0.034	0.23866	0.07401	0.01923	0.0165	0.64104	0.0301	0.60338	0.99936
1.0	1.0	0.01739	1.0	0.08188	0.01894	0.04201	0.18528	0.08019	0.02402	0.02388	0.58765	0.05165	0.50712	0.99928
1.0	1.0	0.01769	1.0	0.02638	0.02009	0.02829	0.23575	0.08497	0.01912	0.04482	0.53501	0.0508	0.55326	0.99905
1.0	1.0	0.02022	1.0	0.03217	0.02691	0.04414	0.20138	0.09951	0.02049	0.01937	0.47551	0.03479	0.57957	0.99912
1.0	1.0	0.01926	1.0	0.06504	0.02308	0.03248	0.24793	0.12957	0.02348	0.0421	0.52564	0.02358	0.4299	0.99901
1.0	1.0	0.02244	1.0	0.10432	0.03935	0.04753	0.21364	0.09491	0.02201	0.03448	0.50726	0.02575	0.42212	0.99919
1.0	1.0	0.02474	1.0	0.13644	0.02829	0.0363	0.23018	0.05945	0.02552	0.03545	0.54529	0.04433	0.46566	0.9992
1.0	1.0	0.0191	1.0	0.11471	0.03868	0.05002	0.25309	0.05913	0.01867	0.05473	0.5545	0.06191	0.41175	0.99889
1.0	1.0	0.01523	1.0	0.12008	0.04339	0.03428	0.18442	0.06698	0.01704	0.07987	0.56713	0.08468	0.46276	0.99879
1.0	1.0	0.01472	1.0	0.15718	0.03406	0.03386	0.22696	0.09675	0.01868	0.05317	0.49409	0.05799	0.36574	0.99873
1.0	1.0	0.01388	1.0	0.12982	0.03888	0.02839	0.1984	0.07342	0.02068	0.05609	0.50361	0.04656	0.33872	0.99872
1.0	1.0	0.01793	1.0	0.08765	0.04696	0.03477	0.24552	0.0602	0.01815	0.05191	0.56692	0.02697	0.3904	0.99877
1.0	1.0	0.01509	1.0	0.08944	0.03383	0.0412	0.21126	0.0608	0.0162	0.05758	0.58777	0.02914	0.32414	0.99877
1.0	1.0	0.01844	1.0	0.05946	0.03911	0.03638	0.22528	0.05632	0.01689	0.0612	0.57282	0.01611	0.35241	0.99885
1.0	1.0	0.01413	1.0	0.06778	0.03801	0.04593	0.17369	0.05935	0.01888	0.12961	0.61914	0.01618	0.40916	0.99916
1.0	1.0	0.01784	1.0	0.12456	0.04973	0.04484	0.20879	0.06996	0.01859	0.09997	0.57307	0.04173	0.34823	0.99903
1.0	1.0	0.01787	1.0	0.0904	0.04785	0.04859	0.22438	0.06676	0.02023	0.09241	0.6048	0.03099	0.29443	0.99885
1.0	1.0	0.01482	1.0	0.12449	0.06601	0.04386	0.19037	0.04505	0.02171	0.08128	0.59542	0.04151	0.32068	0.99875
1.0	1.0	0.01744	1.0	0.07216	0.10927	0.03633	0.15644	0.05089	0.0142	0.12063	0.61949	0.02822	0.34253	0.99855
1.0	1.0	0.0144	1.0	0.16703	0.13151	0.03348	0.17177	0.05023	0.01477	0.04688	0.60262	0.03042	0.3662	0.99883
1.0	1.0	0.0164	1.0	0.174	0.0152	0.02894	0.12635	0.06846	0.01386	0.04636	0.54592	0.04413	0.31407	0.99878
1.0	1.0	0.01551	1.0	0.15841	0.03047	0.03171	0.18037	0.05858	0.01542	0.08728	0.57776	0.06163	0.31726	0.999
1.0	1.0	0.01486	1.0	0.17271	0.02085	0.02909	0.13116	0.07477	0.01324	0.06392	0.57287	0.06285	0.3323	0.99886
1.0	1.0	0.02348	1.0	0.14554	0.03686	0.03002	0.15006	0.05971	0.01295	0.12406	0.62447	0.06616	0.38666	0.99881
1.0	1.0	0.02065	1.0	0.17224	0.01764	0.03457	0.15608	0.08401	0.01985	0.03445	0.60262	0.06834	0.33947	0.99885
1.0	1.0	0.01697	1.0	0.17443	0.02321	0.04933	0.15676	0.09006	0.01897	0.03961	0.5876	0.06916	0.43883	0.99881
1.0	1.0	0.01883	1.0	0.12964	0.01886	0.04418	0.14189	0.07192	0.01494	0.04159	0.59815	0.08794	0.34241	0.99886
1.0	1.0	0.02186	1.0	0.11885	0.0159	0.03255	0.15697	0.08978	0.01351	0.04129	0.6112	0.06359	0.29361	0.99881
1.0	1.0	0.02077	1.0	0.15215	0.01721	0.03935	0.20203	0.07683	0.01596	0.03315	0.60433	0.0581	0.29623	0.99899
1.0	1.0	0.0168	1.0	0.19871	0.02128	0.03064	0.19096	0.07372	0.01258	0.02498	0.60517	0.06309	0.34167	0.99881
1.0	1.0	0.01584	1.0	0.21219	0.02881	0.03639	0.19956	0.0736	0.01834	0.03607	0.60572	0.07149	0.39725	0.99847
1.0	1.0	0.01796	1.0	0.16162	0.04314	0.05944	0.16404	0.06175	0.01315	0.04462	0.58716	0.05833	0.31825	0.99881
1.0	1.0	0.01896	1.0	0.13588	0.0391	0.0585	0.15618	0.05524	0.0142	0.05282	0.59602	0.0583	0.35056	0.99874
1.0	1.0	0.01817	1.0	0.09857	0.0618	0.04809	0.19786	0.06576	0.01977	0.07941	0.6456	0.04628	0.42645	0.99895
1.0	1.0	0.02163	1.0	0.1391	0.03251	0.05062	0.14033	0.04079	0.03549	0.02668	0.65123	0.03729	0.34796	0.99899
1.0	1.0	0.01923	1.0	0.15696	0.01808	0.04516	0.14551	0.06196	0.01728	0.06015	0.64215	0.03899	0.37444	0.99913
1.0	1.0	0.02654	1.0	0.13613	0.01959	0.04038	0.1513	0.06768	0.02116	0.10283	0.64637	0.0539	0.45206	0.99868
1.0	1.0	0.02696	1.0	0.10617	0.02573	0.022	0.16827	0.05172	0.01842	0.07753	0.60381	0.03856	0.44914	0.99865
1.0	1.0	0.02945	1.0	0.09622	0.04497	0.0218	0.16277	0.0529	0.01768	0.07818	0.62587	0.06499	0.41734	0.9988
1.0	1.0	0.02276	1.0	0.14675	0.02187	0.01733	0.17529	0.07685	0.01766	0.09893	0.63475	0.05512	0.43583	0.99871
1.0	1.0	0.0151	1.0	0.11618	0.02391	0.0174	0.16826	0.08687	0.01501	0.12154	0.6612	0.03776	0.4444	0.99898
1.0	1.0	0.02026	1.0	0.13251	0.03285	0.01887	0.15765	0.08056	0.01827	0.11472	0.69146	0.06743	0.45858	0.99907
1.0	1.0	0.02043	1.0	0.12574	0.01882	0.03159	0.15049	0.08852	0.01922	0.07603	0.71994	0.03669	0.43087	0.99898
1.0	1.0	0.02154	1.0	0.19071	0.02709	0.02825	0.12125	0.08932	0.01904	0.06419	0.68366	0.05814	0.40273	0.99894
1.0	1.0	0.01887	1.0	0.13801	0.03746	0.02283	0.1757	0.09821	0.0171	0.08562	0.67632	0.05352	0.41677	0.99906
1.0	1.0	0.0187	1.0	0.16398	0.03627	0.02516	0.19679	0.1219	0.02986	0.02778	0.67905	0.03317	0.42998	0.99911
1.0	1.0	0.02216	1.0	0.10938	0.06213	0.02278	0.20304	0.1012	0.02206	0.05439	0.67109	0.03329	0.46984	0.99913
1.0	1.0	0.02377	1.0	0.07734	0.04028	0.03773	0.20014	0.10917	0.01729	0.07427	0.73333	0.0192	0.38048	0.99888
1.0	1.0	0.02275	1.0	0.1297	0.03945	0.03944	0.1666	0.10929	0.01471	0.1205	0.69625	0.03201	0.43704	0.99882
1.0	1.0	0.02152	1.0	0.06628	0.03296	0.03651	0.21417	0.14826	0.0153	0.11202	0.70436	0.02846	0.40159	0.9989
1.0	1.0	0.01835	1.0	0.0843	0.03489	0.0257	0.19504	0.13625	0.01508	0.08557	0.67207	0.03577	0.28887	0.99895
1.0	1.0	0.02567	1.0	0.07649	0.04774	0.03273	0.19929	0.12902	0.01133	0.08019	0.70163	0.02208	0.4429	0.99861
1.0	1.0	0.02222	1.0	0.08814	0.04781	0.03519	0.19403	0.11125	0.0131	0.06772	0.70012	0.01192	0.31855	0.99881
1.0	1.0	0.02842	1.0	0.08117	0.0304	0.04839	0.13975	0.07703	0.01139	0.07047	0.65858	0.0137	0.36831	0.99894
1.0	1.0	0.02598	1.0	0.04198	0.02379	0.04259	0.1108	0.09489	0.00811	0.0449	0.59512	0.01417	0.38572	0.99849
1.0	1.0	0.0214	1.0	0.06713	0.05891	0.06085	0.18668	0.1362	0.0111	0.02595	0.61266	0.01775	0.37206	0.99893
1.0	1.0	0.01998	1.0	0.06362	0.04504	0.05469	0.15155	0.12416	0.01074	0.02521	0.63016	0.03185	0.39966	0.99861
1.0	1.0	0.02646	1.0	0.06211	0.04185	0.04896	0.13875	0.10166	0.01101	0.02629	0.61454	0.06055	0.33042	0.99891
1.0	1.0	0.0215	1.0	0.10704	0.03521	0.05153	0.14916	0.11761	0.00921	0.01111	0.61842	0.05561	0.38211	0.99867
1.0	1.0	0.02258	1.0	0.11273	0.04475	0.0542	0.13117	0.16018	0.01202	0.03461	0.65718	0.04757	0.37663	0.99867
1.0	1.0	0.02332	1.0	0.09315	0.03659	0.04688	0.17246	0.11966	0.0136	0.03977	0.67242	0.04253	0.47004	0.99871
1.0	1.0	0.02037	1.0	0.07669	0.05224	0.03762	0.15227	0.11163	0.01405	0.04758	0.65533	0.04724	0.39682	0.99866
1.0	1.0	0.01915	1.0	0.05593	0.06447	0.04608	0.14156	0.08493	0.01608	0.04273	0.6599	0.04696	0.50562	0.99878
1.0	1.0	0.02511	1.0	0.1203	0.06463	0.03951	0.16549	0.07603	0.0161	0.06455	0.69502	0.04134	0.45559	0.99866
1.0	1.0	0.02875	1.0	0.14518	0.0358	0.03937	0.16804	0.08222	0.01632	0.06509	0.69915	0.05652	0.48981	0.99867
1.0	1.0	0.02664	1.0	0.13106	0.04822	0.0541	0.1338	0.0823	0.02487	0.05971	0.70349	0.07949	0.41778	0.99915
1.0	1.0	0.0291	1.0	0.11265	0.05582	0.06256	0.08913	0.09765	0.01746	0.07572	0.72153	0.06559	0.47679	0.99923
1.0	1.0	0.02803	1.0	0.15043	0.05021	0.04577	0.15637	0.10583	0.02081	0.08073	0.73204	0.07068	0.40972	0.99913
1.0	1.0	0.02154	1.0	0.2158	0.05683	0.04461	0.12271	0.08271	0.01985	0.05162	0.71113	0.0597	0.40415	0.99907
1.0	1.0	0.01729	1.0	0.18934	0.07038	0.04121	0.14353	0.10551	0.01519	0.04378	0.71049	0.06931	0.39778	0.9991
1.0	1.0	0.02239	1.0	0.18103	0.0341	0.03975	0.16188	0.14087	0.01268	0.07137	0.69831	0.07524	0.44044	0.99903
1.0	1.0	0.0228	1.0	0.16535	0.03582	0.03717	0.13211	0.1148	0.01139	0.09421	0.68973	0.07621	0.44527	0.99882
1.0	1.0	0.0274	1.0	0.19138	0.03049	0.03619	0.16163	0.10902	0.0087	0.13044	0.69329	0.0733	0.45487	0.99925
1.0	1.0	0.02499	1.0	0.10109	0.03793	0.03152	0.15167	0.09445	0.01338	0.17883	0.70372	0.05504	0.47785	0.99921
1.0	1.0	0.02323	1.0	0.14737	0.05596	0.02882	0.14065	0.07181	0.00863	0.13735	0.70762	0.0631	0.4428	0.99923
1.0	1.0	0.02277	1.0	0.16122	0.03607	0.03412	0.14099	0.07972	0.01017	0.09236	0.6844	0.05794	0.46683	0.99932
1.0	1.0	0.02062	1.0	0.11635	0.03093	0.06172	0.12721	0.07219	0.01013	0.10695	0.69024	0.05868	0.43719	0.99906
1.0	1.0	0.02265	1.0	0.11354	0.03263	0.04648	0.13395	0.09486	0.00855	0.1008	0.70635	0.04448	0.31688	0.99881
1.0	1.0	0.01818	1.0	0.09939	0.03882	0.0374	0.14097	0.08351	0.00965	0.10483	0.70497	0.08324	0.49206	0.9993
1.0	1.0	0.0295	1.0	0.05833	0.03374	0.03809	0.0895	0.07915	0.01042	0.11357	0.71269	0.08298	0.45195	0.99892
1.0	1.0	0.02095	1.0	0.0719	0.04697	0.03594	0.10427	0.09764	0.01252	0.14399	0.70604	0.06891	0.50799	0.99919
1.0	1.0	0.02099	1.0	0.08211	0.03336	0.04039	0.07907	0.11823	0.01083	0.17487	0.72491	0.0261	0.40112	0.99896
1.0	1.0	0.01728	1.0	0.088	0.05584	0.04348	0.0953	0.14743	0.01158	0.14431	0.69342	0.03877	0.4413	0.99889
1.0	1.0	0.01417	1.0	0.10921	0.05984	0.04926	0.09493	0.11224	0.01019	0.1351	0.71777	0.04022	0.38436	0.99915
1.0	1.0	0.01953	1.0	0.1264	0.04406	0.04258	0.11068	0.11086	0.01262	0.13226	0.74676	0.05206	0.44684	0.99911
1.0	1.0	0.02052	1.0	0.09529	0.04277	0.03143	0.09257	0.12218	0.0096	0.12536	0.71278	0.05208	0.44068	0.9989
1.0	1.0	0.01671	1.0	0.05284	0.03777	0.03878	0.09048	0.13068	0.01008	0.08676	0.6704	0.05393	0.39174	0.99896
1.0	1.0	0.02325	1.0	0.11662	0.02851	0.03739	0.08385	0.10741	0.00919	0.15944	0.69134	0.04687	0.38917	0.99898
1.0	1.0	0.0231	1.0	0.07667	0.04231	0.03507	0.10369	0.12996	0.01007	0.16956	0.68791	0.07187	0.42379	0.99907
1.0	1.0	0.02151	1.0	0.06723	0.03329	0.03564	0.12148	0.09432	0.00985	0.18211	0.66191	0.05614	0.45623	0.99879
1.0	1.0	0.01941	1.0	0.07649	0.04586	0.03919	0.08391	0.09692	0.00702	0.17866	0.65725	0.05345	0.35429	0.99916
1.0	1.0	0.01987	1.0	0.07709	0.0505	0.04062	0.13442	0.10672	0.00799	0.13429	0.69341	0.03766	0.35928	0.99883
1.0	1.0	0.01645	1.0	0.13312	0.02724	0.03816	0.13496	0.10801	0.00707	0.08675	0.68062	0.03448	0.39066	0.99908
1.0	1.0	0.01554	1.0	0.10518	0.01542	0.03736	0.10382	0.11373	0.00593	0.05803	0.68234	0.04507	0.38824	0.99897
1.0	1.0	0.02031	1.0	0.10742	0.03895	0.03701	0.10238	0.09773	0.00934	0.06666	0.68808	0.05693	0.37119	0.99885
1.0	1.0	0.02048	1.0	0.13639	0.02992	0.03477	0.11905	0.10333	0.00711	0.04995	0.63645	0.05341	0.3816	0.99889
1.0	1.0	0.0236	1.0	0.14589	0.02218	0.05564	0.10803	0.11635	0.0083	0.08925	0.66329	0.05141	0.39208	0.99896
1.0	1.0	0.01669	1.0	0.12318	0.02482	0.03726	0.10225	0.10349	0.00813	0.10533	0.6972	0.06328	0.33084	0.99898
1.0	1.0	0.0189	1.0	0.19275	0.0272	0.04378	0.11173	0.10476	0.01241	0.09948	0.70413	0.06586	0.33392	0.99879
1.0	1.0	0.01902	1.0	0.13783	0.03506	0.03932	0.11414	0.10482	0.0099	0.16807	0.73919	0.05482	0.2681	0.99902
1.0	1.0	0.0198	1.0	0.11045	0.03485	0.04143	0.12305	0.10174	0.00947	0.17116	0.71709	0.05127	0.39171	0.99882
1.0	1.0	0.01704	1.0	0.17657	0.05187	0.04646	0.11476	0.12314	0.00807	0.11376	0.67835	0.04875	0.29322	0.99895
1.0	1.0	0.02256	1.0	0.11327	0.04173	0.04476	0.13191	0.13655	0.00748	0.07301	0.68127	0.06719	0.34346	0.99896
1.0	1.0	0.02113	1.0	0.13122	0.03338	0.04094	0.13916	0.11361	0.00788	0.1129	0.68651	0.0489	0.35858	0.99875
1.0	1.0	0.01933	1.0	0.13736	0.0198	0.03816	0.15995	0.11002	0.01018	0.12383	0.71404	0.0472	0.39573	0.99883
1.0	1.0	0.02505	1.0	0.24637	0.0215	0.03909	0.17992	0.09285	0.0138	0.17078	0.72781	0.04086	0.30051	0.999
1.0	1.0	0.02061	1.0	0.23599	0.01606	0.04755	0.15239	0.09366	0.00999	0.13504	0.75366	0.04231	0.34302	0.99859
1.0	1.0	0.02273	1.0	0.18726	0.02356	0.04466	0.1579	0.09502	0.00704	0.12396	0.74561	0.03685	0.34831	0.99877
1.0	1.0	0.02052	1.0	0.23855	0.02233	0.03494	0.14283	0.14611	0.00776	0.09752	0.70961	0.04849	0.3353	0.99903
1.0	1.0	0.01914	1.0	0.24174	0.02771	0.0351	0.11761	0.13669	0.00917	0.10539	0.686	0.04939	0.34318	0.99897
1.0	1.0	0.01803	1.0	0.29783	0.02225	0.05157	0.13537	0.17122	0.00571	0.10686	0.70594	0.07567	0.32508	0.99862
1.0	1.0	0.0186	1.0	0.32285	0.04215	0.05004	0.14089	0.15723	0.01031	0.10711	0.74136	0.06347	0.3619	0.99896
1.0	1.0	0.01679	1.0	0.35693	0.03336	0.02875	0.12437	0.13641	0.01196	0.08594	0.73137	0.06624	0.36956	0.99907
1.0	1.0	0.01354	1.0	0.37151	0.02807	0.03295	0.13529	0.15465	0.00948	0.1018	0.70191	0.07986	0.39368	0.99842
1.0	1.0	0.01868	1.0	0.30915	0.02268	0.04117	0.15107	0.1615	0.01035	0.11645	0.6609	0.05836	0.31093	0.99865
1.0	1.0	0.02051	1.0	0.33853	0.02067	0.02861	0.10913	0.14601	0.00719	0.10308	0.7015	0.05106	0.37274	0.99872
1.0	1.0	0.02176	1.0	0.30793	0.01739	0.03373	0.13241	0.12843	0.01201	0.15513	0.72293	0.05168	0.28931	0.99845
1.0	1.0	0.02944	1.0	0.31945	0.02913	0.02747	0.13435	0.11641	0.00914	0.19618	0.72327	0.04648	0.40975	0.99906
1.0	1.0	0.02692	1.0	0.28637	0.01911	0.03503	0.14137	0.13257	0.00876	0.12673	0.6738	0.03741	0.34289	0.99872
1.0	1.0	0.02608	1.0	0.18025	0.0269	0.02004	0.11856	0.13322	0.01077	0.14302	0.66656	0.03758	0.38658	0.99895
1.0	1.0	0.02777	1.0	0.22173	0.02726	0.01783	0.14677	0.11202	0.00874	0.15202	0.68458	0.04619	0.36718	0.99913
1.0	1.0	0.02773	1.0	0.31483	0.02677	0.02796	0.09861	0.1399	0.0109	0.09974	0.66848	0.04936	0.33456	0.99875
1.0	1.0	0.025	1.0	0.33172	0.03047	0.02529	0.08247	0.16899	0.0167	0.10831	0.67078	0.03758	0.30255	0.99913
1.0	1.0	0.02896	1.0	0.26667	0.022	0.03299	0.13565	0.13792	0.01135	0.05366	0.62305	0.04004	0.33602	0.99907
1.0	1.0	0.02182	1.0	0.27684	0.02065	0.03434	0.14201	0.13824	0.01084	0.07481	0.65836	0.05184	0.36374	0.99886
1.0	1.0	0.0257	1.0	0.32676	0.03395	0.03104	0.13273	0.121	0.00968	0.08203	0.72167	0.03398	0.40277	0.99899
1.0	1.0	0.02058	1.0	0.20857	0.03545	0.02817	0.1412	0.14565	0.01619	0.03683	0.7071	0.02933	0.3898	0.99918
1.0	1.0	0.02448	1.0	0.29178	0.03011	0.05248	0.13325	0.15629	0.01677	0.06222	0.68841	0.02462	0.3565	0.99932
1.0	1.0	0.02483	1.0	0.26881	0.03878	0.05616	0.18662	0.15186	0.0104	0.0532	0.67333	0.03484	0.38906	0.99912
1.0	1.0	0.02789	1.0	0.19899	0.0349	0.04853	0.18163	0.14322	0.0122	0.07722	0.6969	0.04801	0.3853	0.99896
1.0	1.0	0.01939	1.0	0.30206	0.02487	0.03768	0.11868	0.17823	0.01028	0.07068	0.67827	0.05022	0.43582	0.99863
1.0	1.0	0.02659	1.0	0.33325	0.03354	0.03779	0.13185	0.13937	0.00786	0.04027	0.66739	0.05331	0.36183	0.99926
1.0	1.0	0.02197	0.99995	0.37897	0.03458	0.05068	0.13996	0.14432	0.00977	0.05624	0.63885	0.0587	0.33365	0.99862
1.0	1.0	0.02985	1.0	0.29284	0.03895	0.04915	0.16513	0.14616	0.0093	0.01888	0.65316	0.05608	0.41851	0.99895
1.0	1.0	0.02687	1.0	0.2567	0.04322	0.07253	0.15072	0.16482	0.01231	0.01536	0.65053	0.05479	0.39563	0.99924
1.0	1.0	0.02193	1.0	0.37023	0.04736	0.06559	0.12891	0.16459	0.01102	0.04276	0.64621	0.06439	0.3538	0.99911
1.0	1.0	0.02559	1.0	0.34743	0.03463	0.06968	0.11931	0.17294	0.01031	0.02518	0.6959	0.04774	0.30599	0.99919
1.0	1.0	0.02363	1.0	0.31366	0.02538	0.05346	0.1376	0.14498	0.01096	0.02005	0.68072	0.06037	0.33371	0.99899
1.0	1.0	0.02519	1.0	0.28784	0.03741	0.06941	0.11707	0.15573	0.01104	0.02546	0.65493	0.03431	0.26819	0.99909
1.0	1.0	0.02073	1.0	0.23011	0.05091	0.08552	0.15015	0.14893	0.01598	0.06118	0.72917	0.04576	0.34085	0.99894
1.0	1.0	0.02301	1.0	0.32218	0.04028	0.09515	0.17643	0.16304	0.01364	0.05385	0.66463	0.05883	0.32151	0.9992
1.0	1.0	0.02588	1.0	0.27054	0.04544	0.08212	0.19256	0.14311	0.01847	0.02721	0.66671	0.04837	0.33206	0.99921
1.0	1.0	0.02391	1.0	0.20947	0.04375	0.07954	0.18422	0.11621	0.01528	0.03059	0.67349	0.02629	0.33858	0.99916
1.0	1.0	0.02149	1.0	0.2945	0.03787	0.07531	0.18633	0.12863	0.01006	0.07533	0.68756	0.06347	0.36211	0.99939
1.0	1.0	0.01824	1.0	0.35517	0.07015	0.10149	0.17854	0.15397	0.01078	0.09529	0.67402	0.04611	0.3646	0.99924
1.0	1.0	0.02335	1.0	0.41112	0.03953	0.07719	0.15075	0.17806	0.01289	0.04286	0.69908	0.0507	0.32583	0.99908
1.0	1.0	0.02427	1.0	0.40123	0.03792	0.07171	0.14253	0.15899	0.01355	0.0588	0.68196	0.05526	0.38193	0.99919
1.0	1.0	0.02773	1.0	0.53064	0.03408	0.07344	0.1393	0.11507	0.01637	0.03057	0.67178	0.05598	0.4099	0.99913
1.0	1.0	0.01982	1.0	0.34677	0.05562	0.07951	0.17732	0.15187	0.01815	0.01696	0.66962	0.05585	0.36892	0.99931
1.0	1.0	0.02334	1.0	0.20792	0.04791	0.07228	0.18767	0.147	0.01914	0.02675	0.6425	0.03511	0.34802	0.99885
1.0	1.0	0.01959	1.0	0.20193	0.04107	0.06869	0.14866	0.16414	0.01712	0.03537	0.66022	0.046	0.30172	0.99911
1.0	1.0	0.01943	1.0	0.33933	0.03159	0.06946	0.13847	0.13739	0.01689	0.02423	0.67989	0.05985	0.37733	0.9993
1.0	1.0	0.01974	1.0	0.36768	0.04262	0.06854	0.19839	0.13957	0.01581	0.02002	0.71266	0.04672	0.35346	0.9991
1.0	1.0	0.01829	1.0	0.30538	0.031	0.05127	0.17762	0.10974	0.01355	0.01794	0.66055	0.05414	0.42505	0.99932
1.0	1.0	0.01913	1.0	0.35058	0.03488	0.05191	0.15082	0.14156	0.01442	0.022	0.66356	0.04316	0.38387	0.99912
1.0	1.0	0.02434	1.0	0.24709	0.03978	0.08302	0.1402	0.136	0.01577	0.02582	0.68911	0.03293	0.38422	0.9991
1.0	1.0	0.02033	1.0	0.3042	0.03386	0.05509	0.16889	0.11912	0.01056	0.04348	0.69865	0.07508	0.39964	0.99926
1.0	1.0	0.01751	1.0	0.23308	0.03076	0.05784	0.17242	0.09766	0.00898	0.03635	0.68619	0.05307	0.35194	0.99928
1.0	1.0	0.01549	1.0	0.25445	0.02504	0.06364	0.13504	0.10818	0.0178	0.01566	0.66537	0.058	0.37726	0.99903
1.0	1.0	0.01479	1.0	0.25135	0.03678	0.07399	0.13101	0.1316	0.01688	0.05076	0.72336	0.06281	0.43619	0.99932
1.0	1.0	0.01707	1.0	0.25606	0.03758	0.05814	0.14964	0.14262	0.01444	0.07138	0.69329	0.07793	0.35452	0.99915
1.0	1.0	0.02296	1.0	0.19641	0.03171	0.06555	0.16348	0.12305	0.01151	0.15669	0.70425	0.07084	0.3508	0.99931
1.0	1.0	0.01764	1.0	0.27023	0.04275	0.06181	0.14225	0.16171	0.00878	0.07692	0.70603	0.06225	0.37044	0.9994
1.0	1.0	0.02252	1.0	0.2323	0.03757	0.0513	0.14748	0.14959	0.01431	0.07684	0.71641	0.04241	0.3422	0.99918
1.0	1.0	0.01831	1.0	0.22144	0.04847	0.04661	0.15236	0.1261	0.01199	0.11769	0.74019	0.04449	0.30849	0.99909
1.0	1.0	0.01839	1.0	0.24933	0.052	0.04775	0.15085	0.12653	0.01609	0.15112	0.75109	0.05691	0.40962	0.99931
1.0	1.0	0.01639	1.0	0.21813	0.03189	0.04821	0.16804	0.12588	0.02158	0.12803	0.75217	0.05417	0.45684	0.99895
1.0	1.0	0.0224	1.0	0.19397	0.02494	0.04564	0.12574	0.13702	0.02495	0.11161	0.74225	0.04085	0.36309	0.99887
1.0	1.0	0.02307	1.0	0.19599	0.03085	0.03092	0.11991	0.15525	0.02134	0.18178	0.72352	0.05161	0.41369	0.99901
1.0	1.0	0.03009	1.0	0.18701	0.0233	0.0605	0.10787	0.14421	0.01803	0.1881	0.78369	0.04962	0.39965	0.99915
1.0	1.0	0.0279	1.0	0.23822	0.03265	0.06557	0.08128	0.13974	0.00864	0.18712	0.75099	0.04996	0.39148	0.99904
1.0	1.0	0.02789	1.0	0.32625	0.02253	0.03999	0.09995	0.15686	0.01427	0.11244	0.78962	0.05411	0.42278	0.99926
1.0	1.0	0.0236	1.0	0.34439	0.02193	0.05207	0.09833	0.13954	0.00797	0.06688	0.78068	0.05247	0.284	0.99916
1.0	1.0	0.02412	1.0	0.22778	0.01886	0.06253	0.11374	0.14816	0.01094	0.03629	0.76471	0.03913	0.33211	0.99916
1.0	1.0	0.02419	1.0	0.29163	0.01406	0.05053	0.1182	0.14138	0.00837	0.02801	0.73441	0.0424	0.27418	0.99908
1.0	1.0	0.02661	0.99996	0.29667	0.01155	0.04631	0.10794	0.1269	0.01255	0.03888	0.76716	0.05861	0.3816	0.99867
1.0	1.0	0.02202	1.0	0.28268	0.03462	0.04196	0.10947	0.134	0.0056	0.03097	0.75696	0.05683	0.28575	0.99899
1.0	1.0	0.03043	1.0	0.23191	0.04533	0.05229	0.13035	0.1096	0.00811	0.05933	0.73745	0.07373	0.34211	0.99912
1.0	1.0	0.02898	1.0	0.28521	0.04057	0.04861	0.12494	0.13611	0.0088	0.03017	0.7455	0.0575	0.29202	0.99896
1.0	1.0	0.03635	1.0	0.24688	0.03587	0.0544	0.12192	0.13607	0.00779	0.0525	0.74978	0.07457	0.4304	0.99897
1.0	1.0	0.02928	1.0	0.24133	0.02986	0.04536	0.1248	0.13993	0.00833	0.04087	0.73859	0.08823	0.38225	0.99928
1.0	1.0	0.026	1.0	0.31841	0.01737	0.05402	0.13574	0.14623	0.00862	0.03619	0.72679	0.06613	0.32633	0.99878
1.0	1.0	0.03051	0.99999	0.34616	0.02047	0.04134	0.13711	0.1373	0.00872	0.0297	0.76599	0.06371	0.32347	0.99917
1.0	1.0	0.03456	1.0	0.40781	0.01906	0.05584	0.12182	0.14741	0.00674	0.05819	0.78525	0.06175	0.38154	0.99902
1.0	1.0	0.03438	1.0	0.27084	0.02668	0.05194	0.13507	0.14833	0.0076	0.04542	0.73571	0.06573	0.29824	0.99912
1.0	1.0	0.03353	1.0	0.29832	0.03412	0.04621	0.14254	0.13844	0.00923	0.06644	0.73707	0.06614	0.41185	0.999
1.0	1.0	0.02854	1.0	0.22632	0.03368	0.05017	0.14694	0.12358	0.01082	0.04271	0.7675	0.07608	0.4457	0.99909
1.0	1.0	0.02116	1.0	0.42565	0.04164	0.04885	0.12552	0.1451	0.00669	0.04599	0.7178	0.06938	0.35022	0.99933
1.0	1.0	0.02444	1.0	0.41061	0.04504	0.08178	0.11703	0.14428	0.00526	0.08325	0.73957	0.05745	0.31794	0.99911
1.0	1.0	0.02787	1.0	0.35796	0.0364	0.06321	0.13298	0.14453	0.0079	0.11722	0.76316	0.0299	0.39929	0.99905
1.0	1.0	0.02342	1.0	0.36005	0.02769	0.06019	0.13929	0.13901	0.00573	0.07132	0.76285	0.05767	0.42128	0.99918
1.0	1.0	0.02146	1.0	0.24933	0.02325	0.03697	0.17537	0.11224	0.00634	0.07125	0.75925	0.03745	0.44574	0.99921
1.0	1.0	0.02427	1.0	0.27174	0.03353	0.04427	0.16389	0.11299	0.0064	0.14143	0.76655	0.05878	0.45435	0.99908
1.0	1.0	0.0257	1.0	0.32497	0.03163	0.03751	0.13309	0.11804	0.00714	0.11802	0.78211	0.05526	0.42421	0.99895
1.0	1.0	0.02315	1.0	0.32543	0.0285	0.05465	0.17034	0.11196	0.01348	0.0702	0.76469	0.05885	0.47818	0.99911
1.0	1.0	0.02257	1.0	0.26235	0.03017	0.04042	0.17278	0.12039	0.00522	0.04351	0.76972	0.064	0.42764	0.99938
1.0	1.0	0.02817	1.0	0.34768	0.02491	0.03541	0.1438	0.10638	0.00786	0.07447	0.73258	0.0762	0.40171	0.99927
1.0	1.0	0.02501	1.0	0.30288	0.03695	0.03607	0.13478	0.13318	0.00658	0.05906	0.71957	0.09834	0.44254	0.99918
1.0	1.0	0.02761	1.0	0.28298	0.03888	0.0462	0.16941	0.12936	0.01033	0.09993	0.75636	0.08322	0.42957	0.99947
1.0	1.0	0.02828	1.0	0.28569	0.02803	0.05227	0.15271	0.13976	0.00948	0.09748	0.7618	0.09034	0.43751	0.99888
1.0	1.0	0.02803	1.0	0.23993	0.04101	0.07338	0.1347	0.1474	0.00699	0.11995	0.77447	0.08192	0.45018	0.99922
1.0	1.0	0.02442	1.0	0.2061	0.04717	0.07847	0.17687	0.13768	0.00937	0.12797	0.76082	0.07163	0.36936	0.99932
1.0	1.0	0.02747	1.0	0.23161	0.04141	0.05643	0.16606	0.13751	0.00714	0.08796	0.74644	0.05005	0.37639	0.99879
1.0	1.0	0.02513	1.0	0.20097	0.06555	0.08302	0.1685	0.11743	0.01333	0.06925	0.76981	0.03262	0.42683	0.99926
1.0	1.0	0.02833	1.0	0.26678	0.05231	0.0565	0.15769	0.10781	0.01671	0.07448	0.7576	0.03892	0.46262	0.9991
1.0	1.0	0.02999	1.0	0.23181	0.04495	0.06784	0.15708	0.11618	0.01021	0.08805	0.75156	0.04913	0.45968	0.99932
1.0	1.0	0.03312	1.0	0.15627	0.04307	0.07344	0.15227	0.1116	0.01438	0.12079	0.74067	0.05	0.44207	0.99925
1.0	1.0	0.03063	1.0	0.12758	0.02902	0.0611	0.13388	0.1276	0.02233	0.11948	0.72503	0.05746	0.48379	0.99925
1.0	1.0	0.03109	1.0	0.19929	0.03891	0.0678	0.18238	0.12369	0.00949	0.107	0.77518	0.06124	0.42597	0.9993
1.0	1.0	0.03722	1.0	0.21637	0.03348	0.05439	0.1522	0.10675	0.0088	0.15996	0.77475	0.06522	0.48476	0.99918
1.0	1.0	0.03705	1.0	0.23649	0.02713	0.05272	0.13309	0.11865	0.01415	0.1216	0.77738	0.08016	0.44129	0.99929
1.0	1.0	0.03399	1.0	0.26385	0.01909	0.05806	0.1771	0.10508	0.00865	0.0738	0.74699	0.08348	0.43161	0.99925
1.0	1.0	0.03178	1.0	0.15187	0.01658	0.05672	0.14301	0.14227	0.01726	0.07852	0.71756	0.08533	0.46717	0.99922
1.0	1.0	0.04397	1.0	0.17398	0.01699	0.05315	0.17525	0.11187	0.01001	0.13298	0.7191	0.09322	0.47515	0.99901
1.0	1.0	0.04362	1.0	0.20933	0.02786	0.05937	0.16493	0.11269	0.00716	0.11478	0.76947	0.08047	0.4444	0.99917
1.0	1.0	0.03713	1.0	0.23931	0.03358	0.05051	0.15568	0.116	0.00917	0.07579	0.75411	0.06896	0.47335	0.99919
1.0	1.0	0.03238	1.0	0.22076	0.0377	0.07325	0.1536	0.11299	0.0088	0.05106	0.78696	0.074	0.46405	0.99909
1.0	1.0	0.03551	1.0	0.38318	0.02819	0.05732	0.11967	0.11106	0.01324	0.04241	0.75062	0.05586	0.39208	0.99927
1.0	1.0	0.03461	1.0	0.37779	0.02572	0.04974	0.13074	0.12842	0.02087	0.04137	0.75458	0.04179	0.35566	0.99922
1.0	1.0	0.0319	1.0	0.33577	0.01738	0.0539	0.13991	0.12801	0.02123	0.02696	0.74128	0.02941	0.46603	0.99922
1.0	1.0	0.03473	1.0	0.37663	0.02784	0.05137	0.15864	0.12613	0.01335	0.03251	0.75995	0.06911	0.35841	0.99922
1.0	1.0	0.03367	1.0	0.33811	0.02491	0.04516	0.13889	0.11364	0.01216	0.04815	0.73531	0.05142	0.33558	0.999
1.0	1.0	0.03278	1.0	0.31192	0.02962	0.04238	0.12715	0.13147	0.01067	0.04328	0.73336	0.03307	0.38164	0.99898
1.0	1.0	0.03069	1.0	0.33682	0.01572	0.04053	0.11514	0.13501	0.01235	0.06435	0.72122	0.05865	0.41319	0.99918
1.0	1.0	0.03493	1.0	0.344	0.01484	0.03644	0.13658	0.12729	0.01323	0.08147	0.74147	0.06307	0.34564	0.99913
1.0	1.0	0.0257	1.0	0.43768	0.01116	0.03901	0.14775	0.14562	0.01313	0.02931	0.71575	0.05154	0.40249	0.99901
1.0	1.0	0.02646	1.0	0.34224	0.01413	0.03631	0.16623	0.1145	0.01322	0.04336	0.74745	0.07213	0.45629	0.99911
1.0	1.0	0.03363	1.0	0.29123	0.0252	0.03977	0.15916	0.10544	0.02045	0.05229	0.73282	0.06411	0.39686	0.99878
1.0	1.0	0.03685	1.0	0.21418	0.01518	0.03703	0.16155	0.13063	0.01182	0.07545	0.75524	0.06886	0.39698	0.99851
1.0	1.0	0.03602	1.0	0.2432	0.01925	0.03373	0.14151	0.15509	0.01312	0.04702	0.75503	0.07926	0.36702	0.99872
1.0	1.0	0.03126	1.0	0.27344	0.02776	0.05264	0.17354	0.14316	0.01141	0.04783	0.742	0.0688	0.35475	0.99902
1.0	1.0	0.02681	1.0	0.29207	0.02933	0.04896	0.1855	0.12717	0.01334	0.05005	0.76145	0.07269	0.32635	0.99895
1.0	1.0	0.03702	1.0	0.19234	0.01995	0.03694	0.1545	0.12864	0.00955	0.07639	0.75234	0.06596	0.35296	0.99916
1.0	1.0	0.04537	1.0	0.24027	0.03843	0.04527	0.13382	0.10288	0.0149	0.10907	0.7329	0.06339	0.3491	0.99941
1.0	1.0	0.03907	1.0	0.27591	0.05357	0.03284	0.15252	0.08852	0.0095	0.14949	0.78145	0.07183	0.2929	0.99919
1.0	1.0	0.04714	1.0	0.14402	0.02734	0.03887	0.14423	0.08246	0.0099	0.1337	0.78022	0.04846	0.32183	0.99928
1.0	1.0	0.04551	1.0	0.2815	0.03006	0.03312	0.13841	0.08961	0.01216	0.12032	0.77539	0.05812	0.31377	0.99929
1.0	1.00001	0.03612	1.0	0.2264	0.053	0.03037	0.14747	0.10581	0.00724	0.08922	0.72286	0.06246	0.39724	0.99908
1.0	1.0	0.04015	1.0	0.26443	0.0398	0.03098	0.13511	0.09846	0.01151	0.08007	0.7325	0.07592	0.3726	0.99908
1.0	1.0	0.03224	1.0	0.2665	0.04375	0.03621	0.14796	0.09715	0.00819	0.07691	0.72113	0.08126	0.31101	0.99925
1.0	1.0	0.04028	1.0	0.32324	0.03429	0.04485	0.13208	0.1112	0.00911	0.07763	0.74534	0.08589	0.27347	0.99932
1.0	1.0	0.03237	1.0	0.22618	0.05058	0.03422	0.14274	0.1392	0.00915	0.08601	0.68578	0.07675	0.29242	0.9989
1.0	1.0	0.03338	1.0	0.19564	0.05081	0.03965	0.1416	0.11762	0.02019	0.05598	0.71048	0.07687	0.32109	0.99911
1.0	1.0	0.03175	1.0	0.19671	0.02105	0.03066	0.13576	0.12784	0.01119	0.03598	0.67029	0.07976	0.31382	0.99922
1.0	1.0	0.03731	1.0	0.28571	0.02628	0.03539	0.14155	0.11661	0.00848	0.04681	0.73503	0.06684	0.3315	0.99939
1.0	1.0	0.03295	1.0	0.21318	0.06241	0.02923	0.15568	0.1012	0.01368	0.05309	0.69254	0.05815	0.30843	0.99928
1.0	1.0	0.0357	1.0	0.27092	0.03316	0.03399	0.12222	0.1199	0.01626	0.05758	0.68711	0.0594	0.36743	0.99857
1.0	1.0	0.03345	1.0	0.22503	0.02199	0.03523	0.14024	0.10858	0.01149	0.04294	0.72423	0.05901	0.40889	0.99862
1.0	1.0	0.03199	1.0	0.17013	0.01192	0.02266	0.15479	0.11976	0.01073	0.0349	0.67787	0.06053	0.33571	0.99912
1.0	1.0	0.02946	1.0	0.27609	0.02133	0.02724	0.15645	0.12061	0.00712	0.026	0.64651	0.05653	0.34185	0.99897
1.0	1.0	0.03271	0.99998	0.22869	0.01075	0.03431	0.13531	0.10157	0.00899	0.04229	0.71832	0.04621	0.43077	0.9988
1.0	1.0	0.03452	1.0	0.26826	0.02847	0.03067	0.14644	0.09698	0.0065	0.03902	0.66535	0.03731	0.42292	0.9993
1.0	1.0	0.03849	1.0	0.21096	0.01848	0.02129	0.16039	0.11558	0.00877	0.03466	0.68495	0.05778	0.40325	0.99912
1.0	1.0	0.03569	1.0	0.25913	0.01902	0.02597	0.135	0.11122	0.01214	0.03953	0.66564	0.06502	0.38482	0.99923
1.0	1.0	0.03897	1.0	0.2682	0.01629	0.02712	0.13273	0.11175	0.01263	0.05327	0.67855	0.06518	0.41405	0.99919
1.0	1.0	0.04119	1.0	0.25031	0.02058	0.02533	0.13754	0.11281	0.01037	0.06195	0.68227	0.07992	0.39391	0.99911
1.0	1.0	0.03763	1.0	0.34424	0.02449	0.02616	0.1049	0.1228	0.01538	0.06067	0.66978	0.07075	0.38581	0.99905
1.0	1.0	0.04181	1.0	0.37639	0.01779	0.02809	0.11747	0.15065	0.00837	0.10273	0.71145	0.08278	0.36275	0.99916
1.0	1.0	0.03465	1.0	0.29574	0.01543	0.02959	0.12633	0.13369	0.02414	0.1115	0.71853	0.07801	0.37524	0.99893
1.0	1.0	0.04006	1.0	0.25676	0.00914	0.03554	0.12623	0.12364	0.03032	0.09679	0.71163	0.07304	0.38999	0.99896
1.0	1.0	0.03879	1.0	0.25756	0.01421	0.02954	0.13532	0.12106	0.01536	0.16056	0.75401	0.07056	0.4186	0.99885
1.0	1.0	0.03567	1.0	0.27239	0.01679	0.03032	0.11582	0.12014	0.03486	0.11113	0.69135	0.0576	0.38404	0.99901
1.0	1.0	0.0328	0.99999	0.28515	0.01163	0.03415	0.10901	0.12956	0.02306	0.12612	0.66868	0.04793	0.38188	0.99914
1.0	1.0	0.03554	1.0	0.21867	0.01209	0.02549	0.15241	0.12722	0.0299	0.09858	0.72013	0.042	0.33248	0.99926
1.0	1.0	0.03058	1.0	0.16908	0.01112	0.02339	0.1395	0.11059	0.02959	0.12238	0.75021	0.05752	0.39586	0.99902
1.0	1.0	0.03052	1.0	0.19002	0.01542	0.01605	0.12914	0.10239	0.01749	0.08163	0.75213	0.06296	0.37961	0.99917
1.0	1.0	0.03132	1.0	0.25117	0.03563	0.01471	0.14783	0.10257	0.02172	0.09547	0.75739	0.06953	0.30877	0.99893
1.0	1.0	0.03376	1.0	0.36248	0.04907	0.01938	0.12142	0.10401	0.02418	0.13481	0.75757	0.06857	0.33556	0.99886
1.0	1.0	0.03744	1.0	0.35139	0.055	0.03549	0.13273	0.09875	0.0155	0.14384	0.78316	0.09111	0.34685	0.99891
1.0	1.0	0.05401	1.0	0.40252	0.07761	0.05185	0.1089	0.09495	0.03227	0.20103	0.78995	0.08911	0.43665	0.99939
1.0	1.0	0.04571	1.0	0.25481	0.05805	0.02156	0.14828	0.09015	0.03165	0.2423	0.76475	0.09507	0.43271	0.99887
1.0	1.0	0.04581	1.0	0.32767	0.05651	0.02953	0.11676	0.11673	0.01865	0.193	0.72775	0.06655	0.39636	0.99906
1.0	1.0	0.05151	1.0	0.32316	0.06078	0.03859	0.12451	0.12325	0.01312	0.19814	0.74921	0.05681	0.37183	0.99874
1.0	1.0	0.04909	1.0	0.23382	0.06351	0.04936	0.11831	0.11752	0.01575	0.1525	0.73353	0.04771	0.41628	0.99909
1.0	1.0	0.03649	1.0	0.24534	0.04508	0.06099	0.09436	0.13114	0.03311	0.1034	0.73407	0.05536	0.3839	0.9989
1.0	1.0	0.04679	1.0	0.21835	0.04239	0.05108	0.13547	0.10577	0.03487	0.08295	0.72957	0.06196	0.41922	0.99904
1.0	1.0	0.05045	1.0	0.27466	0.03929	0.04017	0.13128	0.09321	0.02193	0.14899	0.74405	0.04789	0.44971	0.9993
1.0	1.0	0.03903	1.0	0.27092	0.04199	0.03103	0.14792	0.10591	0.01466	0.15594	0.74828	0.08608	0.43987	0.9989
1.0	1.0	0.04118	1.0	0.28533	0.04142	0.01923	0.13501	0.09898	0.01387	0.17069	0.71064	0.07307	0.42216	0.99905
1.0	1.0	0.0408	1.0	0.23603	0.04667	0.03254	0.16065	0.10205	0.01888	0.18616	0.72942	0.04576	0.46538	0.99917
1.0	1.0	0.04688	1.0	0.34335	0.03904	0.02732	0.14201	0.09052	0.03034	0.15608	0.75845	0.05504	0.45401	0.99933
1.0	1.0	0.03976	1.0	0.3638	0.06692	0.04439	0.13587	0.10271	0.01522	0.16143	0.71679	0.04343	0.3903	0.99909
1.0	1.0	0.03859	1.0	0.34937	0.02975	0.03074	0.13597	0.09748	0.0201	0.1991	0.73203	0.05204	0.43232	0.99947
1.0	1.0	0.03855	1.0	0.25588	0.02653	0.0228	0.14308	0.1022	0.01098	0.11294	0.70723	0.03575	0.35123	0.99927
1.0	1.0	0.03314	1.0	0.24221	0.00886	0.02503	0.14591	0.10332	0.01034	0.10277	0.74248	0.03807	0.334	0.9991
1.0	1.0	0.03789	1.0	0.3676	0.01261	0.02515	0.15121	0.10685	0.01093	0.12251	0.75614	0.04435	0.42479	0.99928
1.0	1.0	0.04046	1.0	0.36718	0.01506	0.03145	0.13642	0.09166	0.01223	0.12988	0.77444	0.05265	0.37476	0.99913
1.0	1.0	0.03342	1.0	0.29058	0.0082	0.02688	0.13607	0.10042	0.01063	0.09846	0.72445	0.03976	0.42739	0.99915
1.0	1.0	0.03786	1.0	0.2981	0.00984	0.03563	0.13849	0.10081	0.00933	0.10736	0.71881	0.06225	0.42922	0.99909
1.0	1.0	0.03478	0.99999	0.27544	0.0085	0.04273	0.1457	0.10998	0.01184	0.12194	0.71803	0.07785	0.42576	0.99921
1.0	1.0	0.04046	1.0	0.36159	0.01703	0.03685	0.12591	0.09344	0.01092	0.12485	0.76128	0.05459	0.41482	0.99921
1.0	1.0	0.04102	1.0	0.39211	0.02046	0.0283	0.13955	0.0836	0.01752	0.08629	0.73844	0.03764	0.42699	0.99961
1.0	1.0	0.05287	1.0	0.33836	0.01529	0.02123	0.13529	0.09749	0.00832	0.13855	0.74203	0.05285	0.43512	0.99945
1.0	1.0	0.04855	1.0	0.31758	0.02458	0.01901	0.13033	0.08635	0.01363	0.1104	0.67682	0.03441	0.37902	0.99931
1.0	1.0	0.03645	1.0	0.36071	0.0152	0.02689	0.16191	0.09239	0.01122	0.07077	0.67288	0.07001	0.35042	0.99933
1.0	1.0	0.04222	1.0	0.37395	0.02153	0.01784	0.12803	0.10805	0.03588	0.03757	0.7177	0.05195	0.35615	0.99943
1.0	1.0	0.0457	1.0	0.33685	0.01104	0.02479	0.1334	0.11812	0.03056	0.10085	0.69562	0.0724	0.34694	0.99928
1.0	1.0	0.04009	1.0	0.38917	0.01259	0.02051	0.12662	0.09296	0.02339	0.05796	0.6931	0.06471	0.28074	0.99908
1.0	1.0	0.04	1.0	0.35896	0.00889	0.03103	0.12781	0.10024	0.01549	0.03806	0.68636	0.04799	0.41179	0.99941
1.0	1.0	0.03669	1.0	0.35147	0.01654	0.02331	0.12567	0.09673	0.0138	0.06614	0.75829	0.04384	0.40048	0.99948
1.0	1.0	0.0358	1.0	0.31837	0.0065	0.02178	0.11772	0.10445	0.01623	0.08211	0.73376	0.09497	0.41683	0.99925
1.0	1.0	0.03784	1.0	0.38283	0.02343	0.02647	0.10098	0.09217	0.01445	0.08281	0.68223	0.10576	0.36873	0.99937
1.0	1.0	0.02447	1.0	0.41145	0.02584	0.01897	0.11939	0.1137	0.01399	0.05656	0.69285	0.09597	0.43604	0.99896
1.0	1.0	0.02521	1.0	0.28031	0.00797	0.02312	0.13472	0.08773	0.00947	0.06857	0.72076	0.08041	0.47889	0.99925
1.0	inf	0.0206	1.0	0.37505	0.00845	0.02019	0.14311	0.09773	0.01137	0.07735	0.6784	0.10321	0.42986	0.99952
1.0	1.0	0.02265	1.0	0.35019	0.01371	0.03381	0.15553	0.09177	0.00808	0.04213	0.70004	0.06243	0.39739	0.99927
1.0	1.0	0.02304	1.0	0.3345	0.01009	0.03408	0.14992	0.08353	0.01128	0.04698	0.72429	0.04719	0.4602	0.99932
1.0	1.0	0.02811	1.0	0.37375	0.01011	0.01817	0.13114	0.08197	0.01071	0.0658	0.75275	0.03918	0.4451	0.99917
1.0	1.0	0.03151	1.0	0.35383	0.0113	0.02685	0.12927	0.08008	0.0338	0.08959	0.73839	0.04641	0.40034	0.99959
1.0	1.0	0.03435	1.0	0.38501	0.0324	0.01832	0.11209	0.08868	0.03412	0.05927	0.75385	0.07338	0.41674	0.99933
1.0	1.0	0.03462	1.0	0.25981	0.02202	0.01916	0.11597	0.06935	0.02403	0.05447	0.77438	0.06136	0.4191	0.99925
1.0	1.0	0.04309	1.0	0.3662	0.02805	0.0388	0.11607	0.07503	0.01873	0.07647	0.78116	0.07993	0.4315	0.99941
1.0	1.0	0.04256	1.0	0.25883	0.02616	0.0402	0.13115	0.0763	0.02297	0.12491	0.79035	0.08851	0.42223	0.99894
1.0	1.0	0.03492	1.0	0.35263	0.01689	0.02865	0.13041	0.09098	0.01588	0.09197	0.77021	0.13131	0.49132	0.99949
1.0	1.0	0.03102	1.0	0.45487	0.01028	0.03362	0.1245	0.10391	0.01658	0.08785	0.76148	0.09217	0.45865	0.99923
1.0	1.0	0.03369	1.0	0.38108	0.00847	0.02724	0.12091	0.10063	0.03456	0.10067	0.75692	0.09304	0.46382	0.99916
1.0	1.0	0.04079	1.0	0.42162	0.01151	0.01946	0.12763	0.09512	0.04899	0.12334	0.76467	0.10992	0.42984	0.99904
1.0	1.0	0.03862	1.0	0.41994	0.02482	0.01492	0.11044	0.09032	0.04751	0.14827	0.78625	0.09568	0.44194	0.99931
1.0	1.0	0.03461	1.0	0.60083	0.03074	0.01589	0.09797	0.09486	0.07349	0.16449	0.79913	0.08652	0.46131	0.99933
1.0	1.0	0.03633	1.0	0.52755	0.04233	0.01598	0.09587	0.11319	0.05209	0.14853	0.79913	0.04823	0.45857	0.99924
1.0	1.0	0.03697	1.0	0.39137	0.03796	0.02213	0.08875	0.11746	0.04759	0.07901	0.77098	0.0507	0.42683	0.99932
1.0	1.0	0.03738	1.0	0.30956	0.03149	0.01472	0.08894	0.10604	0.03242	0.12779	0.79923	0.05191	0.41924	0.99939
1.0	1.0	0.04038	1.0	0.37141	0.03784	0.02492	0.09017	0.10439	0.05601	0.11461	0.80055	0.03256	0.4213	0.99945
1.0	1.0	0.02989	1.0	0.3494	0.02708	0.01904	0.09046	0.08798	0.03777	0.12975	0.77333	0.05464	0.45863	0.99922
1.0	1.0	0.02865	1.0	0.32838	0.02979	0.01737	0.10288	0.09746	0.04265	0.1217	0.78422	0.05241	0.43052	0.99915
1.0	1.0	0.03332	1.0	0.46247	0.03232	0.02139	0.11463	0.08387	0.0516	0.15811	0.78777	0.04613	0.41511	0.99935
1.0	1.0	0.03037	1.0	0.36073	0.03055	0.03021	0.103	0.09961	0.04118	0.15792	0.78599	0.04048	0.37441	0.99932
1.0	1.0	0.03752	1.0	0.44404	0.02374	0.03567	0.08111	0.10123	0.03064	0.11096	0.78182	0.04886	0.45523	0.99928
1.0	1.0	0.04567	1.0	0.43255	0.03202	0.05003	0.06534	0.1083	0.04419	0.0843	0.79727	0.04341	0.47914	0.99924
1.0	1.0	0.03709	1.0	0.45347	0.02208	0.02156	0.09081	0.1143	0.03543	0.06444	0.78837	0.03324	0.44891	0.99882
1.0	1.0	0.03719	1.0	0.3352	0.01413	0.01515	0.09309	0.10594	0.03676	0.12893	0.7741	0.0318	0.42891	0.9992
1.0	1.0	0.04245	1.0	0.34349	0.01015	0.01544	0.12033	0.09825	0.04601	0.10896	0.80607	0.0453	0.4517	0.99907
1.0	1.0	0.04132	1.0	0.4203	0.02569	0.02981	0.08632	0.11496	0.07962	0.11225	0.78811	0.05368	0.46408	0.99857
1.0	1.0	0.03962	1.0	0.49158	0.01701	0.01918	0.08908	0.11362	0.04729	0.15987	0.80401	0.06759	0.46285	0.99916
1.0	1.0	0.03052	1.0	0.57651	0.00916	0.01077	0.09856	0.12508	0.04645	0.13766	0.79409	0.06008	0.43879	0.99921
1.0	1.0	0.03434	1.0	0.53994	0.00767	0.01722	0.07537	0.12823	0.03099	0.10783	0.78139	0.0661	0.43738	0.99957
1.0	1.0	0.03129	1.0	0.51098	0.0116	0.01868	0.08955	0.10982	0.04411	0.09191	0.78225	0.0632	0.40809	0.99941
1.0	1.0	0.03128	1.0	0.42568	0.01302	0.02027	0.08468	0.13038	0.03514	0.07929	0.77144	0.06448	0.39081	0.99929
1.0	1.0	0.02459	1.0	0.53047	0.01133	0.01345	0.11343	0.09876	0.03326	0.04973	0.74388	0.04021	0.41854	0.99929
1.0	1.0	0.03238	1.0	0.3011	0.03309	0.01365	0.12838	0.08811	0.03455	0.07115	0.74271	0.06125	0.36583	0.99923
1.0	1.0	0.03219	1.0	0.33423	0.01475	0.01064	0.10429	0.09063	0.03969	0.07443	0.76664	0.05259	0.32043	0.99953
1.0	1.0	0.02835	1.0	0.21928	0.02009	0.01225	0.10045	0.09777	0.02371	0.06537	0.77526	0.03803	0.35308	0.9992
1.0	1.0	0.02495	1.0	0.27604	0.02518	0.01283	0.11299	0.1179	0.03577	0.0698	0.75419	0.05698	0.40962	0.99953
1.0	1.0	0.02558	1.0	0.30429	0.03618	0.02632	0.07822	0.10145	0.05195	0.09666	0.75263	0.03554	0.38932	0.99949
1.0	1.0	0.03082	1.0	0.24271	0.04776	0.01746	0.11071	0.09824	0.03493	0.07898	0.76598	0.06211	0.42786	0.99935
1.0	1.0	0.03888	1.0	0.27268	0.04734	0.0196	0.1182	0.09708	0.04044	0.12862	0.79765	0.04574	0.45135	0.99894
1.0	1.0	0.04036	1.0	0.17468	0.02099	0.0123	0.12569	0.09902	0.038	0.09969	0.82669	0.05765	0.44869	0.99942
1.0	1.0	0.03	1.0	0.25442	0.01465	0.02298	0.12259	0.09918	0.04053	0.08738	0.76858	0.04904	0.43527	0.99926
1.0	1.0	0.02269	1.0	0.34535	0.02093	0.02426	0.11385	0.1011	0.04096	0.05824	0.73749	0.0405	0.38354	0.99904
1.0	1.0	0.02526	1.0	0.28056	0.02536	0.03206	0.14789	0.09084	0.0547	0.0831	0.73574	0.02683	0.36681	0.99947
1.0	1.0	0.02867	1.0	0.42382	0.01864	0.02228	0.10075	0.10198	0.04299	0.07432	0.77275	0.04315	0.39306	0.99936
1.0	1.0	0.02207	1.0	0.43069	0.01648	0.02898	0.09684	0.1153	0.05151	0.04488	0.73998	0.01932	0.43143	0.99931
1.0	1.0	0.02606	1.0	0.38244	0.00936	0.02612	0.12428	0.1126	0.05278	0.02671	0.72222	0.04109	0.36344	0.99932
1.0	1.0	0.02275	1.0	0.42238	0.01531	0.02305	0.09361	0.11773	0.04628	0.05141	0.74994	0.04301	0.35258	0.99911
1.0	1.0	0.02701	1.0	0.32069	0.00678	0.02197	0.1189	0.12886	0.0372	0.0323	0.77976	0.04011	0.41892	0.99926
1.0	1.0	0.02508	1.0	0.35893	0.00954	0.01969	0.11388	0.11639	0.05011	0.05904	0.76425	0.03159	0.37046	0.99938
1.0	1.0	0.03243	1.0	0.33072	0.00759	0.02268	0.1176	0.11859	0.02147	0.05109	0.78492	0.05325	0.35825	0.99897
1.0	1.0	0.03029	1.0	0.37599	0.0061	0.0243	0.11059	0.11967	0.02914	0.05291	0.78769	0.04667	0.31784	0.99929
1.0	1.0	0.02873	1.0	0.33005	0.00624	0.02176	0.11174	0.11064	0.0249	0.0575	0.82732	0.05051	0.40526	0.99946
1.0	1.0	0.02269	1.0	0.31307	0.00868	0.02446	0.13291	0.09762	0.02948	0.07686	0.81195	0.03318	0.41312	0.99924
1.0	1.0	0.01804	1.0	0.40889	0.00965	0.03365	0.15061	0.12144	0.03704	0.05039	0.78473	0.02922	0.41001	0.99913
1.0	1.0	0.0234	1.0	0.42234	0.01121	0.03326	0.16151	0.10939	0.03404	0.05669	0.80795	0.02007	0.40349	0.99889
1.0	1.0	0.01839	1.0	0.37084	0.01027	0.02062	0.14681	0.11173	0.02719	0.08586	0.82153	0.042	0.38875	0.99877
1.0	1.0	0.02086	1.0	0.3095	0.0128	0.01663	0.1473	0.0985	0.02249	0.06918	0.82046	0.04967	0.40984	0.99908
1.0	1.0	0.03308	1.0	0.32295	0.01568	0.01337	0.13121	0.11071	0.02705	0.12375	0.80537	0.03087	0.4138	0.9995
1.0	1.0	0.02848	1.0	0.37683	0.01616	0.01364	0.10126	0.12366	0.03111	0.12292	0.79326	0.03401	0.3512	0.99905
1.0	1.0	0.02427	1.0	0.38185	0.0123	0.01355	0.11761	0.11043	0.02861	0.07212	0.79052	0.0246	0.3442	0.99951
1.0	inf	0.03107	1.0	0.36748	0.01423	0.01516	0.13476	0.0966	0.03133	0.08965	0.8202	0.0252	0.3544	0.9996
1.0	1.0	0.02225	1.0	0.46938	0.01137	0.03033	0.12847	0.08527	0.0293	0.11121	0.83099	0.03562	0.42922	0.99935
1.0	1.0	0.02855	1.0	0.5683	0.01547	0.01698	0.12273	0.07848	0.042	0.12848	0.79442	0.04404	0.39832	0.9992
1.0	1.0	0.01742	1.0	0.54105	0.02451	0.01242	0.13709	0.08163	0.03878	0.13215	0.78773	0.0408	0.44633	0.99895
1.0	1.0	0.03298	1.0	0.46521	0.02977	0.01083	0.10438	0.07741	0.03579	0.12058	0.82614	0.03268	0.42902	0.99911
1.0	1.0	0.02885	1.0	0.51977	0.05073	0.02108	0.08521	0.08086	0.03362	0.16697	0.82613	0.03642	0.43734	0.99902
1.0	1.0	0.02698	1.0	0.47899	0.01068	0.0089	0.10728	0.07295	0.0307	0.14459	0.82322	0.03448	0.45027	0.99953
1.0	1.0	0.03048	1.0	0.39134	0.01133	0.01337	0.10661	0.06574	0.01707	0.1676	0.84753	0.0335	0.44326	0.99901
1.0	1.0	0.02905	1.0	0.34006	0.01204	0.00934	0.10555	0.05804	0.03397	0.17822	0.83345	0.03043	0.44415	0.99948
1.0	1.0	0.02872	1.0	0.34199	0.02151	0.01122	0.11948	0.06086	0.03089	0.19025	0.82277	0.02502	0.40637	0.99939
1.0	1.0	0.02623	1.0	0.31635	0.02081	0.01341	0.11328	0.06118	0.03683	0.15608	0.82232	0.03777	0.45709	0.99944
1.0	1.0	0.02976	1.0	0.32061	0.01308	0.0095	0.11214	0.05299	0.02662	0.1736	0.84922	0.03983	0.45226	0.99941
1.0	1.0	0.03348	1.0	0.24358	0.01666	0.01268	0.11209	0.06714	0.02342	0.16175	0.8003	0.05282	0.41423	0.99937
1.0	1.0	0.02799	1.0	0.39608	0.04442	0.00872	0.09865	0.08555	0.02217	0.15257	0.78843	0.06406	0.43512	0.99922
1.0	1.0	0.02476	1.0	0.36197	0.02332	0.01364	0.10636	0.07808	0.02682	0.12172	0.80421	0.08648	0.47477	0.9994
1.0	1.0	0.02384	1.0	0.30187	0.0104	0.00991	0.10204	0.06842	0.01656	0.10574	0.80637	0.0524	0.45023	0.99945
1.0	1.0	0.0288	1.0	0.3236	0.02308	0.01695	0.11376	0.07704	0.02536	0.14134	0.79929	0.06866	0.43334	0.99928
1.0	1.0	0.02055	1.0	0.33994	0.02161	0.01329	0.09946	0.08852	0.02582	0.15057	0.81139	0.03574	0.41737	0.99925
1.0	1.0	0.02675	1.0	0.40743	0.01407	0.00971	0.09281	0.09198	0.02019	0.125	0.81893	0.02213	0.4566	0.99944
1.0	1.0	0.02528	1.0	0.41288	0.01243	0.0176	0.1242	0.07092	0.03015	0.14893	0.81392	0.03466	0.44506	0.99956
1.0	1.0	0.02179	1.0	0.31709	0.00989	0.01939	0.09573	0.07616	0.01955	0.13793	0.78611	0.04896	0.37107	0.99946
1.0	1.0	0.01559	1.0	0.3083	0.01233	0.02252	0.09819	0.07813	0.02803	0.14103	0.79573	0.05689	0.4336	0.99964
1.0	1.0	0.02609	1.0	0.28358	0.00959	0.02223	0.09959	0.07417	0.04084	0.14769	0.80258	0.04392	0.42473	0.99941
1.0	1.0	0.02413	1.0	0.25673	0.01112	0.02056	0.08593	0.07518	0.02589	0.10348	0.77823	0.03458	0.46834	0.9994
1.0	1.0	0.01982	1.0	0.22358	0.0127	0.01688	0.09479	0.06875	0.02712	0.12297	0.79074	0.06229	0.51047	0.99939
1.0	1.0	0.027	1.0	0.21866	0.01045	0.02304	0.09899	0.08669	0.01643	0.11557	0.78088	0.06662	0.45602	0.99954
1.0	1.0	0.0214	1.0	0.23357	0.00837	0.02489	0.12239	0.05954	0.03412	0.1255	0.77046	0.05689	0.45826	0.99951
1.0	1.0	0.02153	1.0	0.26957	0.01302	0.02162	0.11728	0.07874	0.03691	0.12328	0.79379	0.04821	0.47183	0.9993
1.0	1.0	0.03424	1.0	0.28414	0.01703	0.01806	0.09967	0.07585	0.03437	0.15092	0.80258	0.04587	0.47689	0.99937
1.0	1.0	0.03148	1.0	0.31302	0.02101	0.01784	0.11618	0.06742	0.03612	0.11249	0.79719	0.05149	0.45215	0.99936
1.0	1.0	0.02565	1.0	0.26168	0.01752	0.02795	0.10937	0.07518	0.02032	0.17834	0.81553	0.03645	0.40477	0.99931
1.0	1.0	0.03551	1.0	0.28645	0.02085	0.01556	0.10888	0.0668	0.0408	0.14034	0.8089	0.05595	0.38572	0.99943
1.0	1.0	0.02596	1.0	0.37066	0.01517	0.0127	0.10908	0.07188	0.02389	0.11897	0.77636	0.07392	0.45862	0.99962
1.0	1.0	0.0277	1.0	0.33846	0.0194	0.0205	0.11017	0.06596	0.01815	0.13848	0.79087	0.04699	0.38843	0.99932
1.0	1.0	0.02523	1.0	0.30445	0.02983	0.02323	0.10164	0.06877	0.0233	0.12148	0.78562	0.03469	0.36347	0.99936
1.0	1.0	0.02094	1.0	0.24708	0.02929	0.01762	0.097	0.08571	0.01503	0.16829	0.78706	0.02258	0.39405	0.99945
1.0	1.0	0.02531	1.0	0.30406	0.03454	0.03194	0.1033	0.09717	0.02313	0.13813	0.7697	0.04571	0.41757	0.99928
1.0	1.0	0.0234	1.0	0.28923	0.03969	0.0327	0.11223	0.088	0.02886	0.09739	0.8013	0.03771	0.3946	0.99951
1.0	1.0	0.0274	1.0	0.34108	0.04813	0.03072	0.11494	0.07787	0.0207	0.10793	0.80695	0.04648	0.42659	0.99939
1.0	1.0	0.02895	1.0	0.3165	0.02399	0.03411	0.12441	0.07258	0.01384	0.11684	0.80373	0.04785	0.43518	0.99905
1.0	1.0	0.02361	1.0	0.25671	0.01478	0.02503	0.10893	0.06976	0.02473	0.1316	0.80265	0.03228	0.45819	0.99942
1.0	1.0	0.02348	1.0	0.36505	0.04244	0.03213	0.10614	0.08227	0.035	0.1512	0.82021	0.02159	0.41712	0.99927
1.0	1.0	0.03242	1.0	0.30267	0.04164	0.03734	0.10695	0.07545	0.02395	0.13492	0.82325	0.03756	0.44249	0.99971
1.0	1.0	0.03892	1.0	0.37388	0.03273	0.02618	0.09499	0.07165	0.01636	0.13452	0.82401	0.03051	0.40417	0.99937
1.0	1.0	0.05042	1.0	0.33153	0.06708	0.05105	0.08538	0.07848	0.01894	0.12847	0.83483	0.05264	0.37836	0.99945
1.0	1.0	0.03478	1.0	0.36133	0.04087	0.0345	0.08261	0.08881	0.01942	0.10273	0.79217	0.0557	0.4375	0.99934
1.0	1.0	0.03021	1.0	0.21593	0.05302	0.03399	0.08265	0.10432	0.02249	0.13672	0.79917	0.08131	0.39409	0.99963
1.0	1.0	0.01873	1.0	0.26571	0.02915	0.04655	0.09721	0.09901	0.01864	0.06255	0.78066	0.06442	0.4361	0.99955
1.0	1.0	0.02812	1.0	0.22627	0.06218	0.04355	0.10083	0.07691	0.02658	0.12253	0.80318	0.0387	0.47993	0.99939
1.0	1.0	0.02706	1.0	0.21578	0.03137	0.03292	0.09009	0.09454	0.02383	0.12944	0.81172	0.02976	0.44676	0.99953
1.0	1.0	0.03183	1.0	0.24392	0.04013	0.04447	0.07544	0.09174	0.0411	0.12404	0.84434	0.03052	0.45304	0.99917
1.0	1.0	0.02978	1.0	0.26046	0.04498	0.02732	0.0845	0.0927	0.02132	0.14254	0.8299	0.02559	0.43233	0.99937
1.0	1.0	0.02707	1.0	0.23676	0.02814	0.02838	0.10658	0.08483	0.01727	0.17012	0.83857	0.03032	0.45436	0.99935
1.0	1.0	0.03121	1.0	0.2913	0.05722	0.06552	0.09621	0.09469	0.03076	0.15891	0.81764	0.03225	0.43005	0.99936
1.0	1.0	0.02915	1.0	0.2895	0.05383	0.03788	0.10777	0.10029	0.0278	0.15262	0.83107	0.03799	0.43926	0.9994
1.0	1.0	0.03144	1.0	0.31702	0.04277	0.03705	0.0943	0.08406	0.01942	0.178	0.84194	0.04209	0.46915	0.99919
1.0	1.0	0.02717	1.0	0.24594	0.03019	0.0176	0.11569	0.10708	0.02103	0.13752	0.83787	0.03077	0.43256	0.99978
1.0	1.0	0.02412	1.0	0.18441	0.03924	0.02267	0.10332	0.10549	0.03429	0.15164	0.81542	0.03001	0.46294	0.99962
1.0	1.0	0.02823	1.0	0.24233	0.03834	0.0245	0.09857	0.10543	0.02546	0.12133	0.8088	0.03944	0.44193	0.99949
1.0	1.0	0.02409	1.0	0.25911	0.02385	0.02684	0.1061	0.09689	0.01593	0.08266	0.80294	0.03742	0.44826	0.99943
1.0	1.0	0.02916	1.0	0.25141	0.0557	0.02435	0.09225	0.11184	0.02365	0.0899	0.81011	0.03571	0.43049	0.99925
1.0	1.0	0.02885	1.0	0.2369	0.02917	0.02802	0.09054	0.09209	0.02005	0.13836	0.83103	0.02934	0.3962	0.99953
1.0	1.0	0.03711	1.0	0.27576	0.03421	0.03816	0.08232	0.09347	0.01389	0.14121	0.81375	0.0149	0.38167	0.99958
1.0	1.0	0.03285	1.0	0.18136	0.02394	0.02941	0.07917	0.09988	0.01905	0.10617	0.81704	0.01418	0.45166	0.99914
1.0	1.0	0.03603	1.0	0.12547	0.04711	0.04089	0.08058	0.09548	0.02219	0.15194	0.82	0.01834	0.42323	0.99965
1.0	1.0	0.03209	1.0	0.13258	0.02766	0.02512	0.07967	0.09135	0.02411	0.1424	0.8295	0.01748	0.40144	0.99892
1.0	1.0	0.02972	1.0	0.13762	0.03704	0.01843	0.10819	0.10586	0.02422	0.18743	0.84156	0.01693	0.3745	0.99954
1.0	1.0	0.03134	1.0	0.21386	0.06772	0.03543	0.07774	0.10895	0.02063	0.09919	0.84856	0.00982	0.39052	0.99934
1.0	1.0	0.03166	1.0	0.2403	0.04245	0.03455	0.07542	0.08816	0.02523	0.13886	0.83633	0.01043	0.39557	0.99969
1.0	1.0	0.0262	1.0	0.18864	0.03273	0.02437	0.09124	0.09631	0.01153	0.12879	0.83586	0.01365	0.39371	0.99928
1.0	1.0	0.02961	1.0	0.22381	0.07	0.0376	0.10019	0.07516	0.01463	0.14025	0.83279	0.01394	0.41814	0.99949
1.0	1.0	0.03472	1.0	0.25783	0.08385	0.03988	0.10587	0.0706	0.0127	0.12354	0.83769	0.0182	0.43011	0.99961
1.0	1.0	0.03078	1.0	0.21519	0.07477	0.0368	0.10644	0.07268	0.01991	0.11144	0.82622	0.01297	0.39958	0.99918
1.0	1.0	0.03746	1.0	0.2396	0.05168	0.02356	0.11007	0.09846	0.01549	0.11451	0.83543	0.02225	0.43221	0.99943
1.0	1.0	0.03217	1.0	0.22436	0.05333	0.01574	0.11646	0.09151	0.01693	0.10853	0.82641	0.03377	0.41478	0.99928
1.0	1.0	0.04147	1.0	0.22343	0.04449	0.0274	0.09302	0.08055	0.01773	0.11468	0.82767	0.04421	0.40971	0.99934
1.0	1.0	0.03546	1.0	0.15894	0.04074	0.02634	0.11193	0.07671	0.02564	0.12745	0.83824	0.04281	0.42903	0.99928
1.0	1.0	0.02789	1.0	0.19093	0.0222	0.02904	0.11618	0.07461	0.01767	0.09238	0.8339	0.03957	0.35534	0.99917
1.0	1.0	0.03084	1.0	0.21956	0.02586	0.02276	0.11316	0.07557	0.02151	0.11247	0.81574	0.03679	0.35043	0.99948
1.0	1.0	0.03285	1.0	0.15781	0.0203	0.02249	0.11501	0.08036	0.0285	0.10042	0.80084	0.04449	0.36608	0.99957
1.0	1.0	0.03782	1.0	0.19417	0.03255	0.0212	0.10274	0.08565	0.01608	0.10966	0.81342	0.03908	0.36256	0.99969
1.0	1.0	0.0278	1.0	0.24358	0.03665	0.01427	0.11746	0.0895	0.03064	0.08364	0.81968	0.03633	0.37538	0.99909
1.0	1.0	0.033	1.0	0.32057	0.0278	0.0261	0.09999	0.07511	0.02043	0.10158	0.82584	0.0286	0.43257	0.99937
1.0	1.0	0.03035	1.0	0.25475	0.02414	0.02796	0.10759	0.08413	0.02028	0.08974	0.81836	0.0326	0.44211	0.9994
1.0	1.0	0.02404	1.0	0.32063	0.02081	0.02257	0.09385	0.1032	0.02095	0.08549	0.80776	0.04946	0.38884	0.99947
1.0	1.0	0.03529	1.0	0.34024	0.01823	0.01023	0.1029	0.09347	0.04208	0.06145	0.81846	0.02135	0.37089	0.99936
1.0	1.0	0.02898	1.0	0.3337	0.0395	0.01778	0.11563	0.10043	0.03863	0.0724	0.82461	0.018	0.41265	0.9992
1.0	1.0	0.02726	1.0	0.30277	0.03942	0.01858	0.12696	0.10619	0.0454	0.08535	0.83774	0.00786	0.4156	0.99925
1.0	1.0	0.029	1.0	0.42857	0.04048	0.01685	0.12997	0.08408	0.03342	0.12865	0.7999	0.00884	0.40505	0.99979
1.0	1.0	0.02477	1.0	0.37891	0.03511	0.02937	0.12279	0.09295	0.02791	0.13963	0.81718	0.01232	0.4073	0.99926
1.0	1.0	0.02653	1.0	0.4391	0.044	0.01969	0.12817	0.08886	0.03547	0.11862	0.82591	0.01032	0.42179	0.99942
1.0	1.0	0.02317	1.0	0.33558	0.0616	0.01735	0.1503	0.08154	0.03198	0.12527	0.8388	0.01458	0.37036	0.99959
1.0	1.0	0.03076	1.0	0.37619	0.05968	0.01494	0.12454	0.08787	0.02071	0.12502	0.82726	0.02135	0.4146	0.99947
1.0	1.0	0.02875	1.0	0.34769	0.06952	0.01625	0.12607	0.09229	0.02063	0.11872	0.84861	0.01437	0.40551	0.99936
1.0	1.0	0.03744	1.0	0.29524	0.05315	0.014	0.11941	0.09215	0.01528	0.12228	0.84538	0.02711	0.42996	0.9996
1.0	1.0	0.02924	1.0	0.28134	0.05213	0.01537	0.13141	0.08393	0.01522	0.09584	0.84309	0.04703	0.43574	0.99938
1.0	1.0	0.02353	1.0	0.26707	0.0287	0.01396	0.10995	0.08967	0.01973	0.11563	0.8524	0.04343	0.44172	0.99917
1.0	1.0	0.03254	1.0	0.31504	0.05427	0.02225	0.11742	0.09563	0.02946	0.09095	0.83243	0.04531	0.45651	0.99957
1.0	1.0	0.034	1.0	0.31518	0.03667	0.01293	0.10693	0.0798	0.01657	0.10885	0.84836	0.02957	0.41117	0.99958
1.0	1.0	0.0344	1.0	0.28902	0.0306	0.01077	0.12551	0.09668	0.0154	0.10947	0.86068	0.02671	0.46547	0.99948
1.0	1.0	0.02667	1.0	0.34781	0.04494	0.0186	0.14255	0.0956	0.01646	0.1052	0.87115	0.01622	0.40253	0.99967
1.0	1.0	0.0253	1.0	0.31654	0.03814	0.01901	0.104	0.10494	0.01239	0.1025	0.86008	0.01097	0.40997	0.99948
1.0	1.0	0.0235	1.0	0.3947	0.04389	0.00813	0.10254	0.10314	0.0179	0.10797	0.85241	0.01418	0.42652	0.99932
1.0	1.0	0.02963	1.0	0.37623	0.03558	0.01345	0.10101	0.0903	0.00984	0.11114	0.84873	0.0214	0.41077	0.99933
1.0	1.0	0.02208	1.0	0.3136	0.03018	0.02055	0.11975	0.09303	0.01764	0.12123	0.83828	0.03479	0.40884	0.99947
1.0	1.0	0.0287	1.0	0.34822	0.03693	0.02265	0.10277	0.08121	0.02217	0.12426	0.84306	0.03343	0.39686	0.99912
1.0	1.0	0.02813	1.0	0.40837	0.04357	0.01018	0.09225	0.08906	0.0212	0.16616	0.87093	0.02544	0.39155	0.99938
1.0	1.0	0.035	1.0	0.38771	0.04337	0.01076	0.09766	0.0737	0.03335	0.15775	0.86867	0.0192	0.43497	0.99932
1.0	1.0	0.02505	1.0	0.3475	0.0129	0.0072	0.08778	0.08503	0.03136	0.15156	0.85374	0.01882	0.43096	0.99953
1.0	1.0	0.02854	1.0	0.30998	0.02433	0.00528	0.10625	0.0709	0.03898	0.12255	0.8426	0.02609	0.39037	0.99939
1.0	1.0	0.02072	1.0	0.27812	0.01973	0.0166	0.09321	0.08126	0.0316	0.14206	0.84347	0.015	0.36783	0.99926
1.0	1.0	0.01819	1.0	0.36054	0.04998	0.01803	0.09397	0.07971	0.02701	0.12132	0.82782	0.02039	0.34986	0.99959
1.0	1.0	0.02399	1.0	0.36161	0.03673	0.03257	0.08525	0.07252	0.02309	0.14353	0.8451	0.02797	0.38765	0.99959
1.0	1.0	0.01716	1.0	0.32694	0.03259	0.01838	0.0891	0.07592	0.019	0.08977	0.82784	0.01764	0.38733	0.99928
1.0	1.0	0.02228	1.0	0.37685	0.02685	0.02256	0.09694	0.08137	0.03153	0.08828	0.80676	0.02506	0.32234	0.99935
1.0	1.0	0.02423	1.0	0.37733	0.04079	0.03642	0.08909	0.08541	0.00943	0.10471	0.8191	0.02704	0.35509	0.99956
1.0	1.0	0.02537	1.0	0.34331	0.02532	0.0214	0.10152	0.07755	0.01956	0.11527	0.82435	0.02737	0.36736	0.99961
1.0	1.0	0.01876	1.0	0.33935	0.02479	0.01203	0.11062	0.07116	0.01593	0.07253	0.81036	0.02475	0.33559	0.99926
1.0	1.0	0.02044	1.0	0.39825	0.04344	0.02351	0.10035	0.07795	0.03237	0.10709	0.82451	0.02705	0.32716	0.99964
1.0	1.0	0.02878	1.0	0.40174	0.04498	0.05611	0.08477	0.07268	0.01792	0.08415	0.81299	0.03844	0.30596	0.99939
1.0	1.0	0.03478	1.0	0.45036	0.05834	0.0475	0.08909	0.08103	0.02169	0.1264	0.82721	0.03332	0.3654	0.99956
1.0	1.0	0.01512	1.0	0.4178	0.04114	0.03642	0.09066	0.07839	0.0369	0.04235	0.80902	0.02474	0.36795	0.99901
1.0	1.0	0.01618	1.0	0.42122	0.08361	0.01236	0.13554	0.07395	0.04918	0.08052	0.81481	0.04303	0.35735	0.99928
1.0	1.0	0.01738	1.0	0.3908	0.03636	0.01275	0.1064	0.07419	0.00752	0.05894	0.82308	0.03927	0.38764	0.99925
1.0	1.0	0.02596	1.0	0.39857	0.05165	0.0247	0.09588	0.06337	0.01098	0.0975	0.83087	0.03969	0.31291	0.99938
1.0	1.0	0.02574	1.0	0.37874	0.04965	0.0257	0.09742	0.07988	0.01274	0.0788	0.83479	0.06585	0.35529	0.99906
1.0	1.0	0.03215	1.0	0.34697	0.05898	0.02918	0.07637	0.07449	0.01743	0.08133	0.83478	0.03967	0.35135	0.99953
1.0	1.0	0.03324	1.0	0.36747	0.05793	0.03321	0.07893	0.08062	0.0113	0.09073	0.82093	0.05682	0.35297	0.99892
1.0	1.0	0.0286	1.0	0.42759	0.03804	0.03517	0.08565	0.06552	0.00855	0.0886	0.82393	0.04847	0.36089	0.9993
1.0	1.0	0.02702	1.0	0.44781	0.04542	0.02648	0.08044	0.07635	0.00855	0.12875	0.82275	0.0396	0.3896	0.99886
1.0	1.0	0.03578	1.0	0.42632	0.05218	0.02901	0.09203	0.07097	0.00694	0.18564	0.83816	0.0323	0.37211	0.99913
1.0	1.0	0.02614	1.0	0.40778	0.05701	0.02288	0.09918	0.07288	0.00624	0.18096	0.82611	0.04084	0.40968	0.99954
1.0	1.0	0.02754	1.0	0.38699	0.04067	0.04169	0.07821	0.06614	0.00647	0.17641	0.83467	0.03735	0.40868	0.99972
1.0	1.0	0.03531	1.0	0.40335	0.08288	0.0394	0.09689	0.06066	0.01435	0.15941	0.8268	0.035	0.39616	0.99961
1.0	1.0	0.03339	1.0	0.48184	0.03408	0.01409	0.08834	0.06304	0.01716	0.13577	0.8171	0.03431	0.44051	0.99974
1.0	1.0	0.02078	1.0	0.39727	0.03481	0.01798	0.10384	0.06326	0.01018	0.13605	0.81606	0.04296	0.41128	0.99937
1.0	1.0	0.01774	1.0	0.41132	0.01808	0.00984	0.08551	0.06938	0.00856	0.12205	0.8013	0.0489	0.37081	0.99949
1.0	1.0	0.03249	1.0	0.39695	0.03021	0.02666	0.09176	0.06764	0.00766	0.13306	0.79963	0.048	0.32739	0.99938
1.0	1.0	0.03131	1.0	0.39856	0.03824	0.03575	0.07547	0.07652	0.0079	0.161	0.81461	0.06085	0.33661	0.99934
1.0	1.0	0.02454	1.0	0.45247	0.02466	0.02994	0.0744	0.06972	0.01018	0.13762	0.80712	0.05723	0.38042	0.99926
1.0	1.0	0.03171	1.0	0.40423	0.04094	0.04024	0.07188	0.07967	0.00812	0.15155	0.81025	0.04894	0.34823	0.99915
