mass_1	mass_2	phase	time	distance	a_1	a_2	tilt_1	tilt_2	phi_12	phi_jl	theta_jn	psi	ra	dec
0.21386	0.76298	0.04566	0.14428	0.74119	0.05142	0.05939	0.00704	0.0146	0.04667	0.08647	0.40755	0.04713	0.27918	0.9756
0.22152	0.76254	0.04519	0.18453	0.73483	0.04961	0.05636	0.00727	0.01416	0.04622	0.08272	0.40109	0.04649	0.23907	0.97394
0.21975	0.75766	0.04666	0.16121	0.72796	0.04627	0.05879	0.00762	0.01367	0.04636	0.08347	0.38012	0.05095	0.25149	0.96723
0.21121	0.76036	0.04558	0.15239	0.70557	0.05117	0.06315	0.00636	0.01385	0.04715	0.08622	0.40685	0.0515	0.27301	0.95863
0.21055	0.74672	0.0457	0.15358	0.69747	0.05519	0.06302	0.00927	0.01221	0.04555	0.08114	0.46762	0.05248	0.26782	0.94875
0.21029	0.75096	0.04452	0.15649	0.70103	0.05749	0.06692	0.01493	0.01747	0.04616	0.07716	0.52019	0.05149	0.29389	0.94152
0.20554	0.74869	0.04504	0.15748	0.6997	0.06764	0.06739	0.00852	0.01383	0.04587	0.07665	0.54485	0.04744	0.28173	0.93867
0.20708	0.74396	0.04405	0.15947	0.69871	0.05755	0.06801	0.01143	0.01293	0.04614	0.07593	0.54809	0.04632	0.28906	0.9349
0.20008	0.74274	0.0446	0.16706	0.70156	0.04466	0.06919	0.01266	0.01324	0.04561	0.07017	0.53914	0.04568	0.28726	0.93172
0.20312	0.7433	0.04496	0.16857	0.70824	0.05636	0.07001	0.00975	0.01346	0.04593	0.06634	0.54695	0.04174	0.29031	0.92907
0.20354	0.74433	0.04511	0.16541	0.70868	0.0507	0.07062	0.01164	0.01279	0.04541	0.05906	0.5364	0.04139	0.29498	0.92917
0.20096	0.74152	0.04327	0.17576	0.7048	0.06057	0.06847	0.01006	0.02082	0.04455	0.05361	0.51199	0.03981	0.28616	0.926
0.20059	0.74362	0.04334	0.16899	0.70329	0.04587	0.07396	0.01033	0.01265	0.04478	0.05379	0.51851	0.03959	0.28701	0.92688
0.19848	0.73948	0.04438	0.1732	0.7007	0.0473	0.0703	0.01222	0.01433	0.04592	0.06167	0.51626	0.03708	0.29702	0.92425
0.2015	0.73336	0.04308	0.17412	0.70173	0.06131	0.07233	0.01008	0.01265	0.04544	0.05299	0.50057	0.03761	0.29419	0.92553
0.19896	0.73406	0.0432	0.1745	0.69312	0.05441	0.07122	0.01444	0.01252	0.04438	0.0461	0.49834	0.03632	0.29264	0.92401
0.20181	0.72525	0.0427	0.17666	0.69386	0.04682	0.06326	0.01807	0.01169	0.0458	0.04219	0.49158	0.03766	0.29478	0.92062
0.19999	0.72641	0.04213	0.18066	0.69408	0.04903	0.05557	0.00919	0.0109	0.04603	0.03868	0.50541	0.03754	0.28917	0.91883
0.20442	0.73105	0.04198	0.17981	0.69399	0.04999	0.05545	0.01174	0.01373	0.04504	0.04735	0.48034	0.03685	0.29174	0.91814
0.20098	0.73395	0.04309	0.17962	0.69079	0.04423	0.05836	0.00934	0.01151	0.0448	0.03565	0.48589	0.03665	0.29662	0.92004
0.20639	0.72685	0.04065	0.17995	0.6947	0.05528	0.05592	0.00936	0.01243	0.04464	0.03271	0.49604	0.03372	0.29999	0.91805
0.2022	0.72838	0.04032	0.179	0.6928	0.06816	0.05805	0.01089	0.0216	0.04474	0.03294	0.49174	0.03416	0.30238	0.91681
0.2042	0.72269	0.04021	0.18475	0.6965	0.06036	0.05308	0.01458	0.02107	0.04429	0.03303	0.48099	0.03463	0.31189	0.9174
0.20514	0.74032	0.03936	0.19078	0.69681	0.03489	0.04626	0.01066	0.01442	0.04403	0.03281	0.48033	0.03257	0.30343	0.91654
0.20997	0.73594	0.03653	0.1909	0.69919	0.03607	0.05555	0.00942	0.01093	0.04301	0.03776	0.48415	0.03206	0.31039	0.91714
0.212	0.74073	0.03793	0.18592	0.70354	0.04819	0.05783	0.00969	0.01323	0.04427	0.03515	0.47724	0.03531	0.30868	0.91512
0.21503	0.73312	0.03272	0.18985	0.70071	0.0523	0.04363	0.01067	0.01259	0.04391	0.02697	0.49214	0.0378	0.30936	0.91376
0.20782	0.73117	0.03486	0.19055	0.7077	0.05822	0.04936	0.00886	0.01424	0.04332	0.0332	0.49784	0.03651	0.30824	0.91206
0.21629	0.7267	0.03238	0.18648	0.71403	0.02827	0.04099	0.01059	0.01442	0.0432	0.02281	0.49537	0.03635	0.31821	0.91484
0.21914	0.72806	0.02995	0.19723	0.69258	0.03172	0.04537	0.00865	0.01309	0.04229	0.02264	0.51441	0.0388	0.30059	0.91314
0.20773	0.73527	0.02834	0.19746	0.69519	0.04084	0.04595	0.00608	0.0123	0.04161	0.02811	0.5158	0.03963	0.30485	0.91267
0.2239	0.73388	0.02778	0.18468	0.70528	0.04998	0.0405	0.00661	0.01279	0.04336	0.01945	0.519	0.04145	0.31606	0.91424
0.23414	0.72608	0.02548	0.19933	0.69444	0.03376	0.03992	0.01069	0.01413	0.04401	0.0218	0.53502	0.03774	0.31274	0.91029
0.23382	0.72162	0.02558	0.20655	0.70777	0.03448	0.03761	0.00917	0.01309	0.04323	0.02202	0.51844	0.03757	0.30007	0.91169
0.21333	0.7189	0.02086	0.1958	0.70143	0.03738	0.03511	0.01204	0.01856	0.04402	0.03411	0.5422	0.04306	0.30376	0.90985
0.23035	0.7368	0.01941	0.20164	0.70777	0.03743	0.04218	0.01683	0.00974	0.04194	0.0222	0.54591	0.0412	0.30682	0.90984
0.2186	0.73786	0.01894	0.20259	0.70311	0.04872	0.03799	0.0094	0.01281	0.04239	0.02314	0.54695	0.03909	0.30297	0.91069
0.2181	0.74104	0.01783	0.20777	0.7059	0.03858	0.05158	0.01187	0.02049	0.04243	0.03189	0.53939	0.03856	0.29762	0.91126
0.22244	0.73577	0.01574	0.20105	0.70384	0.0563	0.04586	0.01504	0.02527	0.04278	0.02365	0.55987	0.03726	0.30318	0.91028
0.21476	0.74074	0.01569	0.19779	0.71024	0.04645	0.04946	0.0159	0.01643	0.0427	0.01617	0.55117	0.03092	0.30517	0.91041
0.22343	0.73172	0.0158	0.20176	0.69629	0.03833	0.04873	0.00932	0.01317	0.04124	0.02447	0.55857	0.03213	0.29359	0.90954
0.21022	0.72598	0.01456	0.19545	0.71066	0.04713	0.03418	0.01179	0.02763	0.04053	0.0201	0.55933	0.03574	0.30156	0.90915
0.23192	0.738	0.01431	0.19892	0.70969	0.04559	0.049	0.01551	0.01912	0.04122	0.01912	0.56831	0.0348	0.29971	0.90785
0.22947	0.74188	0.01529	0.1955	0.72161	0.04094	0.0481	0.0181	0.01299	0.03943	0.02451	0.57874	0.04076	0.32673	0.90762
0.23817	0.7632	0.01401	0.20112	0.71176	0.04007	0.05679	0.01713	0.00929	0.03853	0.01938	0.57694	0.03464	0.30265	0.90692
0.23372	0.74901	0.01241	0.20641	0.71071	0.05434	0.05296	0.0135	0.00991	0.03706	0.02377	0.58106	0.03645	0.30994	0.9057
0.22835	0.75377	0.01449	0.2025	0.70683	0.05961	0.06171	0.00631	0.01031	0.03567	0.02066	0.59896	0.04206	0.31123	0.90874
0.2448	0.75028	0.01294	0.20061	0.71678	0.0342	0.06035	0.02482	0.01118	0.03677	0.04228	0.61901	0.03578	0.31364	0.90551
0.22953	0.73955	0.01224	0.20982	0.71233	0.07456	0.05894	0.01424	0.01206	0.03561	0.02019	0.60826	0.03191	0.29354	0.90676
0.22563	0.74782	0.01048	0.20178	0.70776	0.03706	0.06441	0.00979	0.01444	0.03303	0.02529	0.61703	0.04098	0.30515	0.90948
0.22613	0.74183	0.01	0.19664	0.71809	0.0402	0.06406	0.00665	0.00873	0.0326	0.0264	0.6246	0.03636	0.32511	0.90601
0.22964	0.76202	0.01043	0.20302	0.71855	0.05259	0.05326	0.01056	0.00962	0.03186	0.01787	0.60874	0.04181	0.31834	0.90662
0.22473	0.76339	0.01006	0.20668	0.72337	0.03731	0.04974	0.00664	0.01002	0.03118	0.02481	0.62477	0.03449	0.31014	0.90669
0.22798	0.74238	0.00956	0.20283	0.72263	0.06053	0.05335	0.01147	0.01127	0.03173	0.02777	0.63339	0.02872	0.31129	0.90525
0.22027	0.74645	0.00875	0.2034	0.71434	0.05238	0.05551	0.00762	0.01075	0.02951	0.02058	0.63043	0.03524	0.31993	0.90396
0.23486	0.74807	0.00836	0.20131	0.70874	0.06302	0.06597	0.00615	0.0105	0.02802	0.02634	0.64508	0.03111	0.34136	0.90749
0.24165	0.77824	0.00756	0.20433	0.72042	0.05333	0.06881	0.01503	0.01044	0.02729	0.01873	0.63113	0.03862	0.33783	0.90424
0.23183	0.76107	0.00798	0.19639	0.71746	0.06671	0.0548	0.01172	0.01104	0.02637	0.01596	0.66084	0.03745	0.33672	0.90395
0.24289	0.76652	0.0084	0.20142	0.72029	0.05654	0.0562	0.00931	0.01017	0.02617	0.01965	0.62863	0.03251	0.30797	0.90552
0.23373	0.75225	0.00583	0.19713	0.71977	0.07205	0.05603	0.01413	0.01531	0.02479	0.02406	0.63406	0.02868	0.31539	0.90596
0.23922	0.75525	0.00553	0.19933	0.73175	0.06252	0.07319	0.00878	0.0094	0.02292	0.02645	0.66654	0.04176	0.33599	0.90616
0.23972	0.73109	0.00593	0.19361	0.72403	0.07394	0.06296	0.00658	0.01396	0.02318	0.02866	0.67778	0.04224	0.33021	0.90722
0.23722	0.75498	0.00606	0.20612	0.7371	0.08771	0.07245	0.0068	0.01022	0.02174	0.02023	0.66921	0.03038	0.33824	0.9061
0.23553	0.74667	0.00377	0.19859	0.7222	0.10215	0.06353	0.00435	0.0107	0.02102	0.03275	0.67966	0.0352	0.32814	0.90615
0.23773	0.75123	0.00405	0.21149	0.72372	0.08201	0.07118	0.00973	0.01044	0.02035	0.01906	0.66709	0.02841	0.32163	0.90298
0.24752	0.75191	0.00585	0.20102	0.71428	0.06912	0.06532	0.00933	0.01175	0.0201	0.03347	0.68865	0.04551	0.34706	0.90694
0.23436	0.75816	0.00556	0.19997	0.70492	0.08038	0.07119	0.00788	0.01421	0.01949	0.02558	0.70019	0.03489	0.32725	0.90887
0.24011	0.74817	0.00623	0.19748	0.71676	0.07361	0.09159	0.0119	0.01251	0.01983	0.0306	0.68124	0.0414	0.33285	0.90837
0.23173	0.75038	0.00638	0.19973	0.71961	0.08441	0.07421	0.01609	0.02482	0.01897	0.02251	0.694	0.0348	0.32822	0.90702
0.23716	0.77187	0.00387	0.2108	0.7225	0.06731	0.07115	0.01353	0.01006	0.01815	0.03258	0.68984	0.02907	0.30468	0.90595
0.24794	0.76296	0.00469	0.2094	0.7103	0.05789	0.07354	0.01159	0.01133	0.01776	0.04265	0.70014	0.03487	0.30852	0.90593
0.23668	0.75199	0.00332	0.21566	0.7048	0.06825	0.07208	0.00845	0.01725	0.01752	0.02875	0.71016	0.04463	0.29597	0.90797
0.23682	0.75328	0.00357	0.19996	0.71666	0.08201	0.06599	0.00764	0.01576	0.0169	0.021	0.68509	0.02961	0.30312	0.91044
0.23826	0.76103	0.00309	0.21073	0.70831	0.07781	0.07134	0.01856	0.01359	0.01901	0.02316	0.67946	0.03042	0.32083	0.90826
0.24218	0.75536	0.00325	0.19843	0.71997	0.08511	0.08011	0.01008	0.0104	0.01655	0.02264	0.6801	0.02904	0.29499	0.90935
0.24638	0.76119	0.00384	0.19311	0.70749	0.11206	0.09738	0.01257	0.01414	0.01814	0.01917	0.69451	0.03171	0.33711	0.90981
0.24615	0.7778	0.00358	0.20027	0.71964	0.13647	0.09714	0.01703	0.01105	0.01649	0.02479	0.70658	0.0313	0.33048	0.91074
0.25229	0.78273	0.00499	0.19375	0.72778	0.11198	0.09538	0.01009	0.01367	0.01562	0.03115	0.7138	0.03801	0.35169	0.91193
0.23948	0.76099	0.00339	0.19284	0.72599	0.09879	0.09508	0.0132	0.0162	0.0167	0.02249	0.70939	0.03353	0.34392	0.91116
0.24724	0.76249	0.00419	0.19173	0.7217	0.10016	0.08589	0.01508	0.01128	0.0159	0.05038	0.72314	0.0463	0.32408	0.91063
0.24849	0.79054	0.00271	0.22178	0.72454	0.10788	0.08521	0.0274	0.01215	0.01558	0.02247	0.69343	0.03709	0.32413	0.90629
0.24679	0.76196	0.00378	0.20347	0.71928	0.11959	0.1112	0.01139	0.01537	0.01411	0.01849	0.71038	0.02809	0.3184	0.91033
0.24065	0.75505	0.0027	0.19753	0.71979	0.12351	0.10237	0.01781	0.0097	0.01478	0.03482	0.71694	0.0251	0.32136	0.91149
0.2422	0.7518	0.0034	0.19411	0.72808	0.10336	0.0847	0.01914	0.01296	0.01618	0.03672	0.72416	0.04223	0.32528	0.91121
0.23771	0.75906	0.00209	0.20297	0.72593	0.07767	0.07707	0.00935	0.01077	0.0155	0.04509	0.73411	0.0275	0.31847	0.90985
0.24311	0.75069	0.00224	0.19777	0.74593	0.06441	0.06453	0.01777	0.01491	0.01401	0.03429	0.72234	0.02765	0.31736	0.91061
0.24007	0.76437	0.00445	0.19975	0.72213	0.08706	0.08318	0.02217	0.02201	0.01387	0.02827	0.72104	0.01558	0.32085	0.91275
0.2457	0.74584	0.00622	0.20219	0.71989	0.11562	0.08874	0.01262	0.01919	0.01334	0.01381	0.73396	0.02591	0.29627	0.91371
0.24628	0.74382	0.00321	0.21137	0.71815	0.07839	0.07912	0.011	0.01267	0.01366	0.02977	0.70273	0.01529	0.28676	0.91186
0.2461	0.74059	0.00313	0.21382	0.72801	0.10871	0.10249	0.00677	0.01767	0.01409	0.04007	0.75634	0.02903	0.28752	0.91179
0.24684	0.75029	0.00432	0.21665	0.7232	0.12562	0.10382	0.00396	0.01196	0.01363	0.02671	0.74072	0.01587	0.29484	0.91307
0.24661	0.74737	0.00478	0.21837	0.70619	0.08179	0.06942	0.00802	0.01118	0.01299	0.0405	0.74345	0.02812	0.29314	0.91334
0.24189	0.73807	0.00407	0.21048	0.72131	0.12852	0.1058	0.00716	0.01204	0.01503	0.03862	0.77142	0.02398	0.30747	0.91309
0.25311	0.75346	0.00286	0.21371	0.71741	0.11057	0.09912	0.01173	0.0117	0.01275	0.04004	0.75239	0.01985	0.26963	0.91716
0.24558	0.74348	0.00447	0.21399	0.70528	0.07806	0.07751	0.0069	0.01362	0.01319	0.03965	0.74354	0.02129	0.27956	0.91459
0.23969	0.74728	0.0038	0.20239	0.71285	0.06889	0.07459	0.00986	0.01487	0.01382	0.03435	0.7308	0.02025	0.30233	0.91685
0.25298	0.7756	0.0031	0.21206	0.71846	0.13491	0.0964	0.01218	0.01055	0.01421	0.02429	0.72947	0.02082	0.2955	0.91321
0.25269	0.76564	0.00414	0.20831	0.70739	0.08284	0.07717	0.0243	0.01715	0.01323	0.03277	0.7514	0.02242	0.29143	0.91447
0.24414	0.75969	0.00408	0.20322	0.70928	0.09606	0.10158	0.01582	0.01587	0.01354	0.03643	0.73467	0.02654	0.30144	0.91724
0.24694	0.76033	0.00292	0.20209	0.71189	0.13614	0.11287	0.01643	0.01493	0.01167	0.01594	0.75278	0.01644	0.28893	0.91641
0.25132	0.75728	0.0041	0.21211	0.71134	0.14088	0.11388	0.01251	0.0106	0.0118	0.0233	0.76257	0.02563	0.29542	0.91697
0.25039	0.76955	0.00358	0.20696	0.72008	0.13225	0.11425	0.01041	0.01264	0.01354	0.03673	0.77366	0.03029	0.31026	0.91616
0.24924	0.74625	0.00218	0.20969	0.70939	0.09839	0.11989	0.00938	0.00963	0.01352	0.0451	0.76713	0.02181	0.28449	0.91844
0.25723	0.77587	0.00593	0.20804	0.72557	0.15952	0.11787	0.00691	0.012	0.01158	0.03288	0.77359	0.01424	0.27419	0.92079
0.25449	0.77538	0.00268	0.19682	0.72503	0.11232	0.08841	0.01383	0.01176	0.01147	0.04463	0.765	0.02215	0.31546	0.91631
0.25291	0.75604	0.00246	0.20502	0.72497	0.11975	0.13253	0.00988	0.01035	0.0131	0.03563	0.75408	0.01645	0.29782	0.91803
0.2593	0.76632	0.0042	0.2054	0.72106	0.13967	0.12598	0.01219	0.00885	0.01181	0.05108	0.79689	0.01809	0.30421	0.9208
0.25547	0.77513	0.00482	0.20757	0.71575	0.15601	0.13191	0.00695	0.01426	0.01317	0.03251	0.77712	0.01688	0.27037	0.92491
0.25071	0.76323	0.00432	0.20721	0.71127	0.13014	0.1429	0.00931	0.00936	0.01223	0.05775	0.76325	0.01542	0.28069	0.92654
0.25601	0.78129	0.00201	0.19527	0.73008	0.15923	0.14193	0.00504	0.00968	0.01226	0.03865	0.79516	0.02086	0.32262	0.92415
0.24081	0.76775	0.00318	0.19861	0.71993	0.13697	0.11223	0.01514	0.01218	0.01289	0.02979	0.78931	0.02206	0.30542	0.9202
0.25399	0.79501	0.00249	0.21859	0.71802	0.13176	0.11074	0.01191	0.00929	0.01171	0.02985	0.77206	0.01	0.2691	0.92315
0.25334	0.80483	0.00396	0.19319	0.73344	0.12892	0.11954	0.01531	0.01074	0.01101	0.02672	0.77355	0.02246	0.31585	0.92492
0.24359	0.75886	0.0051	0.19919	0.71878	0.12433	0.11442	0.01547	0.01528	0.01017	0.02123	0.79051	0.01938	0.30875	0.92782
0.24693	0.76418	0.00276	0.19069	0.72674	0.14202	0.11573	0.01467	0.01325	0.01143	0.03651	0.80736	0.0263	0.32761	0.92767
0.25345	0.77078	0.00498	0.18807	0.7352	0.15425	0.13747	0.00751	0.00788	0.01131	0.03257	0.79772	0.02565	0.33437	0.92254
0.25375	0.77537	0.00424	0.18638	0.74461	0.14558	0.1435	0.00932	0.01368	0.01136	0.03756	0.78248	0.03183	0.32688	0.92623
0.25372	0.77576	0.00502	0.20385	0.71786	0.13389	0.12774	0.01512	0.01629	0.01235	0.03886	0.80524	0.01827	0.30201	0.92592
0.24752	0.77117	0.00471	0.18751	0.72661	0.12619	0.12344	0.00912	0.00941	0.00983	0.01619	0.7545	0.02263	0.30622	0.93096
0.24908	0.7725	0.00415	0.19393	0.72581	0.13185	0.14317	0.00565	0.0068	0.01037	0.05935	0.73775	0.02171	0.31891	0.92726
0.24687	0.77598	0.00501	0.19246	0.70649	0.1938	0.15083	0.01986	0.0145	0.01098	0.05189	0.79505	0.00788	0.28966	0.93345
0.25264	0.78698	0.00549	0.19207	0.72098	0.12213	0.11415	0.0123	0.01227	0.01102	0.03546	0.79092	0.02722	0.32955	0.92795
0.25156	0.77955	0.00414	0.20297	0.73674	0.17499	0.16903	0.01293	0.01203	0.01196	0.03222	0.81258	0.02185	0.33092	0.92669
0.25183	0.77017	0.00393	0.19449	0.72912	0.13355	0.14734	0.00347	0.00648	0.0113	0.05949	0.79283	0.0193	0.31588	0.92797
0.24731	0.75925	0.00404	0.19897	0.71616	0.17131	0.14684	0.00543	0.01537	0.01192	0.05295	0.80003	0.02009	0.29639	0.93126
0.24589	0.76547	0.00393	0.185	0.73621	0.14263	0.14838	0.00891	0.01231	0.012	0.03835	0.78785	0.02654	0.33045	0.93144
0.25073	0.75678	0.00468	0.18672	0.72292	0.12836	0.12419	0.01239	0.0152	0.01008	0.05099	0.78265	0.02587	0.31885	0.93092
0.25651	0.78312	0.00416	0.19199	0.73095	0.1326	0.13558	0.01309	0.00851	0.01057	0.02771	0.79777	0.02244	0.31721	0.9291
0.25063	0.77774	0.00421	0.18992	0.73282	0.13213	0.12849	0.01376	0.00845	0.00939	0.03058	0.78492	0.03987	0.35124	0.92528
0.25922	0.76329	0.00289	0.1869	0.73093	0.1265	0.12082	0.01122	0.01102	0.01084	0.04272	0.79248	0.02758	0.33052	0.9294
0.25846	0.78797	0.00315	0.18474	0.72738	0.15547	0.14444	0.006	0.00788	0.01009	0.06024	0.79755	0.03229	0.32932	0.93411
0.25587	0.77044	0.00186	0.18992	0.72741	0.19606	0.17595	0.00386	0.00667	0.01111	0.0529	0.79339	0.01845	0.29878	0.93551
0.25853	0.78166	0.00285	0.19427	0.73719	0.16462	0.15715	0.01089	0.0126	0.00968	0.07646	0.79379	0.01748	0.31663	0.93262
0.25982	0.77393	0.00393	0.20215	0.74094	0.1486	0.13681	0.00585	0.00823	0.00977	0.04854	0.77265	0.01691	0.30862	0.92897
0.25316	0.75508	0.00257	0.19414	0.72454	0.15864	0.15553	0.00742	0.00946	0.01078	0.05897	0.74095	0.01872	0.29459	0.93575
0.25904	0.76965	0.00381	0.18542	0.73145	0.15868	0.161	0.00748	0.00638	0.01074	0.06237	0.79453	0.02069	0.33126	0.93449
0.25958	0.77397	0.00415	0.19002	0.73481	0.20018	0.16152	0.0095	0.00874	0.0108	0.07305	0.76915	0.02129	0.33472	0.93495
0.26519	0.7825	0.00444	0.1891	0.7271	0.16082	0.15582	0.01133	0.00906	0.01087	0.08965	0.76428	0.01788	0.33409	0.93809
0.26466	0.77601	0.00288	0.18957	0.7187	0.20494	0.16935	0.00402	0.01291	0.01076	0.09626	0.80244	0.02634	0.31022	0.93771
0.26406	0.77975	0.00251	0.18676	0.73559	0.18496	0.14655	0.01135	0.00705	0.01005	0.08255	0.81126	0.02645	0.3218	0.93961
0.26018	0.77491	0.00327	0.18902	0.73163	0.1659	0.14574	0.00991	0.00745	0.01121	0.05765	0.81235	0.02438	0.32886	0.93752
0.26359	0.77393	0.00222	0.18836	0.73112	0.18794	0.15887	0.00706	0.00898	0.01195	0.05493	0.79257	0.02199	0.31252	0.94067
0.24848	0.7652	0.00274	0.18989	0.74474	0.15004	0.14737	0.00369	0.00753	0.0098	0.05359	0.80167	0.02381	0.33002	0.93947
0.25365	0.76715	0.00202	0.19544	0.73838	0.1582	0.1624	0.00537	0.00625	0.01208	0.06423	0.80804	0.01442	0.33265	0.93383
0.26288	0.74368	0.00345	0.18796	0.75094	0.12068	0.13212	0.01046	0.00747	0.01019	0.07224	0.81631	0.02228	0.35804	0.93699
0.25877	0.76476	0.00399	0.18944	0.74052	0.15078	0.14531	0.01199	0.00918	0.01088	0.04899	0.80961	0.01684	0.30748	0.94271
0.25707	0.76854	0.00255	0.18415	0.74352	0.17082	0.15385	0.00604	0.00636	0.01138	0.05932	0.80468	0.0261	0.33792	0.93729
0.25889	0.74337	0.00184	0.19468	0.74382	0.14999	0.14648	0.00809	0.00889	0.01125	0.05004	0.80865	0.01359	0.29842	0.93923
0.26135	0.78023	0.00223	0.18657	0.73863	0.16754	0.15868	0.00616	0.00756	0.01116	0.05014	0.82486	0.01376	0.30253	0.94441
0.26411	0.7767	0.00541	0.19915	0.74427	0.1488	0.168	0.00822	0.00656	0.01078	0.10885	0.80402	0.01027	0.29394	0.94163
0.25084	0.76044	0.0014	0.18795	0.74127	0.15762	0.14234	0.00659	0.00855	0.01104	0.09372	0.813	0.01482	0.30903	0.93913
0.25852	0.77367	0.00154	0.17924	0.73492	0.14363	0.14684	0.00776	0.00917	0.01148	0.07142	0.81187	0.01517	0.34673	0.94559
0.2589	0.76378	0.00261	0.18336	0.74648	0.16043	0.15761	0.00324	0.01018	0.01105	0.0905	0.80465	0.02521	0.32823	0.93922
0.25317	0.78028	0.00257	0.18632	0.74725	0.14897	0.1571	0.00509	0.00776	0.00984	0.08547	0.83087	0.0135	0.34031	0.94316
0.25787	0.77129	0.00184	0.19646	0.7411	0.15046	0.14342	0.00749	0.00614	0.0094	0.08269	0.81488	0.01622	0.3283	0.93732
0.25296	0.77184	0.00436	0.18096	0.72017	0.13053	0.12944	0.00687	0.00927	0.00959	0.09157	0.82002	0.02595	0.32384	0.94309
0.25599	0.78323	0.00225	0.19269	0.73275	0.17989	0.16017	0.00572	0.00712	0.01074	0.04277	0.80966	0.01999	0.31891	0.93945
0.25414	0.74887	0.00322	0.19138	0.73479	0.20894	0.16842	0.00806	0.00567	0.01036	0.07698	0.81848	0.01536	0.31976	0.93849
0.25944	0.76991	0.00235	0.18753	0.75313	0.22679	0.19845	0.01091	0.00678	0.01	0.06253	0.80424	0.01861	0.33974	0.94257
0.25545	0.77233	0.00121	0.18364	0.73074	0.17098	0.18318	0.01052	0.00622	0.00988	0.0534	0.80483	0.01058	0.32228	0.9441
0.25794	0.77502	0.00245	0.19517	0.73008	0.20437	0.19108	0.00806	0.00533	0.00914	0.03992	0.8113	0.01213	0.31891	0.93812
0.25411	0.749	0.00314	0.19323	0.74526	0.21135	0.17995	0.00523	0.01045	0.00953	0.06982	0.80307	0.01114	0.31359	0.94365
0.25573	0.7752	0.00367	0.18952	0.74561	0.18134	0.14097	0.00752	0.01219	0.01138	0.04048	0.80789	0.02485	0.33695	0.94073
0.26044	0.7717	0.00209	0.19983	0.74476	0.18556	0.16594	0.00431	0.00946	0.01305	0.06131	0.80883	0.01774	0.3179	0.9374
0.24741	0.7653	0.00252	0.19189	0.7414	0.13739	0.13538	0.00556	0.01111	0.01103	0.05057	0.81603	0.0237	0.32117	0.94474
0.26045	0.77888	0.00174	0.18902	0.74729	0.20326	0.18466	0.01101	0.01319	0.00985	0.04557	0.81151	0.02013	0.32721	0.94433
0.25321	0.77443	0.00231	0.20289	0.73204	0.14137	0.14181	0.01005	0.01084	0.00984	0.03071	0.82369	0.01388	0.30187	0.94136
0.25713	0.75857	0.00129	0.19269	0.73643	0.1716	0.1229	0.00353	0.00886	0.01114	0.07598	0.83011	0.02085	0.31579	0.94455
0.25451	0.77332	0.00167	0.19924	0.74037	0.18189	0.14176	0.00673	0.01066	0.00982	0.06245	0.82861	0.0233	0.33779	0.93184
0.25362	0.76736	0.00251	0.18852	0.72994	0.17329	0.12581	0.01009	0.01159	0.00863	0.09144	0.81953	0.02303	0.31883	0.94319
0.26042	0.76361	0.00269	0.19821	0.72287	0.14372	0.13338	0.00764	0.00982	0.00917	0.06167	0.82127	0.01509	0.32913	0.94208
0.26089	0.76811	0.00284	0.18652	0.72477	0.13818	0.13777	0.0059	0.01403	0.01037	0.06877	0.83085	0.02134	0.33125	0.94508
0.25489	0.77039	0.00194	0.18905	0.71611	0.19013	0.1661	0.00775	0.00899	0.00936	0.0656	0.80097	0.01932	0.30673	0.94746
0.25475	0.77329	0.00296	0.18397	0.71616	0.15352	0.12472	0.01481	0.01982	0.00997	0.04185	0.83083	0.02108	0.32334	0.94822
0.25527	0.76582	0.00183	0.18587	0.74635	0.13625	0.11894	0.00685	0.01279	0.01045	0.07503	0.81514	0.02029	0.32115	0.94665
0.26241	0.77803	0.00229	0.18076	0.73467	0.17649	0.15802	0.01079	0.01041	0.01009	0.07502	0.82733	0.02817	0.34944	0.94257
0.25786	0.78472	0.00234	0.18525	0.72606	0.16668	0.1524	0.00987	0.01377	0.00927	0.08832	0.83693	0.02345	0.33756	0.94167
0.2579	0.77779	0.00379	0.18698	0.73793	0.17352	0.14973	0.01186	0.01315	0.00879	0.04694	0.83368	0.01901	0.34311	0.94283
0.26731	0.79898	0.00227	0.17685	0.73341	0.1869	0.13079	0.01373	0.00952	0.0092	0.08784	0.85583	0.03464	0.35956	0.94854
0.25677	0.78586	0.00183	0.17968	0.72368	0.16232	0.12435	0.01206	0.01111	0.00891	0.10055	0.84367	0.02883	0.34932	0.94891
0.25781	0.76358	0.00208	0.19127	0.72521	0.1721	0.13069	0.0042	0.00977	0.00938	0.07731	0.84341	0.01969	0.339	0.9473
0.25751	0.76186	0.00162	0.17938	0.74777	0.16762	0.13586	0.00934	0.00985	0.00905	0.07195	0.83791	0.02478	0.3439	0.9474
0.25395	0.7585	0.00302	0.18498	0.73516	0.17539	0.13015	0.0081	0.009	0.00971	0.09199	0.84518	0.024	0.34336	0.94498
0.25871	0.7506	0.00193	0.18484	0.73834	0.21023	0.17666	0.0075	0.00818	0.00899	0.07769	0.83641	0.02271	0.34442	0.94894
0.26005	0.76404	0.00412	0.1762	0.73758	0.17878	0.14962	0.00352	0.00742	0.00975	0.09926	0.84216	0.02338	0.33746	0.95141
0.25976	0.75318	0.00215	0.18185	0.74473	0.1872	0.14712	0.00793	0.00803	0.00818	0.08512	0.82177	0.01304	0.31824	0.95077
0.25276	0.75922	0.00446	0.18308	0.73474	0.12648	0.13447	0.00284	0.00765	0.0093	0.1192	0.82976	0.0159	0.32982	0.94703
0.26154	0.77107	0.00222	0.18169	0.74307	0.16469	0.14886	0.00292	0.00703	0.01133	0.07737	0.83316	0.02947	0.36201	0.947
0.25061	0.75476	0.00194	0.18285	0.73066	0.14245	0.13701	0.00443	0.01343	0.00826	0.09081	0.80947	0.01669	0.33185	0.95088
0.25598	0.77722	0.00314	0.18132	0.74827	0.16781	0.14936	0.00551	0.0119	0.01043	0.07459	0.82001	0.02261	0.33238	0.95464
0.25682	0.75608	0.00267	0.18523	0.73559	0.14147	0.13892	0.00215	0.00972	0.0103	0.07928	0.82189	0.01305	0.31506	0.95351
0.25597	0.76409	0.00378	0.18834	0.72564	0.14541	0.11805	0.00501	0.01028	0.0097	0.07853	0.8401	0.01649	0.32181	0.94806
0.25457	0.75579	0.00229	0.18179	0.73049	0.15105	0.14048	0.00326	0.00718	0.00859	0.08994	0.81199	0.01985	0.33386	0.95046
0.26648	0.77897	0.00268	0.18094	0.72289	0.16293	0.13552	0.00686	0.00521	0.01001	0.06142	0.82532	0.02166	0.34426	0.95113
0.25948	0.77517	0.00271	0.18659	0.72544	0.16492	0.15905	0.00486	0.01161	0.00998	0.0781	0.84229	0.01692	0.34184	0.95118
0.25506	0.75785	0.00223	0.18946	0.72712	0.19648	0.1848	0.00591	0.00874	0.00905	0.05925	0.8312	0.02457	0.34917	0.94434
0.25636	0.77325	0.00228	0.17868	0.73212	0.15686	0.1376	0.00308	0.0083	0.00968	0.07011	0.82593	0.02852	0.36319	0.94935
0.26326	0.7792	0.00323	0.19074	0.73554	0.17329	0.16165	0.00309	0.00719	0.01078	0.0898	0.83632	0.02295	0.34446	0.94088
0.25492	0.74873	0.00275	0.18448	0.72497	0.14644	0.16904	0.00319	0.00778	0.01104	0.07215	0.81824	0.01932	0.32341	0.95062
0.2602	0.76227	0.00281	0.18259	0.73169	0.18771	0.15946	0.00646	0.00853	0.00814	0.09728	0.82555	0.02887	0.34003	0.95033
0.25522	0.76344	0.00373	0.19087	0.73176	0.14864	0.14193	0.00973	0.01038	0.00982	0.07009	0.83209	0.01914	0.33223	0.94577
0.25263	0.76443	0.00317	0.18537	0.73178	0.15776	0.17581	0.00364	0.00852	0.01082	0.06445	0.83072	0.01837	0.34443	0.94154
0.26149	0.76978	0.00264	0.18119	0.72391	0.1897	0.1595	0.00528	0.00631	0.00864	0.05142	0.83931	0.02305	0.34268	0.9465
0.26118	0.77525	0.00201	0.18046	0.73015	0.15537	0.14712	0.00578	0.00711	0.00949	0.06389	0.83482	0.02439	0.3442	0.9508
0.25574	0.77037	0.00226	0.1818	0.72239	0.11879	0.11321	0.00821	0.00928	0.00824	0.09049	0.84682	0.02977	0.33607	0.95055
0.25329	0.75763	0.0028	0.17777	0.72693	0.15278	0.14383	0.00436	0.00975	0.00867	0.06175	0.80901	0.02804	0.36849	0.95089
0.25586	0.76947	0.00229	0.1816	0.73024	0.11541	0.13222	0.00359	0.0058	0.00807	0.08106	0.83895	0.02245	0.33966	0.94916
0.25766	0.76427	0.00305	0.18	0.73735	0.13713	0.13208	0.00449	0.00803	0.00785	0.06692	0.84561	0.02691	0.35217	0.94989
0.24919	0.75677	0.00337	0.18182	0.71725	0.13143	0.10597	0.00833	0.01539	0.00963	0.06722	0.83323	0.01814	0.34581	0.95054
0.25238	0.74543	0.00444	0.1881	0.73321	0.11036	0.12073	0.0049	0.00848	0.01085	0.09429	0.82954	0.01949	0.34778	0.94902
0.25586	0.75852	0.00598	0.18554	0.72643	0.16325	0.15458	0.00654	0.0106	0.00785	0.08175	0.84265	0.01687	0.34447	0.94471
0.24487	0.76091	0.00486	0.17647	0.73375	0.13852	0.1282	0.00851	0.01689	0.00833	0.09663	0.83572	0.01682	0.36256	0.95212
0.26172	0.76882	0.0028	0.18834	0.73835	0.18065	0.15271	0.00771	0.00986	0.00763	0.06758	0.83902	0.01869	0.34144	0.94443
0.25579	0.7639	0.00219	0.18444	0.74435	0.1557	0.12663	0.00386	0.00806	0.00873	0.08263	0.83984	0.02534	0.37529	0.94612
0.25695	0.74236	0.00326	0.18283	0.7315	0.17796	0.17285	0.00504	0.00774	0.01002	0.08234	0.84511	0.02181	0.35282	0.94333
0.25437	0.75989	0.00354	0.1885	0.70906	0.13914	0.12697	0.00715	0.00803	0.00848	0.05279	0.83705	0.01614	0.32342	0.95237
0.24859	0.73899	0.00306	0.18661	0.72632	0.11468	0.11987	0.00551	0.01123	0.00798	0.06197	0.81181	0.01768	0.34278	0.94883
0.25291	0.76335	0.00284	0.20072	0.72111	0.13241	0.11596	0.00552	0.00984	0.00871	0.07044	0.82177	0.01776	0.32399	0.94264
0.25632	0.75565	0.00272	0.19471	0.72058	0.14158	0.12508	0.00571	0.01041	0.00865	0.10066	0.83307	0.01787	0.3146	0.94413
0.24751	0.74264	0.00396	0.19499	0.70826	0.11915	0.13151	0.00376	0.01131	0.00805	0.06743	0.83042	0.01506	0.31252	0.9444
0.24269	0.73365	0.00529	0.19027	0.72098	0.14053	0.13732	0.00511	0.01146	0.00876	0.0976	0.84167	0.01433	0.32653	0.95143
0.25175	0.75786	0.00373	0.18782	0.73121	0.13578	0.13119	0.00414	0.00823	0.00899	0.12723	0.84149	0.01518	0.32798	0.95204
0.24602	0.7302	0.00315	0.18682	0.72743	0.11785	0.0964	0.00765	0.0097	0.00861	0.13424	0.82229	0.01868	0.31131	0.95508
0.2522	0.73946	0.00418	0.19075	0.73303	0.13174	0.12774	0.00481	0.0132	0.00802	0.06464	0.83415	0.01921	0.32868	0.94516
0.25651	0.76035	0.00457	0.19656	0.7228	0.1121	0.10774	0.00525	0.009	0.00766	0.08961	0.83834	0.01403	0.31258	0.95355
0.24508	0.73915	0.00253	0.18552	0.73022	0.1428	0.12678	0.00597	0.01074	0.00747	0.09545	0.84301	0.01211	0.32979	0.95481
0.24266	0.72362	0.00373	0.18239	0.70406	0.14842	0.11578	0.00587	0.01376	0.00873	0.11019	0.83102	0.01266	0.31246	0.95088
0.25893	0.73634	0.00279	0.17887	0.7387	0.14405	0.11943	0.00503	0.00672	0.00859	0.08626	0.8416	0.02504	0.36135	0.94525
0.25001	0.75149	0.00431	0.18968	0.70802	0.12057	0.10293	0.01272	0.00905	0.00788	0.1321	0.83806	0.01287	0.32654	0.94591
0.24556	0.73847	0.00395	0.19002	0.73951	0.12035	0.12083	0.00546	0.01269	0.00973	0.08673	0.84987	0.01957	0.35588	0.94187
0.24784	0.75834	0.00267	0.20095	0.72677	0.11886	0.11304	0.00756	0.00893	0.00906	0.07362	0.83436	0.02377	0.33777	0.95144
0.24257	0.74498	0.00361	0.18457	0.71651	0.13436	0.12918	0.00292	0.01224	0.00773	0.10573	0.85852	0.0211	0.33408	0.95297
0.2512	0.75014	0.00304	0.18037	0.71431	0.14088	0.12755	0.00605	0.01092	0.00844	0.09986	0.84154	0.01451	0.32734	0.95901
0.26287	0.75298	0.00375	0.18869	0.72446	0.12752	0.12708	0.00532	0.00779	0.00867	0.12343	0.84424	0.02211	0.32316	0.95308
0.25216	0.7234	0.00273	0.19721	0.73099	0.13464	0.12648	0.00658	0.00753	0.00843	0.09656	0.84938	0.01411	0.32306	0.94551
0.24927	0.72972	0.00765	0.1981	0.71968	0.15444	0.12302	0.00557	0.01164	0.00994	0.08296	0.85012	0.01042	0.31191	0.95315
0.25174	0.75811	0.00446	0.19349	0.72314	0.16641	0.13518	0.00525	0.00913	0.00867	0.08695	0.84963	0.01436	0.32381	0.95053
0.26114	0.75771	0.0035	0.19944	0.73679	0.16054	0.15753	0.00449	0.00785	0.00821	0.09721	0.84044	0.0123	0.3187	0.94895
0.25425	0.76647	0.00246	0.20248	0.72512	0.15527	0.15624	0.00516	0.0072	0.00829	0.08045	0.83676	0.01602	0.31599	0.94918
0.26046	0.75652	0.00575	0.19405	0.73701	0.16034	0.15255	0.00531	0.00557	0.00717	0.10413	0.84786	0.01549	0.31777	0.95475
0.25996	0.7693	0.00503	0.19908	0.72077	0.13072	0.12839	0.00703	0.00619	0.00933	0.1149	0.83865	0.01335	0.30983	0.95109
0.25185	0.75509	0.00321	0.1888	0.72668	0.13853	0.12817	0.00549	0.0071	0.00712	0.07925	0.84812	0.01878	0.33112	0.95296
0.25574	0.75419	0.00439	0.19209	0.71706	0.11014	0.11807	0.00853	0.01028	0.00874	0.10519	0.83629	0.01397	0.31593	0.95324
0.25763	0.74509	0.0049	0.1903	0.74918	0.14741	0.15202	0.00368	0.00789	0.009	0.1203	0.84515	0.0172	0.31568	0.95841
0.25714	0.75845	0.0042	0.18713	0.71113	0.14961	0.13163	0.00628	0.00806	0.00671	0.09237	0.84678	0.01223	0.32651	0.95644
0.25388	0.73981	0.00394	0.18191	0.7281	0.15835	0.12408	0.00792	0.01532	0.00798	0.12331	0.85561	0.01383	0.32056	0.96301
0.25449	0.74317	0.00307	0.18402	0.72475	0.15379	0.12825	0.00499	0.01377	0.00626	0.09862	0.84101	0.01667	0.3225	0.95706
0.25229	0.75751	0.00249	0.1859	0.73331	0.12405	0.11159	0.00576	0.01443	0.00761	0.10268	0.83845	0.01533	0.32422	0.95876
0.25698	0.75276	0.00254	0.20206	0.71711	0.12055	0.13185	0.00551	0.00757	0.00987	0.05857	0.82927	0.01133	0.3034	0.95916
0.25631	0.74723	0.0033	0.19201	0.73236	0.13891	0.13432	0.00373	0.00585	0.00724	0.11659	0.83658	0.02389	0.34287	0.95349
0.25999	0.77282	0.00503	0.19633	0.72714	0.1709	0.1594	0.00318	0.00516	0.00798	0.12323	0.82502	0.01085	0.30694	0.9525
0.25191	0.75747	0.00634	0.19596	0.72133	0.15515	0.13736	0.00529	0.00794	0.00748	0.11881	0.84841	0.01399	0.30909	0.95658
0.25977	0.75808	0.00416	0.17557	0.73306	0.13482	0.13548	0.0044	0.00675	0.00678	0.10778	0.8469	0.02229	0.34869	0.96194
0.25157	0.75052	0.00191	0.19823	0.72891	0.12104	0.11585	0.00622	0.00852	0.00768	0.10826	0.8445	0.01795	0.32773	0.95727
0.25923	0.75899	0.00275	0.18512	0.72645	0.13313	0.14257	0.00385	0.00675	0.00711	0.13539	0.84183	0.01613	0.32556	0.96571
0.26049	0.7636	0.00301	0.18558	0.72999	0.13828	0.13721	0.00763	0.00925	0.00816	0.11371	0.84655	0.0138	0.33032	0.95427
0.25428	0.76231	0.00428	0.18063	0.7181	0.11767	0.12002	0.00845	0.00819	0.00811	0.09788	0.84728	0.02188	0.33204	0.95866
0.26572	0.77273	0.00549	0.17936	0.71428	0.1459	0.14289	0.00449	0.00625	0.00756	0.13065	0.84086	0.02343	0.34418	0.95765
0.25405	0.75411	0.00372	0.17431	0.72679	0.10961	0.10788	0.00396	0.00945	0.00787	0.10662	0.84318	0.02412	0.36004	0.95759
0.25152	0.75283	0.00202	0.18217	0.70485	0.15824	0.14899	0.00679	0.00623	0.00784	0.07871	0.83512	0.01546	0.32615	0.96293
0.25426	0.75292	0.00392	0.17643	0.71632	0.14519	0.13466	0.00496	0.00608	0.00678	0.05803	0.83978	0.019	0.3584	0.9565
0.25144	0.75985	0.00357	0.18301	0.70575	0.1329	0.12049	0.00389	0.0065	0.00901	0.11577	0.82651	0.01783	0.31798	0.95773
0.25612	0.75446	0.00306	0.18796	0.72538	0.16007	0.14022	0.00357	0.00515	0.00791	0.0796	0.83874	0.02249	0.35314	0.95576
0.26027	0.76918	0.00352	0.18639	0.70876	0.14688	0.11293	0.00558	0.0072	0.00727	0.0775	0.84127	0.02004	0.34011	0.95696
0.25904	0.75866	0.00427	0.18276	0.721	0.11616	0.1093	0.0064	0.00572	0.00746	0.06202	0.82732	0.01889	0.33359	0.96054
0.25784	0.74816	0.00254	0.18229	0.718	0.12291	0.12055	0.00343	0.00532	0.00891	0.06702	0.84781	0.02092	0.35045	0.95756
0.26125	0.76705	0.00413	0.18298	0.72054	0.12616	0.11523	0.00267	0.00978	0.00661	0.08807	0.83182	0.01733	0.34103	0.96721
0.2538	0.74781	0.00413	0.18571	0.71796	0.117	0.0865	0.00368	0.00898	0.0085	0.09523	0.83858	0.01699	0.3421	0.95929
0.2516	0.75818	0.00328	0.19314	0.70137	0.12649	0.10517	0.00477	0.00893	0.01112	0.09754	0.83012	0.01371	0.31307	0.95561
0.26237	0.75996	0.00302	0.18049	0.71932	0.13762	0.10986	0.00288	0.00796	0.00855	0.07547	0.83547	0.01661	0.35471	0.95382
0.25106	0.74056	0.00315	0.18018	0.71521	0.12473	0.09093	0.00567	0.00797	0.0087	0.07523	0.83448	0.01591	0.34039	0.96205
0.25593	0.75165	0.00231	0.19662	0.71726	0.12449	0.09109	0.00732	0.01417	0.0079	0.05392	0.82602	0.01487	0.32849	0.95441
0.26058	0.76347	0.00328	0.18452	0.72122	0.13389	0.11771	0.00427	0.00767	0.01	0.05826	0.83177	0.01585	0.34615	0.96092
0.2536	0.75126	0.00277	0.18652	0.71093	0.14532	0.12484	0.00253	0.0116	0.00892	0.08232	0.84323	0.02244	0.34643	0.95842
0.25096	0.75545	0.00202	0.18042	0.70687	0.11519	0.10496	0.0035	0.01355	0.00993	0.09636	0.83291	0.02533	0.3466	0.96496
0.25601	0.75178	0.00367	0.18517	0.71556	0.13927	0.10929	0.00616	0.01017	0.00867	0.10277	0.8358	0.02189	0.3463	0.96114
0.25717	0.73789	0.00351	0.18044	0.71571	0.09908	0.07556	0.00332	0.01323	0.0089	0.10384	0.8491	0.0261	0.33158	0.96073
0.25381	0.76132	0.00229	0.17779	0.72118	0.15203	0.12253	0.00311	0.00966	0.00653	0.10847	0.83884	0.02335	0.34924	0.95749
0.25871	0.7434	0.00175	0.18678	0.71305	0.14261	0.12807	0.0024	0.0075	0.00697	0.09173	0.82246	0.02106	0.32752	0.96083
0.26036	0.75847	0.00217	0.18144	0.70468	0.13819	0.12505	0.00377	0.00648	0.00643	0.07174	0.83903	0.02168	0.34045	0.96006
0.26426	0.76056	0.00282	0.17823	0.72894	0.15253	0.12709	0.00256	0.00741	0.00967	0.12531	0.83874	0.02862	0.35079	0.96201
0.25988	0.75857	0.00187	0.18319	0.72232	0.15008	0.12528	0.00417	0.00814	0.00806	0.07412	0.83631	0.01782	0.33887	0.96011
0.26345	0.74641	0.00253	0.20349	0.72082	0.13822	0.13225	0.00417	0.00725	0.0094	0.13937	0.84338	0.01255	0.31579	0.95528
0.25604	0.7401	0.0039	0.18461	0.71206	0.15317	0.13548	0.00484	0.00643	0.00783	0.09446	0.83128	0.02047	0.34146	0.95738
0.26476	0.75213	0.00271	0.17263	0.71591	0.12401	0.10979	0.00771	0.00906	0.00662	0.06485	0.83404	0.02414	0.33811	0.96363
0.26545	0.75125	0.00153	0.19453	0.72849	0.16532	0.13208	0.00408	0.00526	0.00721	0.09117	0.83186	0.01702	0.33522	0.95318
0.2575	0.75038	0.00289	0.19137	0.71164	0.15299	0.14406	0.00273	0.00626	0.00858	0.08097	0.84791	0.02032	0.32508	0.95823
0.25642	0.75089	0.0017	0.18213	0.71511	0.14445	0.12795	0.00594	0.00819	0.00666	0.09288	0.8329	0.01623	0.3248	0.96198
0.26084	0.75286	0.00352	0.18824	0.7127	0.15463	0.13145	0.00552	0.00747	0.00629	0.07232	0.83796	0.015	0.3049	0.96543
0.24906	0.74155	0.00319	0.18112	0.718	0.15523	0.14744	0.00568	0.01079	0.0067	0.10841	0.8315	0.01708	0.32285	0.96511
0.25954	0.77265	0.00563	0.1884	0.73511	0.14323	0.13281	0.00322	0.00547	0.00746	0.09461	0.82688	0.01669	0.3348	0.95987
0.25909	0.76646	0.00315	0.18896	0.71145	0.12157	0.11773	0.00371	0.00598	0.00913	0.08804	0.83459	0.01647	0.31893	0.95999
0.25367	0.75655	0.00368	0.1821	0.72083	0.13639	0.12067	0.0056	0.00781	0.00695	0.08771	0.82752	0.02564	0.34379	0.9627
0.25942	0.75076	0.00306	0.18164	0.73192	0.1273	0.13866	0.00305	0.00736	0.00668	0.07173	0.82843	0.03415	0.35135	0.96048
0.2584	0.75359	0.00331	0.19907	0.70488	0.13412	0.12634	0.00358	0.00705	0.00646	0.09051	0.83504	0.0122	0.30057	0.96082
0.25599	0.75595	0.00527	0.17451	0.71237	0.10479	0.10984	0.00401	0.00932	0.00671	0.09108	0.84234	0.01979	0.34181	0.96573
0.26272	0.75288	0.00331	0.17186	0.70745	0.13064	0.13528	0.00272	0.00652	0.00756	0.07975	0.81705	0.02425	0.35402	0.96545
0.264	0.76271	0.0042	0.18738	0.70522	0.13657	0.10446	0.00421	0.00601	0.00645	0.11039	0.83012	0.0118	0.31157	0.96174
0.2618	0.75046	0.00469	0.18119	0.7238	0.12799	0.1049	0.00452	0.00872	0.00725	0.10133	0.84014	0.01285	0.3208	0.96206
0.26436	0.76662	0.00315	0.18215	0.71925	0.10772	0.09223	0.0038	0.00732	0.00781	0.1186	0.83861	0.01808	0.32721	0.96233
0.25928	0.76654	0.00212	0.17987	0.73134	0.12226	0.10793	0.00243	0.00702	0.00743	0.06738	0.84076	0.02731	0.36453	0.96048
0.26194	0.75304	0.00468	0.18541	0.70273	0.12892	0.13039	0.00217	0.00605	0.00661	0.10057	0.83645	0.02271	0.34856	0.9566
0.26516	0.75881	0.00492	0.18001	0.72693	0.13278	0.11662	0.00371	0.00596	0.00879	0.11339	0.83034	0.02007	0.3363	0.96449
0.25887	0.75868	0.00452	0.19059	0.71158	0.1337	0.1196	0.00517	0.0065	0.0055	0.09213	0.84028	0.01231	0.32611	0.96153
0.26423	0.74913	0.00245	0.18221	0.7042	0.12491	0.09624	0.00462	0.00992	0.00641	0.09527	0.83202	0.02082	0.33484	0.96536
0.2598	0.741	0.00321	0.19081	0.70032	0.11683	0.10566	0.00689	0.00974	0.00756	0.09576	0.82383	0.01444	0.32233	0.96208
0.26531	0.74802	0.00365	0.17902	0.70965	0.12955	0.09679	0.00582	0.00928	0.00619	0.0977	0.83646	0.02064	0.34244	0.96237
0.26615	0.74804	0.00283	0.19589	0.7006	0.10167	0.09042	0.00643	0.0095	0.00647	0.09669	0.8291	0.01191	0.31343	0.96024
0.26406	0.7566	0.00385	0.19627	0.72031	0.12343	0.11027	0.00256	0.00616	0.00635	0.11246	0.84158	0.01612	0.31639	0.95518
0.25553	0.74393	0.00367	0.18827	0.70754	0.1397	0.11867	0.00326	0.00685	0.00717	0.08414	0.83354	0.01564	0.32515	0.96288
0.26364	0.76484	0.00323	0.18013	0.71001	0.1218	0.11034	0.00301	0.00775	0.0091	0.09181	0.83342	0.01882	0.32926	0.96501
0.26635	0.76597	0.00494	0.19643	0.71443	0.1668	0.13212	0.00488	0.00642	0.00778	0.08525	0.82689	0.01765	0.30552	0.95631
0.26722	0.76134	0.00425	0.20267	0.73366	0.13268	0.12872	0.00348	0.00619	0.00562	0.05723	0.83699	0.0221	0.31527	0.95746
0.27548	0.77708	0.00254	0.1921	0.72305	0.14889	0.1373	0.00322	0.00667	0.00729	0.06991	0.8489	0.02629	0.33869	0.95793
0.2686	0.76373	0.00401	0.19437	0.71347	0.13916	0.13035	0.00852	0.0065	0.00563	0.07004	0.83562	0.01337	0.32496	0.95599
0.26965	0.75471	0.00319	0.19293	0.72956	0.14296	0.12872	0.00588	0.00648	0.00583	0.07225	0.83981	0.01209	0.30391	0.9615
0.26441	0.74695	0.00342	0.18229	0.72034	0.13367	0.13236	0.00438	0.00587	0.00892	0.07276	0.82845	0.01754	0.3377	0.95999
0.26465	0.76408	0.00505	0.18628	0.72499	0.13912	0.13677	0.00618	0.00778	0.0081	0.10108	0.82717	0.01602	0.33547	0.96241
0.26482	0.76121	0.00365	0.19435	0.7164	0.13594	0.11141	0.00371	0.00712	0.00697	0.06344	0.83033	0.0268	0.35042	0.95278
0.267	0.77347	0.0036	0.19756	0.70607	0.13334	0.11651	0.00845	0.00544	0.00565	0.07742	0.83814	0.01726	0.32387	0.96026
0.26961	0.75502	0.00502	0.19013	0.72464	0.11171	0.11351	0.00656	0.0074	0.00659	0.08221	0.84497	0.01844	0.32954	0.95872
0.26328	0.77494	0.00239	0.19784	0.70715	0.142	0.13417	0.0042	0.00737	0.0077	0.08126	0.8434	0.01564	0.32222	0.95776
0.26363	0.7536	0.00275	0.18338	0.73455	0.12094	0.11269	0.00267	0.00617	0.00846	0.11519	0.83469	0.01908	0.35063	0.96116
0.26322	0.76414	0.00208	0.18474	0.72066	0.12805	0.11192	0.00929	0.00801	0.00858	0.05126	0.83284	0.01551	0.32987	0.96111
0.26446	0.74819	0.00446	0.17917	0.70786	0.13206	0.11324	0.0061	0.00918	0.0087	0.08046	0.82104	0.02004	0.34393	0.96205
0.26567	0.76535	0.0038	0.1913	0.714	0.10814	0.11391	0.00693	0.00954	0.01006	0.06362	0.82322	0.01795	0.32847	0.95987
0.26842	0.75427	0.00139	0.19617	0.7152	0.13769	0.1228	0.00685	0.01028	0.0092	0.09107	0.84441	0.01985	0.32885	0.95585
0.26686	0.76608	0.00398	0.18972	0.70856	0.13161	0.11812	0.00457	0.0142	0.0102	0.09643	0.8494	0.01701	0.32417	0.9652
0.25854	0.74409	0.00323	0.18499	0.72569	0.12465	0.11981	0.00469	0.01077	0.00792	0.09752	0.83129	0.0143	0.32549	0.9576
0.27554	0.76077	0.00277	0.19199	0.72448	0.13565	0.12338	0.00376	0.00733	0.00947	0.08724	0.83243	0.01338	0.31569	0.95956
0.27224	0.76788	0.00299	0.1792	0.72743	0.11551	0.11262	0.00402	0.00637	0.00839	0.12009	0.83296	0.02319	0.36323	0.96478
0.25977	0.75316	0.00237	0.18787	0.70413	0.1382	0.11722	0.00634	0.00609	0.00652	0.08672	0.82883	0.01632	0.32947	0.96332
0.27033	0.76818	0.00393	0.18419	0.70155	0.12436	0.10622	0.0067	0.00874	0.00596	0.10494	0.82737	0.01556	0.33149	0.96475
0.26723	0.75852	0.00224	0.1851	0.70708	0.1065	0.09915	0.00511	0.00683	0.00668	0.08988	0.84009	0.01892	0.34056	0.95769
0.27335	0.76789	0.0017	0.18651	0.70544	0.09195	0.08449	0.01166	0.00977	0.00634	0.12314	0.83801	0.01681	0.32566	0.96324
0.26924	0.76077	0.00366	0.18023	0.71473	0.10933	0.12019	0.00508	0.00624	0.0069	0.09717	0.84398	0.01948	0.32647	0.97098
0.26257	0.75003	0.00179	0.19396	0.69277	0.14249	0.14292	0.00441	0.00944	0.00624	0.06736	0.84101	0.00811	0.31247	0.96835
0.26649	0.75309	0.00201	0.18536	0.70903	0.11974	0.11066	0.00396	0.00723	0.0062	0.09792	0.83703	0.0159	0.35226	0.95846
0.26071	0.75803	0.00402	0.18879	0.70953	0.13004	0.13934	0.00299	0.00684	0.00893	0.09693	0.83249	0.01875	0.33855	0.96061
0.26416	0.75646	0.00275	0.1894	0.69196	0.10824	0.10955	0.00478	0.00678	0.00621	0.07164	0.84425	0.01094	0.31522	0.96281
0.25986	0.7571	0.00234	0.19256	0.70034	0.10569	0.10017	0.0023	0.0062	0.00724	0.05568	0.83141	0.01438	0.30776	0.96189
0.25501	0.74398	0.00182	0.18567	0.68942	0.09666	0.10356	0.00387	0.00559	0.00827	0.08689	0.83743	0.01241	0.32291	0.96661
0.27138	0.76287	0.00262	0.19222	0.70219	0.11325	0.11824	0.00379	0.00747	0.00831	0.06097	0.82287	0.0153	0.32783	0.96465
0.25603	0.75179	0.00317	0.19279	0.69062	0.10585	0.10021	0.00331	0.00668	0.00929	0.08522	0.82454	0.01379	0.32178	0.96107
0.26909	0.76504	0.00306	0.18553	0.70908	0.12261	0.12018	0.00493	0.00654	0.00859	0.10356	0.83504	0.01592	0.32976	0.96318
0.26961	0.76747	0.00266	0.19772	0.69764	0.09933	0.1016	0.00319	0.00741	0.00807	0.06626	0.83527	0.01193	0.3059	0.9642
0.2641	0.74245	0.00205	0.19449	0.70542	0.11914	0.10991	0.00273	0.00946	0.00571	0.08021	0.83513	0.01519	0.31945	0.96261
0.26482	0.73665	0.00281	0.19297	0.71143	0.1166	0.1248	0.00424	0.00737	0.00582	0.09745	0.83595	0.01065	0.32293	0.96616
0.2607	0.74373	0.00214	0.18706	0.69051	0.11656	0.10233	0.00267	0.00884	0.00638	0.06923	0.82921	0.01197	0.32617	0.96604
0.26777	0.74694	0.0031	0.19303	0.69334	0.12225	0.10887	0.00345	0.00747	0.0095	0.09965	0.8237	0.01373	0.31117	0.96367
0.26685	0.75395	0.0035	0.19331	0.69888	0.12307	0.11011	0.00296	0.00714	0.00763	0.0702	0.83801	0.01504	0.31829	0.96256
0.2617	0.7476	0.00363	0.19373	0.70662	0.14099	0.13387	0.00361	0.0065	0.00592	0.06136	0.83484	0.01152	0.31025	0.96548
0.26789	0.76041	0.0038	0.19009	0.70637	0.14471	0.12546	0.00306	0.00764	0.00439	0.05511	0.8378	0.01868	0.32552	0.96099
0.26208	0.74776	0.00255	0.18957	0.70944	0.14779	0.14254	0.00256	0.00675	0.00648	0.05346	0.84126	0.0156	0.31949	0.96366
0.27043	0.75846	0.00392	0.19634	0.7159	0.14384	0.12931	0.00385	0.00567	0.00546	0.07983	0.83462	0.01863	0.32934	0.95568
0.26303	0.75476	0.00439	0.19718	0.70574	0.12558	0.12204	0.00386	0.00586	0.00629	0.05381	0.82427	0.01337	0.31412	0.9615
0.27376	0.75471	0.00334	0.18408	0.72351	0.16555	0.1427	0.0037	0.00622	0.00694	0.04427	0.84221	0.0193	0.33834	0.96548
0.26212	0.7506	0.0065	0.19413	0.72084	0.17289	0.15226	0.0061	0.00701	0.00492	0.06517	0.82813	0.01008	0.31246	0.96409
0.26014	0.74704	0.00453	0.17936	0.72449	0.14726	0.12097	0.00644	0.01299	0.00519	0.05666	0.83424	0.02068	0.33	0.97135
0.26675	0.76557	0.00545	0.17886	0.72617	0.1586	0.13733	0.00333	0.00966	0.00647	0.08096	0.841	0.02192	0.33429	0.96625
0.26771	0.72313	0.00354	0.19147	0.72092	0.12603	0.12297	0.00392	0.01347	0.00753	0.09075	0.83047	0.02034	0.32185	0.95996
0.27423	0.75264	0.00356	0.18157	0.71938	0.1441	0.13303	0.00439	0.00555	0.00577	0.05897	0.82548	0.0187	0.33535	0.96645
0.26307	0.74809	0.0032	0.18277	0.69871	0.12676	0.12419	0.00366	0.00754	0.00505	0.06976	0.82993	0.01855	0.32964	0.96649
0.2655	0.76197	0.00431	0.18243	0.71194	0.14454	0.13563	0.00633	0.00571	0.00661	0.07054	0.83702	0.02029	0.33808	0.96348
0.26395	0.75887	0.00307	0.18231	0.71171	0.1368	0.12022	0.00642	0.00689	0.00713	0.07108	0.82317	0.02261	0.3579	0.96379
0.26954	0.75852	0.00471	0.1824	0.71397	0.14588	0.12732	0.00515	0.00719	0.00535	0.07921	0.83537	0.02134	0.35132	0.96015
0.26838	0.75019	0.0044	0.17153	0.71786	0.14933	0.12278	0.00774	0.00587	0.00533	0.10481	0.83754	0.02049	0.34582	0.96997
0.2661	0.7628	0.00409	0.18128	0.70078	0.13265	0.12132	0.00559	0.007	0.00903	0.08384	0.83373	0.01241	0.31976	0.96877
0.26646	0.76136	0.0048	0.17939	0.71787	0.13782	0.12226	0.00533	0.00796	0.00606	0.09763	0.84661	0.01783	0.34162	0.96172
0.2638	0.75988	0.00471	0.19033	0.71829	0.15121	0.13043	0.00775	0.0105	0.00755	0.08385	0.83797	0.01774	0.34453	0.96027
0.26361	0.74817	0.00549	0.18287	0.71546	0.12723	0.11433	0.00368	0.0076	0.00679	0.08078	0.83451	0.01411	0.32775	0.96218
0.26788	0.76066	0.00516	0.18715	0.70733	0.16836	0.13626	0.00515	0.00939	0.00643	0.08603	0.84264	0.01633	0.30764	0.96537
0.27029	0.76891	0.0028	0.17792	0.70478	0.14715	0.12613	0.0051	0.0073	0.00575	0.07319	0.83331	0.01812	0.33187	0.9729
0.27075	0.76166	0.00435	0.19063	0.70061	0.1405	0.12201	0.00562	0.00621	0.00688	0.09654	0.83333	0.01763	0.30338	0.96725
0.27172	0.76295	0.00407	0.19107	0.70456	0.13848	0.12388	0.00784	0.00751	0.00717	0.08861	0.83505	0.01553	0.31489	0.96216
0.27011	0.74681	0.00383	0.18514	0.71282	0.13441	0.13178	0.00401	0.00885	0.00698	0.12057	0.82485	0.01238	0.32013	0.96455
0.27129	0.75618	0.00413	0.1903	0.70702	0.1373	0.13307	0.00511	0.01082	0.00821	0.08391	0.82886	0.01768	0.31773	0.96384
0.26768	0.75769	0.00441	0.18067	0.69177	0.12884	0.11845	0.005	0.00956	0.00737	0.06889	0.82258	0.01751	0.33798	0.96692
0.27077	0.75823	0.00444	0.1829	0.69831	0.14184	0.12664	0.00752	0.00963	0.00769	0.08015	0.81624	0.01871	0.31733	0.96701
0.27417	0.75994	0.00464	0.18025	0.70736	0.15415	0.1407	0.00395	0.00714	0.00775	0.08093	0.82259	0.02441	0.34253	0.96671
0.27266	0.7495	0.0046	0.1909	0.72494	0.18229	0.15422	0.00467	0.00978	0.00766	0.0543	0.82661	0.01886	0.31136	0.96244
0.26679	0.75144	0.00387	0.18424	0.71568	0.15955	0.1544	0.00295	0.01011	0.01157	0.07494	0.8284	0.01532	0.32352	0.96957
0.26466	0.74774	0.00454	0.17462	0.71852	0.16587	0.16887	0.00486	0.01053	0.00597	0.08335	0.84386	0.02896	0.34308	0.96986
0.26891	0.77028	0.00266	0.1798	0.70472	0.14065	0.12713	0.00423	0.00912	0.00682	0.07331	0.8241	0.02422	0.34193	0.96896
0.27397	0.76348	0.0047	0.18452	0.71317	0.16631	0.13528	0.00386	0.00848	0.007	0.06888	0.82395	0.02518	0.33704	0.96821
0.26947	0.75697	0.00339	0.18449	0.70489	0.16063	0.14466	0.00577	0.00524	0.00927	0.05529	0.82284	0.01498	0.32804	0.97177
0.26721	0.76562	0.00194	0.17944	0.71207	0.1422	0.13209	0.00582	0.00884	0.00719	0.06109	0.82681	0.03018	0.3514	0.96987
0.26602	0.7593	0.00396	0.1711	0.72334	0.15173	0.13766	0.00356	0.00904	0.01326	0.06042	0.83692	0.02077	0.34198	0.97695
0.25321	0.74311	0.00321	0.17176	0.71596	0.15741	0.13559	0.00264	0.00895	0.00722	0.05765	0.82255	0.02975	0.34928	0.96832
0.26896	0.75428	0.00246	0.17414	0.73071	0.14664	0.11603	0.00507	0.00812	0.00857	0.06545	0.83011	0.03541	0.37424	0.9693
0.26667	0.75441	0.0029	0.18026	0.71135	0.16461	0.13776	0.00562	0.00828	0.00905	0.0554	0.82811	0.02624	0.34044	0.96982
0.2672	0.75523	0.00442	0.18188	0.71629	0.136	0.11923	0.00633	0.01	0.00689	0.07372	0.82867	0.01673	0.3254	0.97153
0.26533	0.76059	0.00316	0.18685	0.72127	0.14803	0.12516	0.00826	0.0078	0.00623	0.06801	0.83382	0.02226	0.3204	0.96801
0.25516	0.73541	0.00458	0.18188	0.71441	0.15268	0.14187	0.00398	0.01023	0.00413	0.07405	0.83251	0.02034	0.32297	0.96844
0.26704	0.76659	0.00377	0.18724	0.70844	0.15986	0.1396	0.00378	0.00573	0.00558	0.05549	0.83616	0.01943	0.31726	0.96712
0.26236	0.7493	0.0046	0.17732	0.7157	0.14714	0.14043	0.00325	0.0091	0.00477	0.05334	0.82898	0.0256	0.34295	0.96678
0.2627	0.75576	0.00454	0.18674	0.72279	0.15654	0.13872	0.00225	0.00788	0.00743	0.05851	0.8399	0.02325	0.33125	0.96673
0.26274	0.75197	0.00458	0.18142	0.7233	0.18057	0.17041	0.00386	0.00995	0.0065	0.0687	0.82815	0.0313	0.34452	0.96767
0.2638	0.75755	0.00415	0.18267	0.71621	0.13065	0.12257	0.00347	0.00879	0.00436	0.09286	0.82989	0.02255	0.34571	0.96988
0.26445	0.77107	0.00376	0.18331	0.72877	0.14926	0.12301	0.00389	0.00853	0.00551	0.0699	0.83006	0.01813	0.32955	0.96957
0.2601	0.76057	0.00533	0.1863	0.70741	0.13926	0.10742	0.00548	0.00876	0.00452	0.04886	0.82585	0.01487	0.32397	0.96669
0.26354	0.75424	0.00381	0.18871	0.71594	0.14912	0.1184	0.00388	0.01061	0.00555	0.06945	0.83531	0.01458	0.3223	0.96458
0.26789	0.75306	0.00544	0.17658	0.73444	0.15595	0.13821	0.00384	0.00657	0.00644	0.08256	0.81889	0.02441	0.34004	0.96802
0.26716	0.74981	0.00542	0.17879	0.71911	0.15138	0.14163	0.00318	0.01085	0.00876	0.04877	0.82457	0.01927	0.33483	0.96725
0.2606	0.73925	0.00275	0.17922	0.7067	0.16252	0.12936	0.00379	0.00953	0.00532	0.07752	0.83604	0.025	0.33734	0.96613
0.25908	0.74863	0.00315	0.19407	0.70492	0.14629	0.13394	0.0023	0.01015	0.00596	0.07712	0.83482	0.01672	0.33924	0.9553
0.25528	0.74284	0.00336	0.17813	0.72425	0.15976	0.13245	0.00375	0.00953	0.00764	0.07654	0.83165	0.01893	0.3482	0.96657
0.26251	0.74443	0.00428	0.18751	0.71107	0.15364	0.13656	0.00401	0.00791	0.00585	0.09159	0.83458	0.01919	0.33039	0.96926
0.26153	0.74841	0.00395	0.17269	0.72084	0.1766	0.15176	0.00446	0.01014	0.00891	0.05732	0.83086	0.02119	0.34177	0.96927
0.26636	0.75794	0.00409	0.18511	0.71449	0.18764	0.16175	0.00485	0.00819	0.00659	0.06315	0.82932	0.028	0.336	0.96448
0.26753	0.76487	0.00545	0.18193	0.71818	0.18064	0.16825	0.00414	0.00698	0.00735	0.05292	0.83985	0.02234	0.32222	0.96915
0.26339	0.76379	0.0039	0.189	0.7039	0.13646	0.11507	0.00485	0.0085	0.00592	0.06877	0.82917	0.00962	0.30701	0.96828
0.26619	0.75541	0.00425	0.18229	0.72877	0.15349	0.14238	0.00429	0.00845	0.00647	0.08428	0.83332	0.01897	0.32325	0.96402
0.26683	0.76195	0.00347	0.18497	0.71604	0.17527	0.13785	0.00342	0.00901	0.00671	0.07681	0.82647	0.02413	0.33175	0.96277
0.26255	0.75654	0.00414	0.17815	0.7187	0.13712	0.10976	0.00273	0.00675	0.00562	0.06858	0.83806	0.0234	0.33313	0.96882
0.26444	0.76437	0.00459	0.18053	0.72372	0.14284	0.13325	0.00268	0.0092	0.00547	0.05735	0.83246	0.02173	0.33469	0.96621
0.26854	0.76449	0.00566	0.18621	0.71631	0.1424	0.13942	0.00352	0.00678	0.00643	0.0701	0.83402	0.01559	0.30879	0.97211
0.27015	0.77002	0.00591	0.18058	0.70754	0.152	0.12748	0.00834	0.00937	0.00758	0.08887	0.83113	0.01744	0.3288	0.96838
0.27026	0.77653	0.00435	0.17941	0.71411	0.13095	0.12542	0.00906	0.01166	0.00659	0.06029	0.83353	0.0201	0.33305	0.96888
0.26623	0.7651	0.00353	0.18579	0.71469	0.15609	0.1302	0.00664	0.01174	0.00625	0.05382	0.82786	0.01703	0.32475	0.96813
0.26399	0.76451	0.00301	0.18455	0.71673	0.1385	0.12167	0.00443	0.01059	0.00647	0.07944	0.83779	0.01604	0.3306	0.96506
0.26903	0.75932	0.00344	0.18327	0.71033	0.13725	0.11948	0.00445	0.0072	0.00584	0.06012	0.83252	0.01682	0.33121	0.97008
0.26568	0.75433	0.00346	0.19573	0.69917	0.12945	0.11078	0.00623	0.00759	0.00645	0.06406	0.83229	0.01516	0.3176	0.96135
0.2718	0.76965	0.00428	0.17406	0.71073	0.13798	0.11892	0.00457	0.00725	0.00768	0.08823	0.83759	0.02866	0.35879	0.96818
0.27006	0.76335	0.00292	0.18261	0.71553	0.14864	0.13526	0.00461	0.00723	0.00766	0.06219	0.83775	0.03205	0.36155	0.96151
0.2629	0.75651	0.00326	0.18388	0.70177	0.12692	0.12018	0.00607	0.00778	0.00844	0.04382	0.83721	0.01392	0.32132	0.96498
0.26942	0.75369	0.00365	0.18626	0.704	0.15976	0.15459	0.00468	0.0065	0.00586	0.06608	0.82734	0.01503	0.32851	0.96957
0.26256	0.74661	0.00389	0.20185	0.70078	0.147	0.12195	0.00322	0.0078	0.00612	0.06205	0.8434	0.01051	0.30856	0.96371
0.25782	0.75515	0.00544	0.18425	0.70794	0.13876	0.13486	0.00653	0.00956	0.00796	0.06826	0.83239	0.01864	0.33275	0.96407
0.26781	0.75097	0.00537	0.18678	0.71219	0.13792	0.11561	0.00369	0.00996	0.01127	0.06767	0.82833	0.01505	0.31863	0.96882
0.26626	0.749	0.0041	0.185	0.72055	0.13763	0.11501	0.00419	0.01036	0.00894	0.07802	0.8395	0.02419	0.32771	0.96667
0.26865	0.75546	0.00318	0.17851	0.7107	0.14479	0.11003	0.00559	0.00973	0.00596	0.08355	0.83815	0.01986	0.33327	0.97159
0.27258	0.76004	0.00386	0.19726	0.69461	0.14958	0.11813	0.00438	0.00811	0.00918	0.09385	0.84273	0.01276	0.29028	0.9654
0.26526	0.76808	0.00414	0.17838	0.71388	0.13595	0.1065	0.00437	0.00953	0.00525	0.08778	0.84417	0.02265	0.33524	0.96858
0.27091	0.77069	0.00444	0.1768	0.72045	0.15319	0.12493	0.00648	0.01093	0.00838	0.0516	0.8297	0.01709	0.33509	0.96807
0.26717	0.7652	0.003	0.185	0.70808	0.18326	0.14613	0.00471	0.00604	0.00614	0.05536	0.8304	0.01068	0.31248	0.96889
0.26708	0.77154	0.00361	0.19098	0.70765	0.13249	0.1229	0.00642	0.00798	0.00459	0.06114	0.82475	0.00859	0.30826	0.9617
