mass_1	mass_2	phase	time	distance	a_1	a_2	tilt_1	tilt_2	phi_12	phi_jl	theta_jn	psi	ra	dec
0.22587	0.07999	0.04729	0.99987	0.90628	0.12343	0.0797	0.02074	0.01017	0.04688	0.22014	0.10291	0.04762	1.03351	1.0
0.22524	0.08161	0.04529	0.99993	0.90808	0.11971	0.07788	0.01835	0.01029	0.04646	0.21843	0.09477	0.04874	1.02846	1.0
0.22051	0.084	0.04696	0.99978	0.9057	0.11669	0.07897	0.0143	0.01067	0.0455	0.2147	0.08216	0.0479	1.03191	1.0
0.21484	0.08054	0.04469	0.99963	0.90282	0.11721	0.07799	0.01692	0.01049	0.04703	0.22322	0.06992	0.04843	1.03005	1.0
0.21504	0.08342	0.04487	0.9991	0.90467	0.11808	0.08033	0.01749	0.00872	0.04624	0.23446	0.0512	0.0485	1.03308	1.0
0.2162	0.08402	0.04666	0.99933	0.90266	0.12234	0.07821	0.02231	0.00924	0.04631	0.22973	0.05648	0.04882	1.03339	0.99999
0.2198	0.0812	0.0455	0.99896	0.90248	0.12533	0.08106	0.01504	0.0088	0.04604	0.23783	0.08897	0.04835	1.03341	0.99999
0.22063	0.08317	0.04517	0.99888	0.89544	0.12809	0.0837	0.02248	0.00828	0.04402	0.22215	0.1677	0.0482	1.03345	0.99998
0.21837	0.0803	0.04528	0.99869	0.89507	0.13018	0.08535	0.01848	0.01107	0.04625	0.2419	0.20648	0.04736	1.03274	0.99999
