mass_1	mass_2	phase	time	distance	a_1	a_2	tilt_1	tilt_2	phi_12	phi_jl	theta_jn	psi	ra	dec
13.354974466897747	13.161273717074968	0.8296864604455033	12.773726360490096	12.495182432125711	12.290071099696824	12.631450637744326	0.26044370226870966	0.5402551112398677	0.9015562090819654	1.4424058126495087	2.319154000187435	1.1546706410109404	nan	nan
13.573236227034723	13.241102115973483	1.1151610439060136	13.560623479509642	12.455975514844635	11.29439428580984	12.481201673215	0.3656400234269082	0.48951346625203995	0.940293195145317	1.5144911568536097	2.4626305296917947	1.150052573191794	nan	nan
13.421467898376976	13.169616811920552	0.9375622176462042	13.62061399464449	13.093304609902283	10.71495223040387	12.668644881131847	0.39962567127088977	0.5215115141918073	0.9035736408871826	1.5744587138311026	2.664378617560602	1.1502494055142614	nan	nan
13.22265463116874	13.18349712133734	0.8106839311655544	13.503781248530125	13.484333425773126	9.711649386605426	12.443225618357962	0.5711626510330601	0.6986271331004414	0.8529926723981051	1.514276894717711	2.8749682571469894	1.1792088204834283	nan	nan
12.804677435664301	13.177581527492299	1.0355686147731067	13.28224737679295	13.728077956812314	9.54612452454219	12.560379603858152	1.1740979787882528	0.9199032917416233	0.8799646204584737	1.6002345921735233	3.001324437553651	1.2272890371425473	nan	nan
12.52794130546641	12.98221401094275	0.8078243337874649	13.161338192869588	13.705614640861603	8.92032239566756	11.850762141527584	1.1796941458401886	0.856025609109635	0.8659868375527828	1.5465969890876632	3.129121493662849	1.2840721461921203	nan	nan
12.749338085732928	12.87566187273885	0.8530042471783252	13.036243826754408	13.75474087712847	8.478061605838683	11.849196557010236	1.4431075820194854	0.9132369707487256	0.8276678929992739	1.5951251793797425	3.212216199467954	1.2534219790041514	nan	nan
12.46167621097791	12.71554407863671	0.7706786426702296	12.959837110774206	13.638526926243847	7.278808887026002	11.115838778679988	1.3483560757554631	1.0030899601552719	0.834247260305722	1.6437723978053456	3.2634612577197064	1.3272111552312453	nan	nan
12.507046399469242	12.601379113802356	0.7801754601973089	13.019647812434744	13.575689885511984	7.474269450784577	10.750682264341046	1.5374995483465177	1.0814752704939568	0.8658253331076636	1.6042762310245269	3.3248358285910395	1.3285172430991306	nan	nan
12.530201285604589	12.465422373843822	0.7399172878416775	13.015243440209254	13.76959322348398	7.025144494756682	10.443254966021708	1.5758183244698352	1.1021643933603789	0.8691441129733201	1.5795792219712672	3.2587991678890074	1.3357751708989298	nan	nan
12.53427722805814	12.409597121351037	0.6851928302842211	13.008414961421595	13.884423274913594	6.837104665581907	10.354969227342952	1.5307623093798526	1.262775542181998	0.7851394284214509	1.7061822686279873	2.851719663241742	1.3610815229289843	nan	nan
12.52522669870463	12.39287625372444	0.6038111684306	12.984188469541172	13.43116835193006	6.423606178858275	10.489729098895582	1.4121827834202396	1.2604601113813187	0.8225070323230493	1.7034965750040334	2.5901180329701035	1.3696028429770295	nan	nan
12.491594476472587	12.3935904411822	0.6557123831598354	12.976941036411205	13.359794471561052	7.025734387168413	10.25088675792827	1.2705234174577984	1.1353676036273639	0.7644791844840849	1.7416910251642106	2.2081820049615986	1.387622641234696	nan	nan
12.504368141538764	12.345270464888513	0.6562529710819129	12.843919901692022	13.479986670974796	7.305392955704665	9.224996093401717	1.219123088217751	1.0619535463342464	0.7500193703960597	1.8358491293166594	2.2427080983032415	1.311850595758618	nan	nan
12.444225605537563	12.337163002264594	0.7102367598008892	13.11656283185069	13.223501626803563	8.475965504658207	9.54330779402217	1.1351262325751912	1.1686564210441333	0.7952541713349578	1.745217447677005	2.2480048237971872	1.3724499567644497	nan	nan
12.584115098046254	12.265000150308454	0.6859322451338217	12.967658763043088	13.15819045777326	8.191853134492321	9.421040321439582	1.4104574610205445	1.2279558182361148	0.740244809123501	1.7268404064004197	2.598880948812964	1.3562058051522095	nan	nan
12.469163406868065	12.363783885171202	0.7085211198805209	12.949323038667945	13.12539747272343	8.509900300145516	9.23465943045559	0.8875369923822647	1.1421133636817289	0.7783785527864938	1.8491793798339486	2.29967609499934	1.4262919034964665	nan	nan
12.501735679881962	12.30839361801947	0.7286228627596187	13.226558997332836	13.035069929558205	8.843754588012214	8.343124290174483	1.3440129220823467	1.1474856200888943	0.7462882021040957	1.6784988052684635	2.1292444831418997	1.4010768583352173	nan	nan
12.62997058412123	12.342629401917499	0.655448103691933	13.085869130667666	12.954623090322167	8.105466006001373	8.062331372008828	0.908645286924392	1.094997917241494	0.7506217519759912	1.7688025815090982	2.082110581054158	1.416278633630425	nan	nan
12.566284909929324	12.35989537004491	0.6296185923131653	12.91853431421797	13.013475842594469	9.409343549479603	7.71594068770335	0.6216552734278259	1.0041460520589864	0.7830776722326012	1.9731996977026807	2.2127218793381105	1.4562775573436662	nan	nan
12.82196670075709	12.408961554146716	0.6838934275764742	13.032099016880187	12.932765353777858	9.243278455769635	7.353474495634032	0.8079070805841105	1.0294272436855219	0.7212694579925886	2.006582509755024	2.1575275543317303	1.42254151618397	nan	nan
12.665813571046542	12.46912804431156	0.5961401377362984	13.04481094596606	12.909679872178886	7.792571766311326	7.23080778381925	1.0996072605462999	1.0315423434510909	0.7518972651008745	1.8505459975966843	2.2671018763071253	1.443460546999937	nan	nan
12.982201896326469	12.505345703969375	0.6204170084435483	13.058079844616744	12.940923835180012	9.840173730683109	7.216039780690331	0.5621621889499975	0.9152321423978558	0.7331595870541701	2.0856789852105364	2.2443598017562154	1.4340922630933055	nan	nan
13.131823566189102	12.525685411432518	0.6845748531084793	12.916929058717438	12.947019724993043	8.259122522064745	7.127797101501388	1.278718451581466	0.8390488768136037	0.7408396842049487	2.055227250692427	2.5730262593082074	1.43336394032251	nan	nan
13.273976400513355	12.579374796489676	0.6856216542124539	12.912759577313574	13.016975105886752	9.960380276502221	6.990788360300568	0.8633218267176259	0.8970141064607817	0.7242276309852652	2.068205871460774	2.317027371459761	1.4504210440549852	nan	nan
13.368692857335096	12.644992892583112	0.7197931694683574	12.981601378723582	13.106746173835548	9.259097629885243	7.74281712043868	1.422752619672301	0.9376401636147323	0.6714307468996649	2.301627560496041	2.293750586445063	1.437252002998887	nan	nan
13.149667133690967	12.558857592622504	0.7053080311573595	13.1372660771497	13.033089922390303	10.053282984311345	8.18738912290517	0.7210538058407997	0.7967832079484037	0.6501069523690344	2.1539317435884158	2.5224982710193657	1.4888771384873067	nan	nan
13.142854507361061	12.534674971480348	0.70238595423439	13.01057057015645	12.954337880747469	9.668327679850778	6.850149155695493	0.8258302637884846	0.7929572245799628	0.6431417666373149	2.304564849300452	2.6371965686901877	1.457378607248699	nan	nan
13.191456625502722	12.680778567277816	0.6729708458538498	13.147145899045924	12.942616775579108	8.759386619300592	6.353531654523397	0.7640879681202335	0.8325565666799205	0.6801500815612399	2.220059251017429	2.366697208500137	1.4246995490812697	nan	nan
13.21031919033195	12.549413517168942	0.655134866750971	13.032678175399779	13.294760411302693	9.513163979612761	6.7335264871335845	0.7704108717684498	0.8120128451929535	0.6356743750486584	2.0864797717495716	2.2680894244128305	1.4261804459213654	nan	nan
13.398210797475162	12.525057503113658	0.6734885595033837	13.221458570790322	13.196449270141738	9.72140395624371	8.279519703987193	0.8152171775256019	0.8222794512489883	0.6932370298755725	2.204840527445957	2.2294062941392268	1.4098994427902447	nan	nan
13.321363077623024	12.453815520139486	0.669437280958547	13.123275106948798	13.45795534488305	9.510065929187117	7.139345876908152	0.6272346125935457	0.7238575357543469	0.6219241550567738	1.9194343680161126	2.4036367237624447	1.3929161851814085	nan	nan
13.22305413715359	12.427448483220994	0.6483779032971235	13.234419171048454	13.210688386312356	9.517855735385222	7.084944261749124	1.044302370956263	0.6736628619326681	0.6196135607658853	1.6310817881700392	2.110612577305343	1.360495174747039	nan	nan
13.223233076273338	12.418165607242022	0.6798624856395867	12.86462672499116	13.209371305572981	9.334654237253174	6.978350300899294	1.0746000212721172	0.7277576312648337	0.5464729177912596	1.7253037172477261	2.4285810783392883	1.344157655420543	nan	nan
13.276311552554123	12.432131218799356	0.6845497235139892	11.467093099920486	13.256110720980029	9.64726970840483	8.228919389065945	1.2824513252246081	0.7433441976490344	0.5975423106362533	1.4943834331151267	2.5657512132257208	1.3825060214231875	nan	nan
13.379154358527597	12.46215606710156	0.6688070031944107	12.648432213885187	13.235740923782593	10.209957264447828	8.231301580849996	0.7611397519728534	0.7556656641717862	0.6423101304115937	1.9993914000834752	2.5716399006477375	1.364430866421931	nan	nan
13.36136351366987	12.466522699986772	0.6748990460844339	12.337585665877164	13.275699220951822	10.12995846426216	8.099082091062428	0.6266195630730649	0.7915424679960229	0.6349057447350873	1.3719622792506556	2.62200518517885	1.370025378369662	nan	nan
13.424164119537162	12.410472514470026	0.6763192111497458	12.93403432286129	13.191186296718659	9.513524349724573	7.804546636006436	0.797595516346658	0.832577083456612	0.7072814934396888	1.5265964102950982	2.6039823379595926	1.3655053667862762	nan	nan
13.491441255657978	12.449873344784514	0.6479970573918172	12.455975915700977	13.35255938503907	9.308135746736836	7.316352059429588	0.6286184993826114	0.7293927431941467	0.6477109363747486	1.615368031126249	2.5917603830879314	1.4007938078867948	nan	nan
13.444697300062979	12.325081828070783	0.6442646727972906	12.750700135749476	13.262361058996538	9.713396166029947	8.262911998425666	1.3141421792081724	0.8522341037859817	0.617062028376063	1.3824109926901103	2.41585298993226	1.4654295673827202	nan	nan
13.404152575328773	12.40012990627112	0.6342908047089181	12.831272858322029	13.340907536272198	9.059864169757201	6.945701820381868	1.0784593422100381	0.786617402466083	0.6087119475080792	1.1643879503448173	2.527332641258001	1.5282261281008218	nan	nan
13.443882545314882	12.330214786668087	0.6308740213090577	12.089347126046047	13.209592683450039	10.167278570216764	7.916364851595831	1.094754597258099	0.7902808660749456	0.606777116143459	1.4171523109464281	2.5170422612184105	1.5090360483162404	nan	nan
13.396805412588737	12.191134010326055	0.6102600677169158	12.333024263272538	13.281429877604417	10.301550110045696	8.355787255478697	1.2662380876096904	0.769012977012456	0.6186733176138478	1.7431666570647426	2.485280915125637	1.505567287933667	nan	nan
13.444732800082447	12.260806689311691	0.5913464668182146	11.236006032348445	13.640225725669623	9.153341829040698	7.55084903979347	0.9224677302574166	0.6797225191102049	0.5774430808768857	1.6794605679961443	2.507845930922529	1.6196482279475708	nan	nan
13.513039672673663	12.27352187121897	0.5825824854556116	12.999607816405621	13.346378993921327	9.41287888277057	8.770845429629409	1.030931024962777	0.6785726726856912	0.5915027182106573	2.100215150326025	2.2846270995120017	1.5185093365394062	nan	nan
13.449052069960484	12.303078845915865	0.6073339123460186	12.835622649136305	13.297165217722172	9.137653120847492	8.637628406378939	0.6780769847516885	0.7412678710911821	0.5535978549239504	1.9170271291651897	2.358555901298907	1.5297910322731647	nan	nan
13.447598407688039	12.347909299440357	0.6014370526682157	12.344728423148554	13.325400002233222	10.098539802226918	8.704244593207557	0.7073368626667816	0.7063356630531449	0.5543419939349984	1.9964229790379413	2.2943979365813556	1.5018976254254306	nan	nan
13.51597072436731	12.346343133340081	0.6224698556704712	13.107863275278136	13.472609496536089	9.938281961010318	8.544364212190082	0.8055579445497018	0.7530003031801845	0.6675494891383942	2.202436740661314	1.865322560499429	1.532911163859151	nan	nan
13.59597667293468	12.272026579850639	0.6804788944603999	13.06552383033565	13.64287312004517	10.371521052963764	7.872999877747157	0.9734789285269657	0.741679299564264	0.7080843860211472	2.1327229631497535	2.3040385886372237	1.5222140592664175	nan	nan
13.501598344800023	12.33571706625624	0.6434726779492912	13.068148417033132	13.389886207246494	10.062738087962316	8.722155517110574	1.14503186934101	0.7233469346533162	0.6166652636060849	1.9736385066194746	2.229066676107813	1.5355869298334675	nan	nan
13.479920367278824	12.302404420658393	0.6578949534937635	12.494423941709208	13.76954088597809	9.724481278162873	7.777802899834864	1.139733864197465	0.6900688898715914	0.6237924918933347	1.6515029220363882	2.2439325593827473	1.5435968815427803	nan	nan
13.577654293212808	12.361987181891264	0.7557340113457889	13.203068502193862	13.675859065557216	10.873166486950606	8.485778646844105	1.2020117120650866	0.8403296505774783	0.6734033420880663	1.655049882161073	1.2103943581751682	1.5797558012562682	nan	nan
13.580504982818534	12.382717755816621	0.7364528716547053	13.181071731183822	13.41138520098295	10.632500932528673	8.531518425678051	0.8768519740900199	0.761111021861693	0.7705182964349128	2.364601375085625	1.5712285808833102	1.564208669461125	nan	nan
13.62903687488806	12.491196607030178	0.8146378950650875	13.410369398976078	13.852149569232344	10.264331050129273	7.128979980273449	1.0769161200849595	0.6664398095118632	0.7514593649107791	2.4533236570020853	1.6399994723045415	1.5468824531167722	nan	nan
13.559298107980428	12.362690204740503	0.8449500205662919	13.391239995896909	13.502822355341511	10.810461305184335	8.120634967725156	1.0813713586824394	0.8738623938263894	0.6967213682326425	2.2940987584947643	1.6304698662551826	1.619907376604485	nan	nan
13.565718280025916	12.407599987414143	0.9224154022898963	13.500937802748153	13.54784084672288	10.5564860474224	7.384583482983738	0.9536889288269431	0.8334811660463913	0.732030253249821	2.060641884730393	1.2372346949702036	1.5721008185828633	nan	nan
13.630656925404324	12.477778203071134	0.9625296362305286	13.432903278403113	13.531936972297721	9.764148169905827	8.383747746344088	1.0059448860215594	0.9284963720287943	0.7238079377270994	2.3669096912288583	2.2159665438766543	1.5971088529026423	nan	nan
13.632556106919967	12.400668555167409	1.0293516392905553	12.9398068389668	13.432973711453018	11.214159567555711	8.205086098047074	0.9128909455716316	0.9828327861259912	0.6953489527577901	2.0253043193262075	1.795525474388893	1.6707535999819012	nan	nan
13.55197298579807	12.365383439500905	1.080723526965179	13.405176251656389	13.547493912795582	10.748796657662584	7.770256999241587	0.8097416207319096	0.8091414123392222	0.7301249284433438	2.344001015092225	1.27187403683698	1.604228033644989	nan	nan
13.642690893825023	12.43317339096707	1.1946648022574593	12.673755898181678	13.42770158041277	11.782899968151598	8.645890694422484	1.1370853989238219	0.9421609138929166	0.7683594950992679	2.4909216306239226	1.0610199932818778	1.6804404291080302	nan	nan
13.63831191011484	12.413477671910858	1.1989536382688568	12.441751603984233	13.557300014867662	11.038926668929165	8.49897207754851	1.1044871152360751	1.0143854835869217	0.70632139272854	2.5042055135162684	1.008781319677269	1.7014907925640324	nan	nan
13.471775037441846	12.300044589829813	1.2044378735014183	13.087798836255917	13.510253527979355	11.908728323305079	7.88914110894044	1.0350342262320251	0.9446238365388911	0.7392769793078251	2.3230372789120732	1.128539938545434	1.6973638149379104	nan	nan
13.514980549289469	12.272809089539516	1.2043009265550555	13.679699895566218	13.517189506095498	10.990985891331238	7.505478991341148	1.14758192247716	0.9216439705763395	0.8296957212207167	2.6816378311774947	0.9349687358126358	1.6707615188310685	nan	nan
13.519290733988566	12.309699484712079	1.2885265171807194	13.42956064678391	13.498792255838106	12.180056678498483	9.096759250443876	1.0743120000802173	0.9342485971588593	1.0305299711345062	2.779216887337066	1.2062785573571246	1.6883394030744592	nan	nan
13.48541570152541	12.295802054511341	1.268910457068432	13.343741258624538	13.849643193376583	12.06134415349678	8.882661793652884	1.033124902107437	0.8239552844723643	1.0547719066355004	1.9036809458500814	1.2741861385595088	1.7517720517772268	nan	nan
13.450237816130016	12.251704504246067	1.2470217897109577	13.54582844232195	13.549743010481066	12.104171321671942	7.8704998680967595	1.1520002949997283	0.8967548374552063	1.000288236432123	2.900219241893135	1.0290936400254918	1.6704836966950485	nan	nan
13.448188647223512	12.295251446129821	1.330056492406852	13.308796036898421	13.52413341537047	12.053753290193905	8.094811157613025	0.9348881940894715	0.9253671895864702	1.0287793705059722	2.7672189182063214	1.0172893956710825	1.6970621402065733	nan	nan
13.441929040729208	12.320990909550352	1.2832752410173613	13.432309943518785	13.59259492634784	12.581441034705486	7.87492011598121	1.1487982073837615	0.8614564988364235	1.0632516403549066	3.1046552244131846	1.2273048466831704	1.7370668007121661	nan	nan
13.390335943557044	12.21638279018432	1.260526768418149	13.467049269082933	13.714957741991594	11.126367619706908	8.10557723248244	1.0413769136098587	0.8200090967522559	1.1292367202369855	2.879142551780913	1.0316533446365974	1.6288335305759083	nan	nan
13.445036365276964	12.311546237864233	1.36194736017612	13.682294358701213	13.634433282835264	11.393127619320518	8.846519907113363	0.9463323112813341	0.909212991296077	1.1655321762011053	2.8176182303112345	1.1460125021740282	1.6981907556513904	nan	nan
13.32111810996303	12.2396843258866	1.3647193129248787	13.244674353502187	13.7643217489853	11.851889458303255	7.584044608961058	1.0065086778679238	0.8761744563350098	1.191904112077048	3.0633762755705396	1.3284397574049964	1.7022063033639454	nan	nan
13.389571185476008	12.322124061774161	1.3803254050334994	13.712606032921563	13.677767142772487	11.472251033117011	7.66781302283765	1.0750370105039468	0.8502905226542274	1.1926267958594365	3.097020268616983	1.0602548219475214	1.6160369163907784	nan	nan
13.37732489559389	12.380280633995161	1.4192047185868846	13.855853097964673	13.841148925610101	11.289426582426008	7.530039682086394	1.0032429968200232	0.8834696403727883	1.1797018136223996	3.102254591434528	1.4369976566886147	1.631604498509319	nan	nan
13.32530863505924	12.333821927073437	1.4812534361592835	13.884088109941144	13.755338540613439	11.149098845187803	7.718923104312606	0.8458094280356488	0.8082270533450749	1.1573107955034938	3.0422982398511733	1.4542664471075333	1.710028871429957	nan	nan
13.350950024685673	12.271732138260871	1.526632789467367	14.018692459938556	13.676152613667576	11.068181785363862	7.788826328729511	0.9342115702853535	0.8412425666582505	1.0923560132672037	3.1067230732295967	0.9287556519884668	1.6143539707559416	nan	nan
13.344808608828767	12.224072158758048	1.658166885068985	13.758380557747316	13.692539978750741	10.64746917300507	8.481612917407327	0.9496984847555451	0.7684210994557955	1.114737844792931	3.118335865609046	0.8645638659538571	1.5737049632864468	nan	nan
13.331958207267805	12.245290317592865	1.8484302352442181	13.675021975547667	13.733800277857997	10.328181924938162	7.8223112312907315	0.970834783363957	0.8751900270771502	1.177623668143674	3.0715328660985275	1.3685712164409145	1.5447867558506359	nan	nan
13.342483643073981	12.19853361884711	2.1004724968447843	13.81474055916965	13.737329698698037	11.508151895366474	8.408629698710515	0.9959913373515743	0.8616811807158105	1.1233148722283477	3.050837153011493	1.1199074004263114	1.50918149123458	nan	nan
13.380980695999103	12.267947999427632	2.00371749530151	13.905050982968262	13.784717844695251	10.206670086763406	7.694129861920449	0.969795730537305	0.8652844869947853	1.1125886133520406	3.304234082165469	1.0020400041102224	1.568026978951904	nan	nan
13.336992655145224	12.315259820746961	2.3763644593719064	13.810282058289001	13.879755816667444	10.957349653369945	8.286547348088469	1.080048705474562	0.809955757514422	1.1206276066605796	3.270525343358712	1.140769922523836	1.640987281140576	nan	nan
13.282379009564398	12.199531150017762	2.571682075154831	13.488451232021141	13.703337542228065	11.282131170007883	7.428891552964352	1.1241957732733536	0.6944069532381243	1.1350388209523863	3.3550028588154053	0.9370290746816266	1.55686235716949	nan	nan
13.387571598242268	12.214156743692657	2.515505757506676	13.594029320829748	13.786148405457016	10.988276770357519	8.289633135516745	2.444064397203139	0.7787771662903119	1.1882949243866665	3.4456891885270404	0.810198504010881	1.6169784134818825	nan	nan
13.343205176758731	12.22054198755459	2.4581739681711934	13.932797462131903	13.81721844708557	10.017576536229251	7.971586198243924	1.6717013896270387	0.7499904107784274	1.2354343400997896	3.2333785921893567	0.8571416387031755	1.4320146252955777	nan	nan
13.399143996695742	12.189545160371749	2.651316458040729	13.845277577241797	14.181535893910054	10.211354860733387	8.491005335116434	1.4484010139141186	0.6957181447129933	1.2633122782469843	3.2685395192278843	1.097007017509626	1.5527219588202876	nan	nan
13.313387471487196	12.176914629983749	2.725168506911368	13.941728953238856	13.907604362188211	10.162393030231975	7.226707636269411	1.117406224671536	0.6765320477922152	1.2576314219369704	3.2051761644695462	2.1315844833393247	1.4327402775621376	nan	nan
13.391746426849705	12.234806887172779	2.6149669520839622	13.992383117996603	13.937390254863487	10.989032789268066	7.365722158822815	1.5528666584577657	0.6059759191372341	1.3608745005089613	3.206115389372151	1.086820663451399	1.350760570335518	nan	nan
13.296239034204602	12.181615684745871	2.758118976600282	13.914500128956222	13.955199212457888	11.345317588057227	8.450383758534912	1.563614523483753	0.7236578202850151	1.4088683982559256	3.4063636773377324	1.1111080558559594	1.4059079934556167	nan	nan
13.275125806147456	12.133850232838858	2.675373592720302	13.72017545450555	13.963011017619307	10.7954321565198	7.383291215839196	1.4956062145686768	0.7600515259237705	1.3313489960616833	3.269160489757432	0.9721975120742468	1.4314982336225754	nan	nan
13.320348812980018	12.18692125083471	2.665558117956974	14.162773687198168	13.982500455391843	11.60023692256046	8.821305812586036	1.3682934163062817	0.6846337437401626	1.3635346708082285	3.382966312423104	0.9704456998054898	1.3204831481700436	nan	nan
13.348726044606314	12.152017805663041	2.86640281512002	14.07752439465033	13.906421254089949	10.81496791072572	7.689762954806953	1.462562281037902	0.7916028790630116	1.412638032710579	3.1643225052084856	0.9630210703174439	1.4049616401788394	nan	nan
13.33587679400039	12.19402527211981	2.8902915040640527	14.081528517022711	13.975857078895247	11.264429692387088	7.841759774728084	1.333762675080197	0.6635780974378004	1.6355859087736608	3.2436292100080655	0.8533946923178958	1.4654968861596165	nan	nan
