mass_1	mass_2	phase	time	distance	a_1	a_2	tilt_1	tilt_2	phi_12	phi_jl	theta_jn	psi	ra	dec
0.8570511930566388	0.2933076730246012	0.46058428849120076	13.713242974974525	7.986159917423009	0.905101487501711	0.6416267309336309	0.07450139139928307	0.05998404911975989	0.47865206254041565	1.641714866708874	0.8629679509014875	0.5162026080137956	11.523273837240158	14.739390583907914
0.8399459424281552	0.3006235238486525	0.4701718417325541	13.666038045530934	7.673155453632502	0.8465607123113474	0.6231951551790706	0.08358852985773894	0.06924185051955738	0.4611985223568309	1.6655071846823568	0.8226081733858415	0.5082443577800017	11.510488436495953	14.703005735130702
0.7942168743675472	0.30144935601161565	0.4644801288099715	13.581401553468861	7.48885170268211	0.8183285068694343	0.6391108777788056	0.11128294849619505	0.05997618224650473	0.47828216458486283	1.696065135097338	0.6120714017826683	0.5253449275899323	11.477796389990825	14.62052023406408
0.8351968593139668	0.2905075575553985	0.4704986774172397	13.634276512372779	7.104032924576253	0.8667266811881358	0.7208698771548214	0.10313115094978763	0.06196647848848429	0.4428943271272846	1.9061802863359913	0.8382685859242766	0.5542787191443534	11.553126658723043	14.521477728742896
0.8654856706945541	0.26955204936708205	0.4753055611637901	13.68028911447645	6.979029602797087	0.9190044626518927	0.7003730550988847	0.12070616143417735	0.06424942112767643	0.47891629058694113	1.8643111829038694	1.2430052784553678	0.5414819685611305	11.506575765796804	14.47882020257293
0.8229070067530472	0.27582286319230714	0.4679155596662218	13.662880031058235	7.105769723460666	0.940286835733953	0.7487291160191143	0.14803660747270497	0.0644324908321343	0.46526787796065344	1.8716763678476658	1.807452152088975	0.561178608741694	11.543097300850953	14.487574280527792
0.860732790883269	0.2677920525703202	0.4858674009036592	13.686012793045196	7.447384856836802	0.9091839783862891	0.7385657475781776	0.11911401877945624	0.06271294156926983	0.463114861404694	1.6063393328832931	2.424823099638637	0.6080866419606116	11.534746429576858	14.461087355490267
0.8643163652063717	0.2736298576162882	0.4561350901168388	13.733823900791942	7.458068644039522	0.813743200923034	0.7390139682509488	0.10198969670760935	0.07394091488812822	0.4985041660582879	1.5814318145301292	2.654692471281187	0.6002813767286838	11.525627962466944	14.468465834925954
0.8660015903134984	0.25661257945244853	0.45860118724638005	13.694216030427068	7.487289148040621	0.715639200674969	0.7583476057087385	0.12763981659648574	0.06826938051247668	0.4780592055035919	1.5789441485889795	3.0166166546754627	0.5611613285725228	11.517624957747152	14.447032904538915
0.8953749537866925	0.2683252277298326	0.46546263902729607	13.736216987591847	7.649056518419946	0.7019825878679316	0.7544209714188842	0.13128510644743072	0.06874056498187715	0.4749879382957534	1.5166726716243977	3.5313020153628427	0.5251420105483319	11.54943192131259	14.459238524343696
0.8332634137386504	0.2541771848552116	0.4723042161195648	13.763970461961993	7.537395742093109	0.5972264162149509	0.770946805141157	0.12503822330212805	0.06290589428993443	0.4810733317924064	1.4866506261054444	3.872993647195477	0.48544361381387224	11.55464791706478	14.475286057812376
0.8682190695604746	0.2510022518859259	0.438687652781999	13.745070953242713	7.367833457385012	0.6063619103026902	0.728035143847605	0.14370080002616742	0.07512226928307292	0.46603623490628837	1.4463188050072535	3.9810884784536147	0.48623254376797115	11.683090040406274	14.498352174558097
0.8720398110824554	0.27472387345243804	0.46178537279089027	13.75873462419222	7.431558061503825	0.5606664174580765	0.7311060775098323	0.09931518138226994	0.06404221149850943	0.4469506664199475	1.4029987315923378	4.513144245270163	0.4875787786371202	11.591294111831834	14.48006299110914
0.8466870894158111	0.24396690008557073	0.4600736311684966	13.748427870564534	7.236769285524919	0.5610901100919415	0.730737027076016	0.1483052572225899	0.062442002823352986	0.46950192444668065	1.3566034981199397	4.552158633421164	0.4559318205507419	11.543412349759745	14.49295599819955
0.8433405665126392	0.2523284531839834	0.45372021979784183	13.736527065299924	7.396077930174949	0.5416924466315575	0.7102096664418508	0.12522702293124777	0.06168174139135767	0.46031410882225754	1.3214382237493933	4.787649511878	0.45612379093026034	11.58241150560594	14.466253705606734
0.8006099874209145	0.23687987330641067	0.4442332349578086	13.727338508641548	6.984254011833471	0.5587092391213977	0.7261862263723431	0.13460126826769703	0.07067383220497779	0.43133967049769206	1.3430960996270902	4.647809295688528	0.4225388177726377	11.5385820163423	14.524011656128598
0.8419480707610479	0.262805025181715	0.4355212200289827	13.744646280888519	7.098244802816361	0.5511621413938655	0.6472846969856092	0.1693071144030955	0.06268937738972957	0.46516462625849353	1.1458290800407904	4.878935573766642	0.4041907842733252	11.56613375324776	14.50180911218243
0.8451162962606416	0.24381867913881095	0.438598332299707	13.730372089711919	7.237852734414341	0.5735705284514139	0.5726275662790563	0.15145951623389942	0.06875957277742643	0.46191609185921517	1.0495420569838925	5.115198597889292	0.40320159167669006	11.572068625347791	14.52456507577831
0.8414583004902226	0.2524060177112662	0.4650952768398554	13.75676975095313	7.413857617878201	0.6085875601643713	0.5437682351267202	0.13678019686424242	0.06696858267212369	0.46740334931295047	1.0728558295755615	4.91809312249588	0.43693617537420726	11.552572424989147	14.533246652913773
0.8401682355827635	0.24160933627394582	0.46397806290681526	13.707950165559867	7.042756224928713	0.5304960348041351	0.493912850471719	0.14458149691836517	0.06550378492329993	0.44703270201497863	0.9879007134299544	4.912405224992694	0.39725359765306567	11.564711975644174	14.48814252589595
0.7977895729262988	0.23989172540223463	0.4499428316401269	13.745920103348478	7.138937689994269	0.5415559077825947	0.4731416417233994	0.11040748342693878	0.10509707231840475	0.45916576837844686	0.9834489963532521	5.013833391400585	0.3924024023648728	11.566934466273004	14.54276035982312
0.8462445004111313	0.24838999273095805	0.46603932833802064	13.7470973579505	6.966983331510112	0.5598258543962535	0.40288078595825355	0.1478101626957306	0.05420592220984386	0.45737777422973164	0.8794694835030926	5.047331691098242	0.3976160886859425	11.5314512061535	14.53211529803316
0.8129365136207136	0.24660266223900718	0.4432708782947382	13.760154140452999	7.16260156859326	0.6045906490691871	0.3842386605742005	0.14691097724545335	0.06784638758315421	0.4844103651152069	0.826803835108211	5.633716718209379	0.3963415303694777	11.561794844807556	14.554914118576898
0.8963123875523086	0.26969307512479873	0.4307515276734497	13.745202707202992	7.113560881707576	0.5150322559413392	0.3311167255552759	0.1322282708197509	0.062271006921846825	0.44196254637277166	0.8229844749552977	5.0111040878300965	0.3687334152055505	11.564740895855893	14.529953606932164
0.7965207227089143	0.2554436591204869	0.4215433923601405	13.7402585677241	6.984730656030938	0.5303152782466914	0.34921542565088914	0.11758791981876937	0.06971872913632031	0.4511166969598258	0.7252945898395359	5.235833510439512	0.3780376160999937	11.654548253286379	14.498558003033825
0.8417193283022876	0.2529264372507398	0.4107438719159867	13.743241659918468	6.9427656493877095	0.544573971342092	0.33294099092920054	0.13466996673974624	0.054227767241661964	0.45262175804925286	0.7957522810474005	4.934366702061674	0.3886297884729385	11.56657690797956	14.537771252711487
0.7484103800071951	0.27375679826016647	0.3803315478455885	13.78847129474511	6.837563243151035	0.5537264939921728	0.30598414005289976	0.12733983384154884	0.09221696594984238	0.4211917562387803	0.9090033526384604	4.602228839773504	0.3706239504690975	11.632960507897309	14.549352238672505
0.8257469479475615	0.2609891209518658	0.38419305390411046	13.732425899836604	6.843674093521159	0.6382616061437676	0.2862123411003764	0.11413807187101496	0.07897495311848195	0.4655281350590958	0.7905922393256672	5.4027327144717665	0.3480427392270808	11.541347929437537	14.571020820970766
0.7934901531077742	0.2771542117349418	0.3943909052786679	13.74892999238557	7.0386799984471935	0.5778949187322319	0.29237219917817203	0.16103312258576902	0.06414657198757778	0.4549267672198901	0.6217762015446051	5.3356358278213705	0.35478970454343284	11.539611823501634	14.63492479677229
0.8409757139499334	0.2882466675032142	0.3644750539526103	13.762474555122585	6.633029723364768	0.6247515631743971	0.2898934311721504	0.12896699449941385	0.07084313784411478	0.4663840354698481	0.7173569697188165	5.017014777610581	0.3235491232751563	11.530809277958856	14.559128023816188
0.8070036753158306	0.300520842707885	0.3548249331762204	13.77039714327469	6.694329915376297	0.5956180173796147	0.29734442346164425	0.12242333177112492	0.0802657909901506	0.4554178993464364	0.8002121492094296	5.2802979816096265	0.35765747840817963	11.536050535521882	14.567370787911203
0.8454046416725711	0.28600214641683674	0.343270608821564	13.764965534381448	6.88668768992128	0.5688796257032825	0.2991089122636623	0.08589748934780339	0.11112126688954135	0.4491505703740554	0.7469544467950201	5.123836960580571	0.3490960249358268	11.5529970290324	14.563575413781598
0.9375436860486307	0.2823911590749189	0.30232978434719837	13.753411848823852	6.609089508517753	0.5329389883002172	0.3221894855907643	0.11652341378701296	0.06974250823997154	0.47438401990376355	0.8137946801296403	5.251573878284844	0.32540358781422274	11.586908877949558	14.60853051877488
0.8433880427558523	0.2712633086109983	0.29239601485412564	13.740453170040768	6.8907871039187745	0.5316997753765176	0.3144387252979005	0.10861603610629873	0.06951206868257019	0.45012294011204323	1.0761076982473603	5.111252284229652	0.3481642057621741	11.551092116730192	14.560977787990868
0.999557777594861	0.3112734824932561	0.24237865667382966	13.74811035770412	6.919310655285776	0.597138098409609	0.2553016603196273	0.1304521412232152	0.06398042577325672	0.45053150299821004	0.9493740767827364	4.787458901017319	0.3229695758638351	11.538695717199667	14.630750318878851
0.9214060689279394	0.29176343220047624	0.24212890629411082	13.771450530112517	6.995633396066025	0.5713070621693543	0.26443747657211647	0.18420095836473793	0.057408072411730376	0.4618181330060037	0.7598155144411668	5.537172287711723	0.33088363276433697	11.537106647682553	14.574347592515474
0.8357241357425622	0.3487020076929944	0.2234045184954305	13.765120185271796	6.865596865454187	0.5851876846984239	0.2709287239848431	0.16677931227145654	0.06086950625792792	0.47556703441178766	0.7803299881623867	5.2897542583729775	0.31563912948156214	11.542083564305058	14.59563427019091
0.960387921594983	0.3360146531729864	0.2017009135163474	13.785691955570465	6.93504854045696	0.6320431381690134	0.31875050089629064	0.14750032886329575	0.05843666948279995	0.44297823652514184	0.6335409258327536	5.211055341401006	0.3291087471188588	11.590944157511903	14.576723031953568
0.9365719310708981	0.30983863905695375	0.18119250715891363	13.760212855597938	6.789354902798369	0.8313477874827391	0.31916973113126546	0.13864721815375033	0.06410557277430164	0.4504096346858732	0.7971296990864432	5.786735278984945	0.2839067947752922	11.546733076026202	14.575423748978187
0.9000587548989515	0.311176607197153	0.17452204671915897	13.767657382813058	6.858586090542959	0.6169994772658183	0.30022619604104467	0.15132925352814788	0.0554962725488777	0.45601922657962546	0.5463332524372603	5.789920037379819	0.2698580060185825	11.5305041484664	14.607461039197492
1.0148198529007557	0.30585095768940507	0.16355750587704979	13.777865759741623	6.578996500748681	0.5379906435040405	0.31150666197586935	0.11268924405902328	0.055607030288838954	0.43192682879991284	0.827640465308461	4.931753598151747	0.2600805375289484	11.533681630673058	14.606510806832889
1.007298906114673	0.3319742236182271	0.17729098756856126	13.806487643055817	6.826257088480655	0.641648721709133	0.26750714659024355	0.13665488837344458	0.05130806956941676	0.45224106997727187	0.6356243976677434	5.475907373134687	0.29101249549430197	11.549506786898771	14.69076987958756
0.9813788674211223	0.34399873578225293	0.14588021426804235	13.755245714060027	6.95349340885163	0.6515197375626418	0.3287731067514283	0.12993156786086502	0.0561023543420006	0.4739552465722314	0.5739491951411083	5.941967283142946	0.2785902842275975	11.527102699037803	14.618905796878563
0.8748026707147422	0.3352755989938145	0.14661605276052464	13.776148053361425	7.253235942465094	0.5128605679768564	0.27494619596061576	0.17381101641339844	0.045714664278775186	0.43533915213713187	0.6826317605708573	5.8791612199884025	0.27580980033585933	11.511938701586997	14.66532446683966
0.8723591080268968	0.35121739015600134	0.13427772140702	13.77116550199795	6.96504740859975	0.5786993837414113	0.27783848880442746	0.13739470696276232	0.05079271718065241	0.41456541562136884	0.5353966335141229	6.109158208853542	0.26583581983391147	11.510577027121863	14.633519674244834
0.8758226388763274	0.35373720162897143	0.13421302702081372	13.83991292172507	6.7648562307719216	0.5915880783864029	0.2640516664363855	0.10025545256868744	0.04644250820252843	0.4097272053025137	0.6092243966038868	5.932708173420402	0.2515839364737296	11.541695816845335	14.648693829603529
0.9522834764617888	0.34831353563306167	0.1316880139951077	13.791789961544781	6.739290934634263	0.5663272542920278	0.2985954573482761	0.08888894872875776	0.04681597071343285	0.42278687304379475	0.7464911384952402	6.035352330797563	0.2629138389170668	11.498553729710876	14.663915246238298
0.846858839495486	0.3489190096387924	0.12316759232513255	13.848370186722441	6.67208928492147	0.5613441312849758	0.32010650091110965	0.16379062106972378	0.04297941576356757	0.39621363190321945	0.8598494166232623	5.780246929366844	0.250467564974362	11.499407531448353	14.715567497268907
0.9184488574237917	0.35181610419064085	0.1172794413481615	13.83157725526217	6.588268770001809	0.7780734394921487	0.32394005933967623	0.11915812092965865	0.04182140777413108	0.3895876484493321	0.7349343488346809	6.245267115916935	0.2416717162078638	11.529199000368628	14.693085112969671
0.9519929314729791	0.3262007434955571	0.10698717000852821	13.838015424518439	6.522695645165237	0.5800683794989318	0.3609637884536491	0.1611197238420543	0.04521825713117525	0.3741460438867722	0.9348016255093218	5.640992154631144	0.27978762937167345	11.536638734728093	14.698673956620219
0.8562151504435171	0.3527247834723033	0.1062240779222188	13.80283936205043	6.896993515835208	0.5510333910835468	0.33103858029884764	0.12735847364005212	0.06485621612562922	0.37497502461056703	0.5625648260574857	6.296481296966115	0.25492537084029576	11.528760873306616	14.697089155258247
0.8485617003846107	0.361867052492375	0.09646683044470031	13.732589683192165	7.154456252487184	0.5781582704360935	0.29262045077279325	0.12056650998503463	0.06199542490267752	0.3835244859224533	0.4421882318331943	6.785265398304784	0.26343041915743926	11.506213974377474	14.634462962220802
0.8981800028630748	0.3515974564222631	0.09705670578841598	13.780659538952337	7.317493533789396	0.5783322319220238	0.28028483920928643	0.11343059882827068	0.04966585170031407	0.3702129118509412	0.597626411076086	6.935704538924168	0.22421765226928309	11.508387408071796	14.662938016500487
0.8038490384152338	0.3354536513943839	0.09536095140848991	13.811546350375826	7.2522972754756685	0.7200094543414792	0.35485450732047324	0.17224324119273984	0.04602031896363713	0.35885566234440386	0.4984915693192889	6.354782741550865	0.2157828894417279	11.483718325093514	14.666420549742185
0.9072109338990317	0.3595763922881881	0.0901084448262168	13.74681044418953	7.050099162251123	0.5659310729278608	0.339514429784137	0.0979384180703044	0.04253473914825689	0.33699766265636305	0.4359444047620241	6.5254885250571055	0.2272768593877394	11.519361374823182	14.635903772980315
0.7996180280315308	0.3704548284180318	0.08072896420281409	13.784274085022536	6.892871666685793	0.6865612716971249	0.31159132517130356	0.0752259192287168	0.05558554932302738	0.36670833770371025	0.6157376320777085	6.134506739177965	0.2012279481050142	11.52914494976165	14.723648944494075
0.8411365160082086	0.35786641292005283	0.06734933317713594	13.729854393078268	7.234198616359035	0.6445248076769295	0.36900807047760176	0.10759037392351094	0.059826421565339134	0.33865692690871885	0.8364655269649862	5.955893816874068	0.23457839860819438	11.542673016142729	14.665818081061975
0.9217494090680426	0.30769706953676673	0.05384900761506105	13.810272573688726	6.812808098935206	0.722078040644043	0.3282288332732913	0.12223670167013052	0.03787901530804577	0.32580950486480376	0.6292443867300516	5.921768330733166	0.2104488242226998	11.530175513868551	14.69386684964617
0.8792147475179785	0.35000735102118585	0.05111154564702675	13.772672668392888	6.815738072682147	0.6529494594848093	0.34897172015180306	0.09819786183905158	0.04349316657552555	0.3021108327864828	0.6208147908865806	6.836308659459121	0.20019177742274338	11.512905740675423	14.758745581361206
0.9045333375701301	0.34428687750040426	0.03833641118777428	13.789350009865172	6.942383639747248	0.6198548462240067	0.3190478856079481	0.13955410777747396	0.04224772853750812	0.2987782415814351	0.6840054606668691	6.721694619416279	0.20796021372713025	11.491513031857062	14.701905698044527
0.8928708472826415	0.38299838405026077	0.04408997316190133	13.800673484207465	7.021966486068702	0.6047186367880258	0.3655099416017274	0.13788014926552233	0.06386302290905281	0.29220214582446596	0.6955288200692209	6.446480086052078	0.24540772409336917	11.517888577647117	14.716987634787966
0.7816718747349306	0.3623653989723608	0.031333699971144546	13.762190547904916	6.944978479927122	0.6506094565570579	0.35364773666862137	0.1344602758665782	0.04113140784484062	0.26562504227114375	0.7603349197469058	5.995408768378114	0.23135053137340977	11.510661537790053	14.724167483324933
0.8679599565550274	0.3929979391422587	0.040472983562251166	13.806784127056531	6.965190838492346	0.7917465498914478	0.43413416455914416	0.13811297756135815	0.0487221891992118	0.2663020471067495	0.6868671776406059	6.408147154913268	0.1752930089265169	11.494382861085564	14.703993264697477
0.87718061136056	0.3722739197605243	0.026913432932674595	13.839296115108862	6.8679597802246635	0.78172051975667	0.3881052388919692	0.13103309323464837	0.044386778042414435	0.2388471416245863	0.6856932531990436	6.693878433935177	0.17936703974949988	11.510095206361195	14.808255909095445
0.802585806957848	0.3647172376976715	0.030095635311446937	13.7864157369921	7.045815568540762	0.7253263632716545	0.3671037785981666	0.10798552506847142	0.03363527786337593	0.23514784469110792	0.40245163489975627	6.812268054921664	0.17782877815734754	11.526362083938494	14.702794514215894
0.8096093027460226	0.38499414828405615	0.02894448704290021	13.78680006701546	6.786408595476001	0.6331511873449478	0.3363508675314576	0.13957056121327382	0.03984886793480148	0.23407225871796375	0.5287872894429562	6.595419610943539	0.23437425259227412	11.54190563844452	14.786559078613257
0.9454475598224068	0.4058850480833274	0.028655146561458716	13.797064327354763	6.558515356191195	0.7406816976486796	0.3643790259386054	0.1114883413660699	0.04151636344360928	0.21628092457130882	0.4211252886980556	6.222904501404313	0.16944157239617655	11.494126889958427	14.751725935445025
0.8702394112862099	0.37890924034852586	0.030029428599229784	13.795812400568465	6.823762901668625	0.750651776709097	0.44746297141533015	0.0766816194941326	0.04319894995460111	0.21578679455818192	0.5516688266009798	6.48523146544735	0.18818123447661841	11.536966311321182	14.747981493532134
0.9537929989356608	0.39369941926505414	0.020438619616257325	13.809422418847594	6.756215935935497	0.7041147385450917	0.360367431336384	0.16056122093400535	0.04211445359588424	0.19823325659461988	0.44576255829610284	6.466607176423039	0.16082755916645763	11.553216006104082	14.753640245127642
1.0031672221504617	0.42885606326823933	0.016680790900032254	13.827938359475688	6.71001721507317	0.7363792721058458	0.3748213193762836	0.11533775379497048	0.05714099340569497	0.20687775495909194	0.46082787400929726	5.951337283504326	0.13044380411280038	11.515840160010919	14.766451371848492
0.9794614560001581	0.4351998263361637	0.01874423188137153	13.811077754110318	6.5544085738018385	0.7266968419611409	0.38368576783619435	0.08426013718560979	0.03379033212419527	0.18877864557328863	0.6969491582709715	6.607900429609472	0.13728343745833782	11.533332909089824	14.733536759482432
0.8806029858485073	0.43351844450367394	0.019983962399064407	13.776369039567426	6.454874184781195	0.8459654605469794	0.38675235225137805	0.10466799561214302	0.0331429589023472	0.17614659809442593	0.6675431851831067	5.765397516829085	0.15348753304945253	11.556617684605481	14.756017483928082
0.9680473861694392	0.4240658864869876	0.02433838478986737	13.802619126126276	6.770563242789978	0.8711785163573966	0.37795060635406647	0.14953349899534196	0.040726346458606254	0.18201845444675663	0.5434935122685979	6.942435234933435	0.10362101613259185	11.507939047863308	14.800223518304108
0.9240046574980736	0.38390109935214667	0.015212719612338612	13.811062087027095	6.598337852341751	0.7609562183158506	0.40179257714145544	0.176177836974142	0.03636439690248753	0.19761738630525796	0.6270392460481027	6.768999389328862	0.11643720750929283	11.488849249416244	14.748529217162876
0.88287041776515	0.3807511919463574	0.01742901831952533	13.790009145763767	6.527068400499345	0.8729266763308011	0.4170897847766688	0.14189682079026125	0.04060314091391243	0.17626074395427385	0.6494434202260562	6.367052279470702	0.09672738989267474	11.512139252121438	14.721047905225678
0.9875172510746238	0.40767753456372424	0.017497611339572654	13.745086607903172	6.531489804633207	0.7257657046229079	0.3527450328215813	0.12266007108010457	0.03518246572600615	0.16604708311179792	0.5940928178925002	6.554638506033569	0.08263103496424604	11.508512723834775	14.718782296284402
0.9443188013928683	0.392246541144565	0.017153072631941085	13.74421771301399	6.478506757281137	0.7030254022268699	0.3323889185149176	0.14759282565020435	0.03805776182760858	0.17892356791461517	0.3802033045173015	7.016885894745177	0.08631449233319882	11.506769555540037	14.711425424411738
0.9374486752716551	0.3939061141599773	0.016780872310520722	13.786390524344286	6.630794549085173	0.5879123916099638	0.3053882591311811	0.11834252123784246	0.040047907216822866	0.16468586940228408	0.6731432952828637	6.607520877113179	0.09664262395595462	11.499119965816913	14.75425872241016
0.9255718779634268	0.3955890112748595	0.01640017323282829	13.823204360325827	6.450286299764435	0.6311712055696965	0.3728217970387975	0.11124199270291742	0.04029975440626728	0.16287731054446225	0.5153171218577577	6.671834704836315	0.07961195438936847	11.585241228971432	14.807230794987898
0.8744675486260031	0.42971267085487674	0.014170749591384636	13.80604757085263	6.559723126275905	0.7087052266637351	0.3319592517246851	0.08499895312470847	0.06449689811025343	0.1543299863752857	0.5759322038728246	7.069026204268435	0.12003875294423243	11.473577146913184	14.760517588215658
0.9994210312858368	0.40979231771182567	0.01713998908678536	13.792289648081775	6.605635189712444	0.7609730739862351	0.35945942196025127	0.17370013603451434	0.04167895548971897	0.14258600747089192	0.2688983655533517	7.257089116078899	0.10726874792622096	11.465648449687741	14.71901370238748
0.8727286143067103	0.4219815284421277	0.012796199915374205	13.804720714197181	6.643938678782712	0.7793288350642811	0.3858559051041226	0.10982379844356727	0.03711772730795929	0.14068059609066727	0.379390484636091	6.620185260336928	0.08124729117758622	11.490267726366788	14.78969458000376
0.8919440524378246	0.3829731595817038	0.010689198428549684	13.766891775210173	6.5521884648895465	0.8554131641397661	0.38581563141208186	0.1715870410450542	0.07048701726781455	0.1420107380898365	0.6531461534334979	6.4366558521078865	0.06855215690465516	11.519620696886925	14.750700241871847
0.9087639272536402	0.38539835523682375	0.016443605715688127	13.744030146633794	6.443065033597839	0.8915827012575465	0.389112103407141	0.1793689241424769	0.03819268197413078	0.14165926454114666	0.5895142148965478	6.890876012513456	0.08889708599832453	11.48114479926349	14.768248540440968
0.9261797716269442	0.3602475107593048	0.00928904732717875	13.848321554312733	6.600301098188023	0.829328643955891	0.39140696593154795	0.10534001688146886	0.05394751965872818	0.14408445450997723	0.7792086406334899	6.740915311223948	0.06181098211625615	11.529123829457465	14.774399785623237
0.9159520856944973	0.3855347316368037	0.013205695973894729	13.80527810944409	6.9212783833532425	0.7190542250812328	0.361268234599648	0.1750863861530144	0.03658743358446163	0.1345544907360495	0.4641529849345825	7.002342898759362	0.05981359378886913	11.520974863795715	14.767231874818945
0.9712114887582666	0.36282088825010367	0.016607029849129897	13.80846351873386	6.716519367294008	0.7855212649172413	0.4454318423883249	0.18695684489599723	0.029009811075062793	0.12654392906622636	0.6843073594857564	7.315463243075524	0.035270082276032455	11.490141673608928	14.79523733784576
0.9373842237331217	0.3905380733697119	0.016029212369453563	13.810996835790247	6.8318902733323075	0.778285952061927	0.41212098565006694	0.14039921739004418	0.03192031170559246	0.13242765735300382	0.47843947788855906	6.570405349006593	0.055156345172509794	11.50463446078027	14.856666859475046
0.8361891197726878	0.36422900701953737	0.010896738999197434	13.850792642283638	6.573804989622999	0.7111323816836189	0.4228554310788164	0.13393062711471446	0.02960972590969617	0.13006545430668	0.703642078264761	6.75860302765696	0.05482099572678342	11.568118067460501	14.816584217741383
0.8798729451068678	0.36984026242428775	0.014124476010333184	13.812921762846093	6.792053319904965	0.7859373985056904	0.41855111072105033	0.13818157630730968	0.03135287554246532	0.1244359396885459	0.49913664992959544	6.548394695648151	0.062053163978383126	11.499736371303046	14.76453873641676
0.9120519010799354	0.41744808933919214	0.01166565754394876	13.849898294327089	6.732742793068421	0.8934595181296575	0.4757313407331958	0.1162388919869496	0.03919479234917699	0.12393192977241539	0.680207363734141	6.56268122728206	0.04998420934031171	11.498454586334127	14.846392766622484
0.86591015746905	0.40030679381261297	0.010664431472835854	13.841890147661042	6.627736162496405	0.7105237841496842	0.3567552892705178	0.13403381896969926	0.036420942863059226	0.12735087552775365	0.714820795166778	7.211985324923693	0.05943657090673706	11.491753570578767	14.83995295826787
0.8674710063079775	0.3700734822013278	0.015867862756246413	13.846192054952635	6.948389837264549	0.926954923691316	0.4648819065390742	0.12190646958773742	0.046284024741190095	0.11546947835598599	0.5666482182005712	6.936093532100379	0.059495200247784416	11.471866000795492	14.799945490542445
0.8390465011737955	0.3921349822681676	0.010046420319931613	13.804715444571361	7.198617734797964	0.8143060038584001	0.4169208960967138	0.14846236659887121	0.036511549515201164	0.10702501844416065	0.3698154278933105	7.441488753114161	0.06813401211921648	11.482285554453117	14.781863525399666
0.9312057255291675	0.4110781691640149	0.014491470561021298	13.846219939999362	6.708275465452406	0.8498629948319214	0.39866130739289346	0.10032609861119066	0.036162916971565616	0.10865150406744777	0.5385315812055219	6.4314832732485145	0.05022813922615048	11.489527671798028	14.844316297158496
0.864986268501077	0.37856594405504673	0.011101210931100246	13.845548390793253	6.810806354521756	0.6538614688637977	0.38927380085488006	0.11876917218715344	0.03235488197581545	0.11117762961405361	0.5690254497372038	6.832636081833165	0.044129730725004764	11.481931533058756	14.879669486189988
0.9626457640724719	0.40058964815157344	0.012185147024455353	13.857139780962221	6.575724997164055	0.76298796322275	0.3938768523688768	0.12830908608471922	0.029458474376353832	0.11052509047859368	0.4638206921143614	7.10461602715878	0.050141021771019284	11.495162026002843	14.793961344706599
0.8456382106544528	0.37964488387122686	0.013118347345320065	13.838167132778763	6.443686069552593	0.6916963932560004	0.4414108932347505	0.18689285916118867	0.030208176176531418	0.10830081057118601	0.5649116137956903	7.119979306053619	0.06207239754698347	11.474781191784784	14.825631287896226
0.8638674102419931	0.36563766086955146	0.009763834244670994	13.757751900328103	6.523286640031912	0.7003484913386482	0.4597442307586353	0.11759006112819922	0.02991525073236258	0.10586053330955228	0.641479637838419	6.898392225516256	0.05601419121194154	11.497293537785854	14.759968991844952
0.9153020115619553	0.38515850126935613	0.011028656247712843	13.847473581937336	6.478556470983427	0.8433456940733706	0.43299071738018735	0.19353999987157514	0.028001141625678558	0.10402159025948678	0.22813853024169112	7.027469955822852	0.04247910232132776	11.535724661263066	14.80565880369779
0.9507857375692728	0.40428313506651675	0.013947960521400042	13.818115839804635	6.547538560151972	0.9460887966806393	0.5261265001014634	0.13730226494119502	0.027992654006707703	0.10606541235328841	0.4729958837314095	7.285805044123296	0.04217925505816587	11.521476351393895	14.800337736682668
1.0356241993773767	0.4186563689651576	0.012577822608661918	13.778611757539057	6.732775400571947	0.9013358437386559	0.4357470816695963	0.12041907814101602	0.044025575843100365	0.1112268187461478	0.45154985340295256	6.765569295560721	0.07293922683331815	11.519490438121837	14.749976928249943
0.9365639842983	0.37050872877475716	0.0075273808350841	13.800652669986405	6.294026752024996	0.6856092082311727	0.4616789112378975	0.11850857096956424	0.03371614017843727	0.10427228593221839	0.624186867719395	6.654372957058589	0.06423108256186723	11.49418694194098	14.858175031901524
1.0442909253753867	0.4422751382668577	0.01728000165767991	13.783785115546054	6.97433214483093	0.9587808584443243	0.5176669714207307	0.10876298446935832	0.033582302570165534	0.10174447588042677	0.531457274141908	7.157557743633201	0.04214342900506635	11.479776485244983	14.870648746081518
0.977149504232397	0.4034873554185185	0.013561413297859863	13.77270948088967	6.928671964889462	0.7920629326273118	0.4175518802131667	0.18437498487731088	0.029984693826442133	0.09056650149814602	0.5744161915972603	7.037422636987151	0.06492892091885669	11.530879808799941	14.789442815643525
0.8609695432342467	0.3879319704676296	0.008277266072984834	13.765500055673172	6.786453491627473	0.8354885174385407	0.523773257236975	0.1509553820577748	0.04035391480044129	0.09913616398634584	0.6396330255421268	7.17390534488106	0.06922632947162485	11.493086475024901	14.802209625264304
0.8901103757246203	0.3962959537260167	0.010854291894784866	13.774283718919872	6.8814765507416205	0.7573358224480329	0.4804243077412568	0.16107945541117727	0.032403058165543744	0.09264007232405429	0.7165916943521792	6.74188252486209	0.059270650643385304	11.4927131507027	14.779479230058708
0.9735039076717965	0.4417529759025444	0.01335700181171663	13.810743121218428	7.065653403686119	0.9337332476925724	0.5016704826975907	0.12277402505145601	0.04387835219146885	0.10416318056520621	0.376550506810278	7.025555547589922	0.06689108298609764	11.514899581080991	14.894512190950767
0.9288462815878347	0.4023992740681546	0.01636350285455026	13.819113670522777	6.78167069036281	0.760395337898165	0.5714805569058051	0.14104015863048602	0.03671812103965	0.09874007219589892	0.6002498758863877	7.260357553749452	0.06193802619896604	11.48516826964268	14.902997217720092
0.9267172336272284	0.43308382118506067	0.010945491196361531	13.838011302457542	6.9288764638771285	0.7728992733987627	0.4983093670906439	0.13196006333049332	0.03712818839292123	0.09895181363081483	0.41472249042774256	7.4970431882052395	0.046927457808072726	11.492838176237036	14.914689070143043
0.9081410968327686	0.4069524289137351	0.014967961235944235	13.745938390512336	6.672325229468907	0.7117970782695612	0.4009562757766492	0.15604590937310117	0.027364768478709934	0.10135359518029864	0.31373012671311357	7.532267038194693	0.06795838027436693	11.511301460033582	14.831687389893649
1.0121782003213775	0.4944376033270918	0.012650105118497682	13.729312404865805	7.029668643060224	0.7692908217952715	0.43778349283360046	0.1532234620177383	0.03716761777396299	0.09421590723209972	0.33804042591945616	7.374708385667704	0.06005796132764184	11.525305660620484	14.765015800879564
1.0874298411166625	0.4576702495867045	0.011123593240209794	13.738861940014454	6.797526843813016	0.7082743071128618	0.4627852423345648	0.12023323857670441	0.05040779394512162	0.09340896870630182	0.1806445735051804	7.508370490340782	0.10817074076915188	11.501672132814962	14.760974289416328
0.9416233097182103	0.4207081537705702	0.014561499864948856	13.74046398323298	7.019717129759243	0.9126090560448115	0.49129514151024556	0.13935469962934377	0.025166503225986545	0.08754295651044341	0.36604781639820455	7.5807575829843925	0.06926051993134524	11.546615141642489	14.744294911737516
0.9496491889199941	0.4499882348391773	0.010736493390233083	13.790746148233863	6.842066654625406	1.0219874171792307	0.5466565178126209	0.13967005456685339	0.023640309510499852	0.09812723797131372	0.5788433622207858	7.280673433182642	0.060051195118861825	11.504270640150517	14.805554862232004
0.9202819412292257	0.44342445706815986	0.016675786496369086	13.741964268254215	6.978544240630313	0.9728552939800836	0.5236874779930853	0.132756924812935	0.031468128023362754	0.09639797077922357	0.3225491509472901	7.308691355925593	0.054215626159443975	11.529303129567396	14.792418003396115
1.005194875145027	0.4346279755389387	0.02231482702770604	13.776297126044932	7.355816104651223	0.8905070624129112	0.46600710998635114	0.17435746250780315	0.02495969067047162	0.09728219592909206	0.23673688148941316	7.6024244851477025	0.07284206964978657	11.526154266456212	14.840525363125362
1.0168821840172964	0.43396926416700815	0.02348291621573867	13.78369643431758	6.771893303072501	0.8954623526067855	0.5133238661488743	0.16383802985146137	0.022441925680496994	0.08729473665264104	0.33442284256480603	7.601181791061375	0.060093892136341136	11.502733579949641	14.831047190039193
0.94535111921309	0.4256827085724535	0.0179204840568688	13.752125276839557	6.857431457993008	0.9066699423469321	0.42663999706118017	0.16173395481317082	0.023701542626354023	0.08700252624572603	0.21232849119279126	7.203070509679092	0.06648717193342207	11.526353289880474	14.866137434648822
0.9682102676513654	0.43538520792785096	0.016669804346643488	13.786204753176138	6.742944485567954	0.7996360606299296	0.4921403760524825	0.10220502919578843	0.03964487339229957	0.08765158302942348	0.5648658241618483	7.426583811190513	0.06451829936018308	11.49479472977199	14.883412423541225
0.9447887672825749	0.3963195110661432	0.014835038323708414	13.898700832296765	6.528462317205906	0.8874969156401272	0.4387765451893296	0.17415335606513524	0.019105026905110418	0.0883818632770572	0.4365298357240065	7.263468134694902	0.037937075606643174	11.505990558654682	14.998378744212316
1.0884306102618921	0.424473033489768	0.017139268504712382	13.784217298862938	6.388644727688183	0.7621563915274351	0.34244546004690596	0.1626039827031481	0.028122268790259017	0.08578507068550943	0.3436390853078445	6.993440505438498	0.05077370252535982	11.505838754612254	14.896068235954917
1.110402131753376	0.43414728392124835	0.013361220332286797	13.764082245189488	6.551165660123976	0.9414190404776994	0.5095910779960233	0.14205083402061738	0.0219281345512473	0.08650344325306816	0.4202792618556748	7.225380433473777	0.08919905180234147	11.50866328075684	14.79804457471133
1.1151851030141342	0.43029944000951853	0.011995595097999879	13.806002669435617	6.702310596415851	0.7817809415874478	0.4772988541969596	0.07508842656274536	0.04535616908883905	0.08354666212507388	0.4537476612339708	7.176407321902123	0.08042898767556628	11.53900673671141	14.908845453492988
1.0450639049671295	0.39747468130035807	0.013326658151117932	13.837408523248547	6.264265140403817	0.8110684555675721	0.42067735615922053	0.100152331451799	0.023125669242872484	0.0862411135139043	0.3869828227016482	6.789560270787413	0.05775655001675432	11.51828781011753	14.939464736137301
1.0724673847193096	0.45393290412018683	0.020796288309408786	13.78601992119849	6.991344061363836	0.8406886662130635	0.4798211318461263	0.11331691117415042	0.02913834248505105	0.0903537790219091	0.36652113924038693	7.32147362667777	0.09076990243020501	11.529661076813445	14.831863110969582
1.0531963237258433	0.4280832466942297	0.016304709084361303	13.808653416302233	6.395955836812366	0.7272795364708426	0.4074552085272775	0.1590362580230714	0.02168764723381853	0.08832743296611385	0.1634773371125011	7.491536268446742	0.04552234385028672	11.541754894374447	14.882723268928126
1.0252074478503268	0.4490914342869075	0.01392933663802654	13.813917049111192	6.689545137180219	0.796427917530733	0.44661696264950995	0.1531754828778343	0.02448510112917857	0.08552937205772777	0.20362392877334168	7.33049804065885	0.06061375495342026	11.524288413497066	14.868886503612728
1.0906800030636903	0.4181705569991088	0.01839967120073697	13.782144966657091	6.667634733811947	0.8285018563185619	0.37787459123701433	0.15344186506917049	0.020772147564736842	0.087717916846779	0.2815821413153974	7.163209288976647	0.08761294077235653	11.521183737191112	14.858641304937393
1.0002549670060203	0.43584930614559686	0.011168138909611484	13.762315589859554	6.39007493820012	0.8529393496530074	0.4568820813079887	0.11583632319665722	0.02748099763501255	0.08891066856921921	0.534927729820836	7.102101143917497	0.05522385364358048	11.543021001909104	14.834769672154252
