mass_1	mass_2	phase	time	distance	a_1	a_2	tilt_1	tilt_2	phi_12	phi_jl	theta_jn	psi	ra	dec
1.9005280884910263	6.338060694220195	0.47765711805016997	14.215859416638812	1.3627159565405038	0.7242680607042495	0.5709799130344129	0.2521517889960252	0.18329713847747828	0.46817965161399006	0.9913449342088922	3.19431054576022	0.5061107542786458	11.15436377096584	14.48992678363409
1.964869728143941	6.303350412413801	0.4738376284719154	14.184507163702905	1.3441609472780387	0.6951512141693557	0.5222125473928202	0.2548254704142686	0.16891032120625366	0.4638192480486248	1.0171838687027093	3.1453333714107945	0.5187329070383607	10.577450469142198	14.490742077877359
1.9667797958399293	6.265693773937856	0.47594721634804205	14.041879073542054	1.2993301967004214	0.6600769322359477	0.5495750890176246	0.3048018199450858	0.1613676315641209	0.46389597491329715	1.0383846299231205	3.0903356181675794	0.5201007533509706	10.235135784592838	14.419915028560863
1.9394330923393464	6.2224778112510775	0.46694202313944755	13.952620115348138	1.238661883760862	0.6655684992355937	0.5474550853439706	0.3389223848651707	0.14116113819646267	0.4863059575617147	1.0322657055104563	3.032117428888169	0.5193741375984111	10.298645202376095	14.387437317863798
2.047773056776027	5.718213816691275	0.4639216740955813	13.902727477714317	1.2936806483216752	0.6686332953407691	0.5469462398427323	0.2931399804138903	0.18916339300613683	0.4740629636360331	1.042767120416389	2.980735263029439	0.5364749019484947	10.044859812686001	14.355256497404488
1.976751143679557	5.923636695784013	0.466972687149503	13.826091603614708	1.3198478799786677	0.6623883594636608	0.5536168543595196	0.32362592461184825	0.16125559282498975	0.4650688713277043	1.0105963597785117	3.0130298352693834	0.5317210758607621	10.236683727207573	14.294646701612784
1.9396299542831397	5.775239821123056	0.4728853414264009	13.755069176022623	1.3287121277972178	0.6812221997750053	0.5304950161574914	0.37538104541431977	0.16987031276058318	0.4675067222236451	1.0161711135800753	3.071948853588335	0.5608229844356395	9.709733903486542	14.180869350203453
1.9230102199987222	5.725008538903058	0.4719357376251139	13.715773855631069	1.2370095802555052	0.7083055935279347	0.5611126114356474	0.45197961533581926	0.20926990758911854	0.4664253214385712	0.9782800037312612	3.22348237221916	0.5434678190883175	10.115923530852129	14.120754651698768
1.9328779315691587	5.4547834164453715	0.4683533245375494	13.65135016751851	1.201150050577593	0.6829054369093683	0.5696721092057822	0.42574034809636657	0.17916396751937874	0.4726764471549177	0.9751593834905588	3.3200443307657626	0.5470942840725774	10.38108178791336	14.065083257758094
1.9315795983527733	5.381015305448152	0.4665683264199714	13.600498106047196	1.0850462648746468	0.6602011966039008	0.5734802063665265	0.5134255170468279	0.23639521713153813	0.4658486995475916	0.9446909158940469	3.4476369159215756	0.5617479484592557	9.833703295542536	14.09800375760181
1.9225730992149779	5.052616595504077	0.48077362549169356	13.583606965310006	0.9680972907070824	0.6690287543230083	0.5788507361882627	0.49322264429298057	0.23634232470973893	0.47383078556091796	0.9551250574410677	3.4796819641251115	0.5471396702239573	10.027314642825132	14.008871616053533
1.9241267904940256	5.308588929952558	0.4569828703281544	13.557837810588216	0.9448401188957702	0.6562209151678774	0.5688504559095462	0.5022403067601965	0.22641164778362605	0.47745373603107305	0.9094659239545768	3.5359314934036545	0.5467897447473903	10.022844195590066	14.014191157713451
1.86536939113428	5.385805006957056	0.4704989998660106	13.526818442875344	0.8299215282506962	0.5988897249623294	0.5368053234382538	0.4328007179296509	0.26770386282216374	0.4513977060941993	0.9006040983114547	3.554355470212183	0.535995331970289	9.939534280781617	13.973720193625471
1.8436765761852192	5.505560558864315	0.46593929284147545	13.542693437186497	0.8011992200570457	0.5956985365088336	0.5686489150928852	0.5954377243765837	0.2595234122675699	0.4775055032192205	0.9185457096071356	3.5490444265221077	0.5329055687957934	10.149299873203377	13.994616887061321
1.8779811620198303	5.281556950490318	0.4664527639912156	13.546148824394939	0.8055455268482347	0.5777368493200904	0.5559902885936229	0.4967511621602867	0.22110499914272258	0.4629577555414517	1.0113508686102313	3.572267527594525	0.5516330592990231	10.166120982320686	13.967257994528156
1.9332732323471176	5.541308019295606	0.46303305081907553	13.565551837882035	0.7969956815702598	0.5511491840687631	0.5635997221196226	0.5605020764776125	0.2604352959757007	0.4694496039263838	0.8679452564968482	3.5824169865035116	0.541868233515846	10.095812774467236	13.971632484121454
1.9800678628145132	5.4809453223845965	0.4343863596017492	13.513759800842374	0.6920784596877223	0.4695151857654781	0.5298779471885952	0.45005993215661594	0.2442534368513453	0.4546694529955244	0.8126369166682229	3.5652475367087426	0.5454637319573699	10.215796212731883	13.851535020544238
1.9373609215749787	5.41667567464393	0.4604542884953055	13.543447625105081	0.6990897577148438	0.45281038640260124	0.4724720390847545	0.4608342604883436	0.28992416630300855	0.46690878198860913	0.9115916299964439	3.550941494025172	0.5386540345042022	10.088833246386637	13.905578796048893
1.8549129932946935	5.379048974840659	0.45761484084333826	13.500219565305072	0.6267677126070708	0.45399301835594424	0.4838447400926576	0.5365466050217312	0.2583555533369977	0.46475190839786384	0.8439815966701719	3.5315146571409457	0.5339375833773761	10.16776478825645	13.915217945167054
1.9142927843747974	5.456798437695689	0.4595628897809941	13.530813239515625	0.6003004951527802	0.44915634335610216	0.4772408361483812	0.544594606767892	0.23476395603363662	0.45775330777237955	0.7583620114301951	3.5128581438890403	0.528325982175185	10.259830057364061	13.979843093233425
1.921080727920928	5.50911544591916	0.4684727368346501	13.496448984659533	0.5869508489232853	0.4400576594790003	0.4496283423087973	0.5188367171269428	0.2522156044075608	0.45920974043180424	0.8227508545468188	3.5275866728508616	0.5217103190185455	10.201421579011502	13.891438301768083
1.917719105302312	5.443978657137618	0.4715585305659846	13.452939360304063	0.6504610982886738	0.47077485095901994	0.3996341998682097	0.4943128632749921	0.2254667767832055	0.4553442853784387	0.7708340689297802	3.5359732653145755	0.5454953891938618	10.071498399674446	13.904561598895544
1.9464824426823586	5.509976120456382	0.4441416914024105	13.484424913458886	0.6043814672647373	0.4417932668988792	0.3951536473157543	0.4533732011122579	0.21141444507377763	0.455216738175867	0.7821136643342383	3.5253483197610658	0.5596771582475486	10.047083569662112	13.839077484289044
1.8816001537360594	5.499257697609491	0.4591268395537699	13.489774657432443	0.5607282391604625	0.4269756499057919	0.3622556566558115	0.5001706357299859	0.23558606174799357	0.4490585845538972	0.8055385372770165	3.5014699155339644	0.515571024535073	10.12238378403223	13.869043433074308
1.8391608779055466	5.748345248853284	0.47094860162079133	13.487366633916057	0.5324288518669023	0.44602226390413147	0.3467856279897275	0.4715619041277928	0.21504455697452157	0.45946166032691144	0.6914607579902492	3.5323108654216955	0.5398471526826312	10.116057911571195	13.935959852345139
1.8869524162063998	5.321034584536248	0.4690928330498499	13.44904935064811	0.5671121126217741	0.4187405907874223	0.3198873360620755	0.5397901579097166	0.2297055630071017	0.4366185650787467	0.6685176223191183	3.4920997307701263	0.5624147794985916	10.006187806765467	13.868132001694159
1.84459301069941	5.5845036517999604	0.4649019522100539	13.471406498010309	0.559886876042204	0.38934113952461463	0.3410320706798438	0.5207604607073447	0.25636330774080024	0.44820651957913443	0.6793889842122072	3.532004843749979	0.6009002724848224	10.499327780156055	13.90560715214968
1.8321928111993773	5.506729471635281	0.4739296467525478	13.452626042281553	0.6221269646899874	0.36853125377842505	0.2939504076911744	0.5357075702699045	0.23797189134506444	0.4559416517476243	0.73588006744597	3.521537055941409	0.569958569316101	10.372165394792399	13.769551779858435
1.8577651728020736	5.735228094713715	0.4451026288427499	13.486800701977257	0.5616375496675927	0.4110793201144965	0.2918425358094449	0.4509524332362559	0.18872585437940811	0.4547066650393295	0.7713680397511251	3.5405030796502053	0.5810618117740308	10.260178018819964	13.86379959124687
1.8820824648556032	5.757231435630571	0.44975593811287096	13.524248060914147	0.6177114166313666	0.43653114882526234	0.29676080329774207	0.48433976107729804	0.22091914871871854	0.4553279203782329	0.6953780563069296	3.5245665797233925	0.5855989165913975	10.222990713442243	13.83089255594457
1.8484923354595497	5.57224057237938	0.45183608183897855	13.472980918144719	0.6554354417470845	0.4326938162697472	0.2906198061769182	0.5303897983943426	0.21501721705781798	0.45298748899137553	0.5587671570992715	3.5279578036148997	0.6026862881696935	10.099894054033538	13.858618742753391
2.0202548128664946	5.779279914357404	0.4436035871439338	13.451587980486444	0.5412789574517617	0.41404983414463303	0.2550470732131759	0.5026470612374662	0.20791683866180252	0.4501857941498501	0.608317599592962	3.5116618751871456	0.6146669898879431	10.186758817947155	13.825144233144869
1.8456848564334618	5.693970956641947	0.4421879555332944	13.527734632339046	0.653508311258574	0.41536915007076664	0.2760372901061557	0.5149446595547698	0.22930799791301618	0.46615716460971174	0.5749269505858874	3.5572884360761408	0.6022284964147985	10.739815733486981	13.817068744729267
1.9117109436430304	5.46459637623541	0.4437370115453274	13.483386257196956	0.5841247260524883	0.4294036325874341	0.25735166836712936	0.45760024302100794	0.2403964048561578	0.4449481482452662	0.5314676150284113	3.5317051357004323	0.6013189001058009	10.24736708681326	13.795036643055994
1.8867461032677626	5.774065240080417	0.4448345274537561	13.476394770150058	0.5569514895019267	0.4022152358520884	0.26675788673967704	0.4833436120289092	0.2391282876237184	0.4555922049618117	0.48829277762509626	3.534540041430069	0.5849191866378447	10.314158798046888	13.877998238739668
2.036008464376456	5.362704426248602	0.441812680116744	13.476011662482627	0.619659217669174	0.3945982963890402	0.24747241177303603	0.42615198173258695	0.21644798220312197	0.4401358777346917	0.4961353507561861	3.550399482993784	0.5947586922634059	10.538860719437627	13.747197994290465
1.9386475552140556	5.6974983482495	0.426024786815383	13.49727310735596	0.559999837896065	0.3381696061397809	0.2427834282903998	0.45376466868806714	0.22639563067555474	0.44852884447660457	0.4727446063091566	3.483186166385831	0.5697069115693761	10.273864963672779	13.839653681814765
1.9705109865801544	5.720731977437028	0.4443091686757452	13.48131576854919	0.6255979148594868	0.39650414877586077	0.23598868386831973	0.40389345857393877	0.22844865061919167	0.4502149868966361	0.43931776675612405	3.5231864459578137	0.53427309355009	10.469548637289106	13.812039054485247
2.151911083990526	5.89511850135428	0.43346845854070115	13.507806144546201	0.5293165116208489	0.42946144892952115	0.24626313521588203	0.42753805268890277	0.19181039896899996	0.43065973338967717	0.40738655246089345	3.520936643746429	0.5252516841478517	10.208910778666842	13.886039752506218
1.9974686790375138	5.923157682366282	0.43647289432225567	13.511401797412633	0.5377685954671104	0.38425418267308664	0.24020526144338109	0.41043195046109854	0.19178976073767814	0.4584536142483851	0.3939049266711629	3.505802460911054	0.5093509490455261	10.314446556026013	13.900866132582866
1.9848923940660437	5.834295195962587	0.4521031244710735	13.547276652652487	0.6112342396572025	0.3370745276128848	0.24846404584589502	0.43731224350279907	0.1966000311605651	0.4480679473712963	0.3676844264726924	3.5032796640307713	0.4933644230443854	10.40623028777895	13.86155191576584
1.9257770682844402	6.270123883235244	0.4502278543720607	13.537531351511978	0.542171021101253	0.36583196923821154	0.2273138452528379	0.43257081308593914	0.18116388294706065	0.4388839020784668	0.3305197996221477	3.491039550084788	0.5019689561599612	10.336703440122413	13.905491815937882
1.910096105312605	5.69856302359896	0.44672774006719845	13.490026831569965	0.6042534209724428	0.38648001208954225	0.2406058071984821	0.6038956450229458	0.2433023880087812	0.4463024096576932	0.3055875258984572	3.476318042033805	0.487038695787737	10.493491212800018	13.764965238926004
1.8715797494689157	5.9061079109691805	0.4294222786240694	13.484210611263629	0.5589159820006981	0.36549727877142857	0.23448698022103837	0.509427298004324	0.2584061374432357	0.43491328570062937	0.3252494313861135	3.4586553554105373	0.4670427162053204	10.407260348916799	13.89188979149072
1.890700474192102	5.899660946005675	0.4435724299113351	13.476993552446313	0.5705983844271848	0.40062832150083644	0.2411362866692968	0.4342702042097179	0.27710245934924216	0.4323978100434254	0.2939422252835663	3.4987957205560223	0.4965480785933895	10.456912245801806	13.856143107798907
1.9181975925872836	5.721840273300237	0.4575844642129618	13.516950143693023	0.4860569885004367	0.3360902616695242	0.22151959766698323	0.3653396090287955	0.24573466761786025	0.4396745213473673	0.3252345443690639	3.453171234992097	0.46348362898856077	10.447914060461752	13.923659276073794
1.9574327496729635	5.950686136849445	0.44172457618409305	13.515935217683198	0.6335542248337812	0.3686941905365588	0.2243513441988752	0.3948441336547332	0.23039493430645885	0.4330870087188823	0.34681687009167544	3.4760085312226714	0.48089053991076885	10.576192176849931	13.961629522109535
2.042405959086836	5.765578772130299	0.44582495935420635	13.533913189532836	0.5613576063782807	0.3617949386042181	0.231881059947459	0.394783087247965	0.22257750881262267	0.424602038762362	0.3968994951509325	3.4575735071878744	0.45469614372182965	10.484300555905119	13.842673754353234
1.9533480523874733	5.586773507408468	0.44064717116501895	13.532775275245164	0.6969672897222805	0.3197573782800669	0.22597895781636287	0.4886462162379298	0.22858133538081385	0.4348720837668906	0.4343714582338547	3.4952675813219005	0.4614707400758456	10.584668936289193	13.942253074859893
2.0473984212052363	5.719497162379151	0.4509785377050549	13.481231449841829	0.7014692164230406	0.308654194905864	0.2128372837369	0.42250853191688276	0.22182971019467002	0.4282386670584296	0.29472170406877873	3.5689455095287155	0.468747669578677	10.285654093815072	13.861566573601571
2.005948829688372	6.0008628831973985	0.430156344495229	13.494384230677587	0.6289100681870671	0.34045413353778464	0.20987568255793498	0.36333501495295917	0.22950634650699303	0.41498611308345607	0.3877820592027506	3.4886473433757548	0.46595308274442965	10.473278496681028	13.924280482083438
2.066598557887057	5.650233335856299	0.4313596089281275	13.499731105641063	0.6426452408840124	0.3475739684097443	0.21115509116797135	0.4621048893348145	0.27338247430380413	0.4334958449272579	0.3179398791214414	3.478653438137705	0.4765908613754055	10.51477593777651	13.900836441625453
2.004557658755091	5.787762781344373	0.44468624527330675	13.513496232115205	0.5791841004661401	0.3814828467478952	0.21635309594598837	0.42622808227204884	0.24908111308627567	0.4271939829258635	0.3108169242840952	3.4599698558702263	0.4529699492261387	10.74727868248247	13.968026972298388
2.0513378637373316	5.713320389582354	0.43273655408762196	13.579764760742663	0.5420516673185255	0.33377446501667674	0.20252119791869191	0.4371134438237037	0.25396539017692343	0.42472055358576233	0.20772528038048454	3.47815514853849	0.4364774468951671	10.726544538253282	13.89200629957374
1.9150230073650687	6.0451763526384354	0.42376963053145367	13.519882771772178	0.54387925250074	0.35916548761368394	0.20423918078608205	0.40430342061473296	0.24481826887904254	0.43004295606487736	0.29174002102902374	3.4743837618216733	0.45454323997561036	10.55567586569871	13.80592543962196
1.992798651029173	6.1156661918955395	0.4284951465472439	13.546341807045803	0.5844263400606486	0.35712738642024583	0.20042057079892478	0.38793712077254944	0.23829174509388337	0.4137298410079887	0.257599979648915	3.4896963036796538	0.4323132045754016	10.586288775500813	13.938550819323144
2.0293571869970535	6.032152508659695	0.44186229558261825	13.506927162721823	0.6169590889501748	0.39974478592765106	0.21044309097288155	0.3869810835550767	0.2332871211571336	0.42150184477173325	0.2549754886087271	3.441287751655425	0.45092641241463266	10.583592508674055	13.879181161416772
2.0326674852926154	5.932256014207967	0.4202040928052597	13.510804846772286	0.5709653593989413	0.4581186822409784	0.2226791134152353	0.38348391320669567	0.22123508465321992	0.43478527441394854	0.26164364184011685	3.493420181588124	0.4333483245260182	10.59155262176956	13.918036443107267
2.066949165523058	5.9762580985165235	0.432132837059847	13.535061629573834	0.6150451469186803	0.339301612939899	0.20792365256179843	0.4177501302095052	0.20315496948882372	0.42696782186661353	0.18371056594015672	3.5502843868595044	0.4403097820524478	10.699836372046667	13.932639541414032
2.031423141983106	6.09890136606112	0.4212740600157073	13.545785702328997	0.6894527343710166	0.28794042346945176	0.1961646163662374	0.3902202606843624	0.22741247253202307	0.4232729212798972	0.29818297320328074	3.5260098795379995	0.45398094369901987	10.472237464079429	14.022540119680848
2.0679878844318718	6.154482965713065	0.4203449368626962	13.514266992573443	0.6819512927437348	0.2853370276716439	0.18418520676754166	0.4264063883035315	0.19979497404239252	0.43526491969970055	0.3072406477914433	3.5330468897702034	0.41605595143761803	10.668495677504971	13.9838952961028
2.1313796491575787	5.984887875559565	0.4334778710817308	13.582274474155277	0.616605424793426	0.32839580199325774	0.18978108343402206	0.38809269511206207	0.21623997307516116	0.4283823767624411	0.25575562907827787	3.510293543381245	0.41971433350186493	10.733922009118487	14.021349855925944
2.0231880142942513	5.862428719426889	0.428833413556759	13.595177740158222	0.7458287504607377	0.3507254171518726	0.1986646804792838	0.44485511653125115	0.22919115477322557	0.4182336200630751	0.2507597052861766	3.460409589278488	0.42469615995602655	10.691490912254588	13.966229094916288
2.1471044100465106	5.9672869779868485	0.40255784287065693	13.544028435972196	0.5996546149820708	0.311289723202627	0.19861779758626733	0.39709182232207096	0.22480211082237184	0.40659810701896265	0.31609129889697263	3.55394691640302	0.43809303937982363	10.734251613077769	13.9925926405904
2.0225817255645047	5.911647106691702	0.3952322363320108	13.566399594739037	0.6403281156986258	0.30431838620577745	0.22171645153523065	0.41737298913514803	0.25037105691518924	0.4274032725905602	0.2740485772022954	3.540573709149292	0.4445073257089666	10.628055326141618	13.944020636258276
2.036034797753419	5.956206276983208	0.4021431355828152	13.562543902823341	0.6148533595497675	0.30027232572893725	0.19537466687841124	0.43110607945503615	0.24487718447923526	0.411082660222533	0.21076888271851651	3.5116639876909046	0.43580663726542196	10.766350979505404	13.971762973970916
2.1529756990135764	5.971010436806786	0.3748628612045144	13.569357593939806	0.618474293673035	0.30868470183430624	0.2051835196026588	0.40974853329556	0.22180098891836528	0.41409289705917474	0.32346822493468896	3.4319625521274553	0.4180711137493264	10.661548690736012	13.95128774779712
2.2547498427201647	5.686242594246278	0.3775890273218241	13.566823612439372	0.6020007391018924	0.29776508108318395	0.21333969623317603	0.34886422794305133	0.21554275168069315	0.4106448610419228	0.291863005194227	3.528193539153647	0.41955896675959503	10.498231049597697	14.024023870987898
2.1418968113916517	5.335167853179813	0.3684672725329255	13.535638315566722	0.630250803328104	0.35913504295225906	0.2364566588050612	0.4353943139173206	0.2456372006721292	0.4176140141608246	0.19186723375126968	3.474504398734218	0.4156780962477571	10.518672874860128	13.927845541432115
2.0858095493930193	5.452840099501391	0.3544148216054855	13.555922709789327	0.6748553951375994	0.34852938977140885	0.20522332006444502	0.4482394989997723	0.2666452657975857	0.42560950557176397	0.29141234069059047	3.4650459064531036	0.39790020721931835	10.562530995311192	14.019118888462996
2.1054183076540713	5.611945612700361	0.35762513301691834	13.554260498401582	0.6444248942082936	0.3295753292326547	0.22165306219494466	0.3863690125085688	0.23783557222047166	0.41586619634805794	0.3077316923277417	3.538302797279744	0.42225443101312765	10.660632660097477	14.014180255369828
2.13804951647814	5.37020310690486	0.3438059374326597	13.571514060920977	0.6275372458082998	0.3259065544350133	0.21031840241816624	0.5129253318748163	0.25328430459008316	0.40061428160688306	0.2853048836942381	3.4853174365565924	0.4109775355277674	10.601540011086602	14.011771685535638
2.1896003179094357	5.385747007946806	0.31441170094107407	13.614592592143214	0.6724882678947545	0.32335526348269605	0.19260980436404604	0.3948949506430622	0.2359540810892235	0.39171265596566746	0.2674855317408109	3.455616357579942	0.4211935262299879	10.775552231844534	14.008828252575487
2.1418433875862495	5.495696851544509	0.30854788091520624	13.61220898546071	0.5336515643470875	0.3836680303641098	0.20216297467490724	0.45904646013524797	0.24403281484013453	0.4109861653284185	0.23118530020198125	3.5616687666361186	0.4222536481582049	10.8257849766656	13.988099772242046
2.183641194896088	5.6968693131286585	0.3160807689827511	13.585095170349188	0.569363001879233	0.43633209273097917	0.21327952574308373	0.3980762739413734	0.19736169696741332	0.39669072705899283	0.25347140373723315	3.602227589709939	0.4211068068775777	10.755200624666783	13.99326617905911
2.2257361699621017	5.814999221334261	0.31567489265232807	13.632705278783632	0.6283743543313681	0.35825771635943543	0.1970457669395555	0.36032094292551226	0.2177452058570468	0.39525523476869107	0.1956457867627769	3.7665942076143684	0.4309078797533359	10.891416739035346	14.107428570742016
2.1394388285936032	5.687533627031382	0.28878976308995497	13.613300575979453	0.5523474894572342	0.387255349442102	0.2032845061338856	0.373814015759459	0.24620115482010246	0.4028135223929393	0.1900708244560197	3.7235034844586687	0.42469144136187753	10.800755901509238	13.998316093812253
2.1000460718351306	6.074319086940763	0.2786531002756585	13.581041038703322	0.6984517164452352	0.3584847644295112	0.19282033501185808	0.3742819109939456	0.26705594919246245	0.3684555215192352	0.261018268144647	3.7040139183531737	0.4338185048924206	10.679706305751726	14.046228501794726
2.1720900552637894	5.585584197944775	0.26207713619915246	13.58521790903583	0.6599441277113322	0.3210872955962596	0.20489207458140776	0.45275006306769167	0.21935333629341627	0.37178021565432173	0.2062594359968562	3.6156953284265785	0.4552464371270477	10.70546862014135	13.977618986778475
2.022386570159829	5.632665434182808	0.2292520556443274	13.544697788144042	0.6746977049583563	0.38883656222674456	0.20745818334059582	0.49938345083535696	0.2594787560357168	0.3782039390473864	0.21673434922168391	3.7524369042681274	0.4430439471562423	10.708381179250539	13.954961312465112
2.1091782763075035	5.491831227626017	0.21353533870106509	13.599579803245275	0.7089933795579393	0.400487183245412	0.22707383005546394	0.4470039645134805	0.25141038563383666	0.3650234695867749	0.17309713041371347	3.743678321413988	0.4728137318279159	10.628367550041867	13.9548730006891
2.136680211377812	5.180542891631452	0.2030782833516648	13.617405286219673	0.7029015067660211	0.41746017215143705	0.2119427399814772	0.47651098707882655	0.2852223519050081	0.3398007861019246	0.09308892086742715	3.8899924820667158	0.4602607167339577	10.800566288760756	13.995329128080076
2.016803645930847	5.7218904665883015	0.1727502972549578	13.613091804480408	0.7738803254531221	0.35542021033225735	0.1698371285432969	0.4492527311589663	0.2632730797468711	0.3505158125412239	0.16207860057954507	3.962269001078411	0.43549083203603955	10.95831704416955	13.937630758766963
2.1545158288372437	5.373698019325934	0.17456199767666572	13.590773905965742	0.7522986579614233	0.47124048184539125	0.19348557948855585	0.4951652928210598	0.25124526352031834	0.37088160891586186	0.16439586998948355	3.8487386700040327	0.44938469073076276	10.675769518842834	14.013854061676746
2.1564135581342927	5.125389834910424	0.15873385670245868	13.622673344779399	0.7522223941415523	0.34240983638085226	0.21047373050259546	0.42061846740181846	0.268986648938711	0.3501190480645336	0.22545669389604275	3.7388588336012685	0.473775116965317	10.805189777693572	14.092476547853312
2.0867343801220737	5.514363643496414	0.15517818673791656	13.586268306767591	0.7911114059148512	0.34799470703089946	0.18704030571775962	0.4332334122157366	0.24963585720655182	0.33737380322603	0.17025948151933123	3.8719347163057054	0.465393970856505	10.877351700372856	14.09947513015684
2.164990698815319	5.250547198201002	0.1507040119369811	13.611052156835097	0.7252376735257098	0.38807139647383626	0.22104208849635254	0.48400227275088864	0.2801998380104667	0.3202423259820843	0.1524176122601141	3.8884845306893827	0.4574156508849668	10.81239894123938	14.02064541835803
2.138920063368188	5.131135461297011	0.14850481204080598	13.640114022218457	0.7857514404468208	0.41836579703070986	0.21223364548551216	0.4402252861019805	0.29654977990322656	0.3295989187285976	0.15021744047960345	3.9343426243929813	0.4663402549325924	10.777219992406557	14.04418906801587
2.1781397944493723	4.98220254291609	0.1362098407809923	13.63386245196061	0.7032952321301175	0.4439684879611682	0.19404503528084155	0.3839729579800809	0.22943099883813578	0.3180355035841332	0.2616846066521086	4.002120896754929	0.46600956205620525	10.756891077996737	14.002622845117495
2.145783358862457	5.614890260881517	0.13547623385509805	13.695679169271047	0.7866836209043372	0.40250735572846275	0.20348895880078327	0.4095779061158466	0.2097767564516229	0.3147359568897836	0.22655918004998246	3.8624176982879117	0.4523229593140945	11.057954030454901	13.979334754364022
2.1617461729235976	5.360048988582549	0.12341639696018633	13.704085668859271	0.7544858296604163	0.45485264908964385	0.21472609044388805	0.4422432309229789	0.2475098669074132	0.3207108997162241	0.18886270080523554	3.9345527091737518	0.44805656655401327	10.7275837985274	14.07069611374456
