mass_1	mass_2	phase	time	distance	a_1	a_2	tilt_1	tilt_2	phi_12	phi_jl	theta_jn	psi	ra	dec
0.5146257854402605	0.9279941042637329	0.46987466953589363	15.218574183510327	5.1704865040429056	0.5832012557562014	0.5196443499347038	0.20457666547644385	0.21517218063231228	0.4819100492739555	0.835499953524056	0.5566081222429915	0.5044398652784852	11.277384803882297	14.417762638529512
0.5304740463004082	0.9105806630571639	0.4786477105099191	15.20356712345239	5.243115095099722	0.5737637758516928	0.5315558153537058	0.21917267894316927	0.2086409612972068	0.4624859494213116	0.8041350102805578	0.5032413133983653	0.5183868302922996	10.742784584994286	14.313947155089815
0.5399371569100299	0.9117614850780684	0.4615657450399714	15.10302951132088	5.048371909299274	0.5493493049251024	0.4848977639747234	0.22315331884276174	0.21030498248409	0.4604944510690331	0.8309926476917293	0.4509608103709243	0.5099790011394187	10.057341157458197	14.27309310738882
0.5335043837621514	0.9126104427675518	0.4518274832387128	15.020305144583594	4.971625505988955	0.5242318031885254	0.5102405113784576	0.24112012096515278	0.22249723986820502	0.4710953069313627	0.8597750230264511	0.42556081895560965	0.517233340178961	9.892417596643945	14.20708899768202
0.5225747930605178	0.8639880801563213	0.4735034602412808	14.926756511548769	4.796459864148997	0.5312333021653056	0.5144766014752085	0.2033518769192362	0.25639935850088263	0.48339326787027426	0.895654297820926	0.5074785798535796	0.5474545357024836	10.004622635730184	14.002954509715964
0.5092718980036852	0.8664908484189456	0.4705788560182706	14.87892303807898	4.810935379843628	0.5355116427353466	0.4959660832410588	0.2547397729504107	0.22440507909568302	0.4646521520390331	0.8834387641651961	0.5553405128451057	0.5509890078392213	9.863809577613608	13.910574686064969
0.5091694687511705	0.8569271275634085	0.473334008061561	14.807730269731497	4.7274774321946325	0.5448634687578464	0.48686848237489816	0.2701662007191246	0.2590393602146716	0.4500607487622217	0.964204039624669	0.8315452226756995	0.5463105127350426	9.865952806051006	13.790760974726934
0.5086142405340269	0.8435092756525394	0.4714627622668601	14.767982387305016	4.607114277885078	0.5543028123524797	0.5294342251328735	0.2983664978414011	0.235495064123279	0.46923091269036565	1.0033958058329344	1.0119159565589175	0.5338062905546948	9.859887778220482	13.903037359023497
0.5075588136347708	0.8317350433443933	0.4746082731043477	14.74617844250309	4.62103427290991	0.5390140787594603	0.5247910211241763	0.31242394787816147	0.18342213880151176	0.4542694526566576	1.0011182301100134	1.2898687007788394	0.5555328888446077	10.02264034930231	13.818861609295052
0.49488175165007336	0.8152313657703952	0.46242565578293876	14.690837302012865	4.581510953997781	0.5516833614688276	0.551861533420175	0.3155778058439336	0.18754879143282915	0.46216435117541527	1.045351565300721	1.4686507293620021	0.5447573927945576	10.015481119066573	13.855235331154164
0.5029102542834266	0.8191317176179167	0.47316880930780814	14.717867276997557	4.537784940073751	0.5301034185880679	0.5217572705643565	0.31782599349521684	0.19516729179855538	0.4661512332503758	0.9865153854110074	1.5609495880300395	0.5156050624801234	10.046946066105404	13.860417007094037
0.4992451700338508	0.8146524857606484	0.4638364426310427	14.68232807574831	4.568627815810618	0.50346178355079	0.5258474294071918	0.30564121569654956	0.21636900010024618	0.4726397232560319	1.025158322983338	1.798070657198999	0.5257016557001692	10.03654782446074	13.819952017894801
0.5096919200190586	0.8011061047395882	0.4588696276501308	14.67673406263589	4.504126844272562	0.5306044611944459	0.5387120393290119	0.3661449210957979	0.2160153432024824	0.4826306975315208	1.0158990203945641	1.923589505623308	0.5195529206952723	10.068391927635226	13.79735015904935
0.4986761127748193	0.79772527650125	0.4672392316229394	14.667986016676554	4.455872336690253	0.4293212451366357	0.51727236582202	0.37418801491672926	0.27387508902801333	0.4635243990441663	1.0652046293961568	1.9553488395433067	0.5452601657357271	10.26659663396364	13.865286057263276
0.5038360210419544	0.7988464851670374	0.4711583232931122	14.675493407618077	4.3519573630057415	0.4052320006753407	0.514483233199324	0.31934702237261886	0.2596348362379597	0.45616676829568575	1.063691648286729	2.1162277943768175	0.5646470077281274	10.302830439270178	13.865825726098294
0.5010545639761117	0.8150313686158942	0.4685013477695731	14.664120599008385	4.3760426956501375	0.3926857048787979	0.5502156419728114	0.3312612127190589	0.22585407314088343	0.48442126821635034	1.0329184094278459	2.21889320385956	0.5326309535328506	10.38204504687149	13.80723659041512
0.49833071417599145	0.7889719606326778	0.45563875951769167	14.644399406578183	4.4415647432752134	0.3319355964225096	0.5133709496815376	0.3645059955165342	0.23674139322169382	0.4804517132338056	1.033075087763999	2.328724737344216	0.5445193416324109	10.226926398213253	13.671981670450883
0.5014240968857406	0.7815555969138436	0.4735455332111914	14.63717037149882	4.290154590291228	0.339721006499629	0.47376378580642714	0.34095320961913667	0.2426629932490667	0.4531892279399191	0.9720808389355806	2.3578211982305333	0.5257856227419758	10.401479763470322	13.791090564810291
0.5034106945140867	0.7820346501687596	0.4605439879215558	14.670491211524878	4.128836656547877	0.3014380610150494	0.44398780978923963	0.38833388440759686	0.25290271147716553	0.46983519072059127	1.0136070809371778	2.381936103108156	0.5264755089078342	10.417806308612116	13.935092143258085
0.5065460115878029	0.794326582800753	0.4703415174813989	14.715325817739082	4.156343551836779	0.3026892049988718	0.4366755856942417	0.3474570029462156	0.25262604276633344	0.4618493152335958	0.8830982980771425	2.5149848630399068	0.5230269605232728	10.612045542169609	13.998644885212897
0.49015060620292816	0.7841057597573923	0.4480644899597553	14.66924606893806	4.152019328717824	0.2858335904816689	0.4251109985666921	0.3784889380917495	0.255112523168756	0.45330421736911064	0.9395400380646476	2.5244180088755552	0.5241781525837981	10.575474489787016	13.816421593820591
0.4994488516972113	0.7622529244501546	0.4598249205888576	14.647296896411648	4.206259902292248	0.304595212261961	0.38246338039980804	0.33881970621445046	0.24980346158336325	0.45792222069846183	0.941542330420974	2.638192279077442	0.5457001983677807	10.491812705202312	13.94324998447315
0.4917561627526413	0.7640167197385256	0.4450436347194489	14.64915645509364	4.18628730525755	0.27592784922846597	0.3650596959685141	0.34460785761509616	0.2686002328350719	0.459327848022868	1.0868532208001318	2.721141606357078	0.5215272996180809	10.496282910627054	13.783067174221381
0.4925609521207562	0.7476594656747799	0.468445177348726	14.666420698336472	4.129257410504373	0.26044388519590955	0.3290129466421282	0.38295621194416885	0.27222136040002776	0.46191331297860866	0.9619642149097639	2.7778136880791564	0.5213272688217669	10.585250356856433	13.853374427717487
0.49932487331768977	0.7669866897400046	0.4576392960197303	14.689334589212963	4.126973143928156	0.27099810763224064	0.32859170721424397	0.301932694843315	0.2618883300224445	0.4641321109326549	1.13781986412058	2.79516913655208	0.5277166558154833	10.693445848908954	13.912837112628726
0.5058189956910274	0.7453403112522307	0.4381897693661502	14.658538493728859	4.2260111300042436	0.30441502176163227	0.2901259673686946	0.32745627849977704	0.24479576487214105	0.4520516711530174	1.0128275548120707	2.8599489557336746	0.5335396820211692	10.537898286435487	13.864152795133629
0.49368281375760786	0.7526680438827366	0.4372272135647809	14.644854539426873	4.143091629780375	0.23153159253399846	0.26532663682431623	0.3393473692899859	0.30834454607203576	0.4532790427935459	1.0321201026325137	2.8514758928367656	0.6017073729478077	10.762469672108237	13.998523944913027
0.49810211768417767	0.7565513497601599	0.46776402702642716	14.648810806943434	4.21973121797743	0.2778908772708561	0.27285507670463266	0.43094032216598943	0.2539208460469559	0.4651499300578181	0.9225895623502718	2.9005370441834795	0.5841831838998783	10.733597829549913	13.810213968452187
0.4942593633570833	0.7679887145131208	0.4440429051931674	14.655627179629265	4.060170665484878	0.27077189224485176	0.24428870703161276	0.3291492845949426	0.2518526204148014	0.46283458775440317	0.8521246842704995	2.9132044406576534	0.576050480279475	10.724562274324974	13.921235605071912
0.49398854358244676	0.7775987308846183	0.44327832642348675	14.659049132669765	4.171562308743966	0.23400815235263858	0.23182385019444507	0.2872989027406466	0.24379128377792378	0.454198777558165	0.8808960373474057	3.016986552456684	0.5663386471737814	10.719629971794888	13.8469613693918
0.4874613170310656	0.7271041089060173	0.4506432955560214	14.661067877158418	4.256458838879464	0.22442629109506174	0.21763993024301	0.326930012536197	0.2737440195222879	0.45580621126820187	0.9138787381841469	3.0150065392459324	0.5805438201795653	10.770456088068334	13.88198283935501
0.4782676176727524	0.7557955599842627	0.4578664417056645	14.669964832449988	4.154380874404789	0.2215064283536801	0.21813413453843528	0.3162260850630715	0.29465752041952425	0.4595132357878668	0.7899456802705477	2.998291074204195	0.5893356314067453	10.784947117297746	13.843234079120917
0.4850069489989606	0.7603724321722005	0.45926740623442264	14.665929764469913	4.338033273767603	0.2043823787996775	0.21320713457814014	0.3546329179035246	0.29368124169331034	0.4520369925452459	0.8410034902216839	3.187651100276655	0.5883909490384606	10.686923604417943	13.94764598536075
0.4880445278818099	0.7463364974640099	0.447169487582218	14.637284871948012	4.253871950060838	0.23961280690482606	0.21493712475945423	0.3953197086921401	0.28231839645655865	0.44884516278610154	0.7696790654472139	3.152732138241559	0.5981426491287182	10.758682663578414	13.811705017965132
0.4779289903884219	0.7792686128068222	0.4412480872436465	14.648715204856297	4.242012720000761	0.20889492509346744	0.20485733810107057	0.33271851177469436	0.2902521348217488	0.4548939434062845	0.6873089436222768	3.2409446098657444	0.5723682133837241	10.705968009653503	13.85441452015667
0.5134395789951106	0.7520508896946243	0.43636185998199933	14.634218876717874	4.311459339447937	0.2096671054491932	0.18820269257165703	0.28467787947815143	0.2648979204787219	0.45888119245455705	0.6419056492207371	3.347041703045344	0.5593632910522378	10.58819600752737	13.658820215432428
0.47751440096570913	0.7913171464233291	0.44933305084088687	14.666377299721844	4.295246671729224	0.19705919346061057	0.19359064788682476	0.314959790672421	0.2737754022116255	0.4559680729561862	0.5704828266618407	3.2112642266944182	0.5511967534123333	10.768093488546993	13.839756617085962
0.49591834233454507	0.7952390211019329	0.4509910988246448	14.661185586264201	4.437587565780562	0.23218682923440334	0.19751665530394172	0.3083601413761714	0.272436371710134	0.44246419983419666	0.6240597311893971	3.4328735999090942	0.5459914556444165	10.707530686559167	13.752852914127633
0.4994005697678288	0.7647871742304159	0.4476020778132376	14.65204078135264	4.385739030843238	0.2275489767629163	0.2091438300325312	0.3190234811524646	0.2606360062968822	0.4356473969577732	0.6143967077164417	3.437025005896057	0.5128395190289061	10.680907535143886	13.871111111230714
0.4894703778145787	0.8037805227792333	0.4605769054133128	14.69027562563118	4.306111404658074	0.1833688090963326	0.18904247135743987	0.3107873379771974	0.2537816298420881	0.42884428159374494	0.4788938765733388	3.4603964217064105	0.5215726501481532	10.912572708774393	14.03084894208649
0.5062818856482091	0.80206056698992	0.4585188067804432	14.68513761247291	4.388788997935445	0.16829976524839885	0.19959513001559318	0.35135305063217964	0.25261526186768773	0.4500761191656538	0.5430885698622996	3.5103705020328277	0.47885622828755503	10.916710277516257	13.876976599645369
0.5206716220637998	0.8398043683102276	0.4370784349741638	14.692557427194693	4.1738479943305	0.19768353882876954	0.18801565915394935	0.372344122086357	0.25149160580111435	0.45197116577534424	0.5307911514460252	3.527555516095636	0.4787453791753634	10.913857719596502	14.101462344650907
0.5106816835151828	0.7960540141088126	0.4497501650923064	14.704695483302205	4.31801859334219	0.1891411434414899	0.19648301487872047	0.4351867228690205	0.27560719200231376	0.45055252193730266	0.4405707183073889	3.651844134155046	0.48696294173147636	10.943887564632059	13.974033685898593
0.4988952069593452	0.8034486600156256	0.4393541884743432	14.72378969312885	4.295359726723781	0.18912802877880247	0.18589978452786646	0.40898220161424287	0.28025600390254524	0.4380424222346356	0.4450608803938946	3.6201624189762183	0.49368477607650885	10.895723612459362	14.050657153336921
0.4919489317487882	0.797149490994639	0.44825970931851433	14.693008521379822	4.270118022339166	0.2458623717244531	0.21954721068910554	0.40144855713650796	0.2625433853927044	0.44199167534605205	0.5235479069750063	3.551750053112791	0.4768799722615651	10.903036863973146	13.995140651762776
0.518829610946042	0.7597064571743585	0.45279837278555424	14.716221003508531	4.19578309697377	0.20437706605360997	0.1894206191831575	0.4107579693280375	0.28855346047775227	0.4489316577124718	0.5425985921946659	3.508508276913746	0.4622490297978965	10.858832982777747	14.032201338212468
0.5070990710202358	0.7609246947971016	0.4343549003731887	14.667232146586658	4.29761350230768	0.16826141579821763	0.1820478935549197	0.4038416142975255	0.25828703276043036	0.44158740054198437	0.44945075881148305	3.5721178741667305	0.46960928810010016	10.842935307954807	13.998091342476807
0.5328346064160413	0.7498360308371721	0.44605047061645686	14.708080556594755	4.304695480806171	0.176305191857803	0.19700095159340056	0.3747750157064579	0.25006389467369544	0.42735416150452443	0.3720248566424917	3.654806230381902	0.46642824841765523	10.867284239667821	13.959149218131888
0.535825540119703	0.7400912164267032	0.4448685199109331	14.68995760129569	4.372714141599285	0.14626555977503758	0.20044010546960556	0.3897947803410929	0.24159504381074046	0.4469855728935315	0.3148536038136774	3.804040586495496	0.472600447376187	10.951218284273665	14.155108564078393
0.513008807067676	0.7189596228531662	0.45378758438484684	14.702926443572908	4.3162416718763765	0.12410304578721451	0.18997621757511146	0.34583937378302676	0.24959534267723477	0.44236416596861083	0.39599363709048463	3.74865446023094	0.44188231048940585	11.017274254190632	14.103648501229111
0.5056149399673077	0.7814694850718297	0.4365536026769915	14.69958534336119	4.382236492492445	0.12080620099875963	0.18632666349255095	0.3306795688706162	0.24506505714194826	0.43123038844570855	0.3039428060435698	3.7770254313347285	0.4645224218060456	10.972163457258729	14.214822626994291
0.49674987622882166	0.7032368668271806	0.44481936586420084	14.694920510301216	4.321710207366884	0.1358940002667224	0.18856934666464095	0.4119950162391021	0.2941487612140707	0.4406492987706924	0.3576868850850777	3.941085970567893	0.4496442571927738	10.917540422535279	14.113390104913035
0.5104437772145325	0.7459567947107026	0.4420167161548254	14.685551209652989	4.410331386047918	0.1537933306671034	0.17857763014894285	0.39951479876885787	0.29730952594969406	0.42932809579426	0.29321080183490883	3.9233695461527094	0.43644383003234277	10.843091063247117	14.00854804843418
0.5216369436352314	0.7341943250134194	0.4378338463934188	14.715369001190693	4.250258928905652	0.14794309542631903	0.18545528392499183	0.3211570915212279	0.2933831038437741	0.4283022151685232	0.4802480508962168	3.8227463393562666	0.4071524167823055	10.978934849482679	14.0605804624899
0.5109738304166821	0.752228738435281	0.4392779465710841	14.739537861658205	4.378902320645603	0.189982900911441	0.1688886195055378	0.3821858692892514	0.3007491325255721	0.43513133182077895	0.3178791537827737	4.07817795836538	0.40784775215880964	10.950887011632007	13.949722604961933
0.5176794722930721	0.7575194092534794	0.425302831821381	14.753723358718913	4.295673950751977	0.17880652027984617	0.16838282911133245	0.3674543101293285	0.2690985149186399	0.43106224409893695	0.3083021994025108	3.926936314007612	0.444630740964263	11.170329283285646	14.174719852742669
0.5033854616901903	0.7255648341482339	0.44189616437431894	14.70219369724415	4.349281472764646	0.16690592740368868	0.18014746352626101	0.3807663232179512	0.26432757090326714	0.42780089480796096	0.2723277968576077	3.9240854216559042	0.43518287197824257	10.938926941316454	13.934919650598253
0.5103715414768601	0.7322172453885522	0.4206184536520529	14.716262614422112	4.295633442437441	0.18041029385506333	0.18305447241971848	0.3202409687928753	0.2398526925809799	0.43770037491577646	0.29180779254550754	3.9608440320516	0.4224586301672433	10.928996436790527	14.078993353055722
0.5132030327420954	0.7650423658106343	0.41651031794052296	14.710837101946623	4.333427606865822	0.15606454861346009	0.17650946633671963	0.39452103767006935	0.26532314317929817	0.4347997429551551	0.28398296638055126	3.917571475359746	0.4219013516213317	11.007943438438598	14.089877373694378
0.5014043920712922	0.7319276145124455	0.42309102049648556	14.744532603897529	4.416835641129852	0.11619880600044134	0.15989420371376523	0.3285418043600152	0.2974153513900182	0.43049506580601626	0.23184610444296466	3.9151255661253845	0.4481323492460394	11.066163150434273	14.224234509890126
0.530047055797723	0.755842084405668	0.4287833125367338	14.736140731510842	4.385033494185939	0.09755338670242127	0.14347141454724843	0.3115529133552998	0.30682341076313135	0.4238638680746403	0.2611294726564926	3.8298683656987316	0.4269756077799706	11.032776674566147	14.13910879523767
0.505422622362693	0.7305725377452019	0.42939831507801396	14.721922643768009	4.271565330819932	0.1260181241250939	0.145685742463475	0.3123227632611884	0.27897750867467846	0.4287437807874934	0.33640214516829847	4.042301864923874	0.41493605735191785	11.108009168662942	14.114947451643747
0.5384245851231256	0.7217318582108765	0.4097554123973165	14.734230630590563	4.22166173362614	0.1273819154122302	0.16463192016551423	0.3516353394200465	0.29883809355914753	0.422025174012893	0.2864866058226971	3.9590949515762865	0.41553273348413383	11.074283387438264	14.177264960743015
0.554184989556381	0.749369666483458	0.39295910646149457	14.721801725936892	4.247793394309285	0.147089740003034	0.15972155815890768	0.3587609565174732	0.28195974541552443	0.41591701417572297	0.2685441206069405	4.003110261312812	0.4305951604052089	10.970000317635746	14.094127995789306
0.5167454192605524	0.7508156936441986	0.4033203668687959	14.709652962276323	4.384361512804737	0.11662598335941608	0.1718361866278373	0.38728234172066306	0.3005218030455746	0.40861497118212664	0.2714539637786241	4.270510810629494	0.4214369167305111	10.94153139734	14.09360391473268
0.5188828652043538	0.7711451048514446	0.39894234758155595	14.738806127676877	4.417765149632383	0.1076526606287834	0.16264958953312955	0.35887545192029136	0.2858835536620452	0.4400818331625439	0.254013698434687	4.37495783071364	0.4114431797451795	11.180464802559392	14.156090134068478
0.5368347330796016	0.7520527284152394	0.37151713086207194	14.720951229604818	4.510711241211999	0.1051405366534617	0.16316986069607362	0.3534842636460562	0.2926439564158426	0.4023783309180002	0.22934698827349875	4.454657163840897	0.41532875796459445	11.000364947341522	14.060329149777415
0.5326329814298294	0.7424534880294598	0.3856227075160731	14.720798752965706	4.484843611997807	0.08767747107613855	0.1640453293715584	0.3222142375501527	0.28070245145043166	0.4266625457466009	0.27270777807549457	4.113121282764797	0.4053373880639129	11.076658540542798	14.215492252784655
0.5466023919693932	0.7346618174472572	0.3814023562571934	14.75989113266043	4.442283452907506	0.12782849814142083	0.17066694808280752	0.36993687308497203	0.25622419816747527	0.4159141449214218	0.25510042692015056	4.36005216459947	0.4155178247011159	10.931083622056477	14.090678492321963
0.5306243258256231	0.7119697820754309	0.37358801487000426	14.739230456208587	4.378267766471526	0.13119783471913704	0.1607201452938444	0.3663940524885748	0.31657221857970785	0.4261405759296955	0.19901959434242245	4.49066285259144	0.40105725223451766	11.049458739646242	14.104209235254338
0.5220183126891567	0.7168424359248533	0.3534375035455272	14.755192907013855	4.495736330217164	0.08476557849264169	0.16065761852027347	0.30829193061675575	0.3154153672801314	0.41636536955321973	0.25206031814869345	4.069826948754898	0.41072324208656896	11.190295321182766	14.170727121227962
0.5173929840302187	0.6715702042855385	0.3312764299441575	14.72759075029265	4.519046231965406	0.10970700750743674	0.1607860163014218	0.36740261987367445	0.3242391763998027	0.41248720982077136	0.21400255760059622	4.4228550479683975	0.42580705210791414	10.86628613896118	14.092364758399345
0.5269137515834601	0.6808256703130392	0.3499060969201442	14.753588894143006	4.5924262211460976	0.09645789662695581	0.14880242379647635	0.35645597161640497	0.31915111767390847	0.4060164556398154	0.24408893454531383	4.535344076780223	0.40402879537415487	11.143341605479968	14.250778988430548
0.5262810261934495	0.6763494059873757	0.3141470181021476	14.77684003037369	4.346950382087383	0.15183831967893102	0.15473376785992637	0.3728299074390714	0.28680844664096944	0.3967422811754152	0.3079116439925444	4.23080079117576	0.4131934606809385	11.20410902997282	14.171609138208723
0.5105701279078876	0.6754084625922024	0.33116592381955534	14.74105635669912	4.299173840474168	0.1314556653620229	0.1531697885096804	0.34962772236953216	0.3064503489944119	0.39907795350790665	0.2624728677981847	4.3575840660016105	0.425361402637394	11.088926905245899	14.079750447370506
0.5435024237556748	0.7337603573164945	0.3034709884735561	14.743812064501054	4.367669467477239	0.08990180806423388	0.1518036786801422	0.3550759275817607	0.2736268669963691	0.40263553434462934	0.2734461481268605	4.154347962502149	0.4040911527189749	11.141909639330176	14.253293661058883
0.5353270333712002	0.7741368051658017	0.2805494004377238	14.751981787131866	4.282632667578836	0.12533952734702886	0.15591844409901254	0.34489534797848537	0.2530072009978213	0.3882257387103071	0.31044439490351644	4.296876450847379	0.42606647128895786	11.138823141123154	14.297115456486921
0.5228539958401452	0.7588905289961939	0.2681171577225916	14.72026723686707	4.437378871565261	0.1345497287898169	0.16897524622134533	0.3295954956176052	0.2722069587297057	0.3890275598827889	0.25390654496733783	4.5337941123353644	0.42040844700094315	10.965059825630881	14.190111444161365
0.5397477846281494	0.7245212046085509	0.2487781004266158	14.777769301271624	4.424239764716487	0.13011987819829918	0.17420133377932012	0.334373327614439	0.26157868364954284	0.3805703224502243	0.4102449030598707	4.2765046204908375	0.4405235541969273	10.960473187422156	14.292374071573118
0.5547788669437713	0.7613352700932907	0.23748965061773408	14.741022460884743	4.3782534973495215	0.14089112500325773	0.15279986410213792	0.36906494943182805	0.2859759048873743	0.3539463895976341	0.30713795579984593	4.184242238993615	0.42492772683789043	10.940308871021704	14.10861708225196
0.522621144670011	0.7455397299034145	0.2268946676238064	14.774053391047953	4.471885779562859	0.1352282787962897	0.18203735134135868	0.371927252568771	0.2925445550221261	0.3831630987174256	0.30417525764359876	4.396548957243966	0.442486132607536	11.08716484183873	14.250427630418802
0.5336379745775051	0.7039641861879888	0.2083126807065643	14.778152244357594	4.317984981176387	0.1500981494736856	0.15910993969298456	0.32702842826992956	0.29442754330132437	0.35326462519897783	0.35264044964498015	4.081205277360766	0.4193608443702289	11.127386193503336	14.229550127021625
0.5270490730775174	0.8212214514662461	0.18811697989595652	14.824715856871025	4.401061741137613	0.11966393583234469	0.11714840196954956	0.2975499203136386	0.2805244839624732	0.3497702973930506	0.29009134588393715	3.9971014850399347	0.42298986443781234	10.964767451369955	14.20877310160404
0.521815543301486	0.7133069501077397	0.18623543048266716	14.750048770654368	4.337379141549906	0.14346616505089518	0.1526279528513022	0.3976290413815269	0.2793274357129586	0.34065971381199617	0.34411713896373886	4.1194528553144085	0.41095660646035204	10.969366599289415	14.224489194947015
0.5093663362409802	0.7130895779527476	0.1556419546167801	14.767880541056968	4.411120699004307	0.11649564788144132	0.1481015842491018	0.38591206571047065	0.29668499718925023	0.33225508990262115	0.24448725150249553	4.1752595790187526	0.45690836621731334	11.012041182473055	14.225852069677407
0.5408894035849949	0.744517317083279	0.15350458494733896	14.751935065922137	4.4285282700621975	0.11592143151430517	0.13205047029143763	0.38304512955029774	0.28020582393004995	0.3435504779394384	0.3334145330270743	4.203057862358655	0.45153313235543585	11.03297563964472	14.212664906077102
0.5625126491186461	0.747643488348826	0.14670157166506015	14.772056007122067	4.254466188420862	0.09978321035931315	0.13953640975647263	0.325214422392725	0.2746802330897205	0.31158138515236705	0.36476072691362404	4.313764159059965	0.4494119157486547	11.057909830128906	14.247300763878034
0.5409502417206797	0.6951070581075096	0.13826061760559272	14.797272077027001	4.337681603987296	0.1364502412450243	0.14994376779384408	0.3047131700089353	0.3459805315684667	0.3296373563082682	0.33332305267118845	4.201991778338749	0.4427653118279887	11.030970054156846	14.130922486467126
0.4764540752219357	0.6643552877351756	0.14443950544773893	14.776038981225089	4.3148897579366094	0.1563791144107201	0.1452536908964821	0.3047389773392524	0.2975498356668803	0.3246597882053066	0.2165380539846483	4.220312373534302	0.4394654705219906	10.960511614453129	14.242275412643258
0.5062282874889484	0.7084421085110711	0.12606766899490446	14.789070329812501	4.546462951441971	0.13207541076827278	0.1453729859969965	0.29545553295092564	0.30317272901440656	0.3331726760278687	0.15451536703361943	4.425881927820785	0.44894230840425964	10.942181754707052	14.00664476432299
0.5124403047596532	0.7097574298096637	0.11915964721238727	14.811981726349828	4.282840790792844	0.157902435200297	0.14387597135422484	0.31739844601343653	0.2958225609655528	0.3036627725333631	0.2065480849160307	4.333101019288071	0.441701926691921	11.17256622331594	14.28832966165859
