mass_1	mass_2	phase	time	distance	a_1	a_2	tilt_1	tilt_2	phi_12	phi_jl	theta_jn	psi	ra	dec
0.05060394961815677	0.04652436173225307	0.17094114036580088	0.11048939351623784	0.010127457624044394	0.20086042099667187	0.1692711952711636	0.025488592147033366	0.038326133555819625	0.14523587170507068	0.2951590238057224	0.2503458777104174	0.23341122152544705	0.30572565621337966	0.4534980409032122
0.054267213832175865	0.04007138651540625	0.15341721481511883	0.2715127257864458	0.015182101648020592	0.21478830691640968	0.18853009131802553	0.013761307050499367	0.015518202788564346	0.13743774414176013	0.2537790508506815	0.21605820753777097	0.24153600550537277	0.35362554164311116	0.3295590639512116
0.07344932050067925	0.032626264929843406	0.19476509841241824	0.315227311266378	0.04039281725447399	0.20672972213360932	0.0908702073446716	0.015193329358129563	0.03867692179395796	0.1620639274673621	0.2859655724630963	0.3504565844898755	0.16415795774491496	0.31094684640949605	0.2767364857589042
0.04591056793230764	0.03880011767578897	0.12310857610406854	0.3612413691453945	0.04067201253927025	0.17031273747782316	0.17470856494264292	0.014927359273881355	0.029750192637316077	0.20287580412033424	0.2823363000863114	0.3819177484876473	0.19480373185077662	0.16575935196477018	0.30718332598779435
0.07601551424631725	0.05247339990483631	0.17077934703233738	0.40187170301418423	0.05492436843600645	0.226947959058095	0.15144111679681246	0.015055727719066749	0.03816730836193071	0.2125875541758288	0.2893920577053553	0.3794287509483838	0.18368875866194798	0.13925686897339756	0.29393669725401955
0.08488024033412529	0.04721173403295444	0.17773402283222164	0.4134860007102468	0.05972275032799986	0.3084495362262863	0.1329426593805217	0.02475292033143832	0.03324025010690593	0.21763885890039233	0.3045916054438593	0.48677253669594117	0.25727525107429094	0.14377726828050097	0.20873434473591268
0.059016179120971506	0.04303503280380289	0.13264492937722122	0.6395088815173163	0.07176699173635859	0.17650129616761084	0.1687701998126275	0.03838300731124466	0.04412751912528386	0.14245625567128478	0.24988855102555138	0.5195399143648747	0.30163973514857184	0.1244896017462922	0.17262057082895652
0.04694881836611814	0.0713294961616769	0.17667575675524305	0.4441208011033438	0.04009262488721062	0.10172029974316242	0.17878253193709245	0.028208924180727877	0.03336809055718881	0.15875129532275345	0.390681562080793	0.5856220341203551	0.28438503213008387	0.0725994976649046	0.16071853877404066
0.05501795543656653	0.04598736956185498	0.19098457334516386	0.5161998518778315	0.043237918457588766	0.12576268858712825	0.18012627342627247	0.06765294128153454	0.01937625870433429	0.1283465917605116	0.3105395768401947	0.4838465313409171	0.25015092130854333	0.07868957020394786	0.21915854619917594
0.06026191094840324	0.08475672549321295	0.14971064410800616	0.36052875754037095	0.0368553344848202	0.09476233505402293	0.09274140131641988	0.010946935462729894	0.05927133851720451	0.11958857003662036	0.26895020402779257	0.6866253041129629	0.3370931307357285	0.08364246193803414	0.11080464718431939
0.08577938269718803	0.06779472805178942	0.1530607189261749	0.5269158434883989	0.034667280169817516	0.086081967176816	0.11459399835611504	0.027794610169777568	0.029247147411821616	0.1872329498482816	0.21009304324465622	0.5617599487678522	0.17227562063902516	0.04177097949344005	0.14947236308993528
0.07474634720363685	0.041641103342660524	0.16914606356163162	0.3647479736561572	0.06166776639869398	0.08432668962179328	0.11741630131676432	0.03024808155947821	0.05758577068384486	0.13232089083971255	0.17276851863345838	0.6805051447945463	0.21169428134746027	0.030688057298153926	0.12366493256117031
0.040041293574123796	0.029916151270402844	0.1310083071350881	0.3825752474342546	0.03899769807980673	0.08932091840980218	0.07999905458247397	0.025818014727887816	0.02578527203415759	0.19059814589751886	0.27794715860182045	0.7126582031946644	0.13316942856414166	0.05728740735195131	0.09870579051894518
0.07632199163823253	0.06437456214579675	0.15745877765835242	0.25700570079283935	0.08192220891824749	0.04141575674963679	0.07996485034823499	0.06629603356201613	0.03962666392138711	0.1741188485828295	0.29886990945555875	0.6587597006224258	0.21948614072585015	0.047544469117353126	0.09993932616887019
0.07214642079941408	0.057614713593908386	0.17483218298972378	0.3135477943922728	0.039977646588884995	0.06591423063536012	0.085028117221646	0.08379792569862164	0.047508010247160365	0.1420269645697821	0.21162829214537876	0.48175134806572434	0.1976728911226678	0.03836737521391842	0.08067250746972028
0.07353401922313514	0.06624794217637378	0.1685683575490458	0.15605337957029125	0.047662504248456146	0.029212797349634795	0.03471844565943174	0.0642060533905321	0.015339087274402731	0.18484429370282024	0.20503124834895098	0.40416308134986956	0.18570697503337133	0.04199278519605613	0.06422430335228375
0.05019262894922218	0.08704858470644938	0.21026427524634425	0.18104050722908652	0.04757410138215643	0.035230841484191415	0.031979987444201476	0.09190191507701914	0.011636856138142122	0.14357132031882205	0.19783869594622253	0.5205435790643169	0.13814892049186336	0.050076191018675435	0.09861085156500574
0.0702141594678335	0.07679425414951364	0.1785374192782427	0.23380972445291393	0.04167761581987577	0.02593698150906791	0.02900198371717005	0.05667540053213771	0.03642974783831174	0.16009784160451512	0.1573355568440909	0.48351629686003494	0.10199646877070352	0.056955235591082384	0.08880316861360012
0.027443883398213634	0.029590417965178244	0.14376549841160927	0.2216006166599159	0.07431633466466159	0.020991583470008523	0.06845982743535428	0.04291940776628852	0.02222953130666438	0.1987378308189488	0.11168503889092007	0.5052561894459681	0.12639907741872516	0.06352039484656183	0.09984982809051132
0.04211223939944092	0.03849467119232112	0.1566549058620593	0.08641242426043097	0.06256672241464017	0.04573058406738426	0.030516480954320115	0.049816948043681204	0.038372781388382515	0.12718291255487016	0.06874843172684998	0.5490075197450119	0.14885697646082344	0.03272468312707424	0.0843391190474289
0.06592313124504108	0.10596891585688872	0.20836752590810312	0.1146435762093367	0.04153868645823487	0.04214169113949176	0.02678472409081074	0.04097903862989621	0.025224056756101253	0.1543079554970488	0.031193318556462055	0.4770056975275986	0.17344582379132828	0.05453101441101767	0.04938945992406973
0.021835845026511782	0.05986255764112328	0.16160094215925097	0.11883697950401795	0.08099877711618676	0.10088842655182441	0.036843867726306476	0.06733480227537307	0.03340455070034391	0.11787663333822168	0.047337650398289834	0.3458475814209205	0.2135449643158529	0.035809689771925717	0.10828087032103327
0.046415120272062405	0.0316805927765871	0.20333557140705713	0.10546613909483347	0.08709747869237017	0.031180417459028227	0.03216913703237335	0.03525955240455846	0.01063537029947542	0.14716464662912943	0.031628210115550344	0.4163747489284635	0.20881647809996248	0.05161942948037472	0.09334321863242297
0.05423288394212953	0.049451285852264486	0.15099670064707324	0.11171650281895645	0.08926426812464058	0.05716009082304569	0.02923391352015734	0.03196811837119754	0.016751963664685572	0.16764240578700088	0.09650751494249088	0.35722510776531563	0.13938444516875415	0.034850155817237376	0.06118276116039471
0.03383146744339958	0.03193117467921117	0.14643333414318543	0.1000698196310748	0.10035789060270357	0.04055304225407704	0.042321816579833055	0.03319716285928583	0.028239253812157087	0.15843210264224541	0.02165886915211237	0.3094644768944169	0.1675757947652237	0.05863811791385253	0.08637336669248763
0.0557694354903125	0.08415399697597298	0.1715558590286278	0.08874452915052679	0.06374467402284667	0.03771662957180065	0.023312405466804447	0.03031544342979892	0.031104894836485767	0.12446421291744167	0.013333000513326431	0.24017083438877027	0.17016134890665918	0.04502699999024123	0.07965924810291362
0.047597268729049895	0.04005583657883656	0.13846661301757088	0.06941683365035438	0.10743376558164947	0.013359604917599075	0.03566131466162716	0.035594386701669985	0.04162090422728416	0.13743887923818457	0.06462598831576845	0.25309167901852303	0.11060412279482866	0.07049503492888892	0.08964237800556957
0.05347453013653659	0.036447067872417	0.14864115019754984	0.06945508850894792	0.05555565132405231	0.05098088051991834	0.021555250993941667	0.08900722452727379	0.028430859834833764	0.09963647253150827	0.014746834216860152	0.28640107078707966	0.16462907638067767	0.02297056392055702	0.053616875316357865
0.04465364997453648	0.01959549033373018	0.21956606370968892	0.05791076372969709	0.11760611669664378	0.015076314886791705	0.025118598846865382	0.02167773007757173	0.015339612149855188	0.06902976839956407	0.02860199960823029	0.16926405320632756	0.14793294769448767	0.05930206245094953	0.1495658845171378
0.052038808008765286	0.05608201663428289	0.16302193153834518	0.12656322373223597	0.048033432803824216	0.018394278583561716	0.008593848868980245	0.034544729070662125	0.021596554215422614	0.13587577659021124	0.06917492368767252	0.2400527589792548	0.13163232902761945	0.08253786260536686	0.09415821805358264
0.029800783366841995	0.030693933268541303	0.1032911471105176	0.09138162605633154	0.13236579524018155	0.04077869959924424	0.019100808492239132	0.042987907492980794	0.034115702330913926	0.06512465588374744	0.046511583550749254	0.24680069726310702	0.123641250875206	0.06819156693108462	0.07201400501521396
0.041006194489285934	0.030499196464131996	0.13617467169507175	0.0693394752123529	0.09690331530784929	0.038518605378908034	0.017859640803593126	0.021672787976284996	0.019033338494140628	0.049623275090853895	0.020526637132085267	0.20664267264158276	0.09229936684492741	0.02471932870515858	0.03668166941926123
0.04222605601260543	0.02540282456395565	0.2109191332613486	0.06663157029648106	0.10644469380492048	0.04038103105324054	0.018629648470424476	0.03606595480917997	0.015070460370614748	0.0431077797776395	0.07157630850712926	0.1693332121879841	0.16259232358459483	0.03775984569058985	0.07320025389385726
0.02363996877245001	0.04189975453893901	0.18891776463338278	0.09947665834221513	0.09305919722783158	0.0262944861184541	0.01955031310800764	0.02144425636609402	0.021598337365943673	0.04830220927253917	0.020982409240195943	0.22479523721313976	0.14839135047539126	0.07240439854784306	0.061251966042617775
0.029647424386003547	0.02956571011898648	0.17816513875907514	0.043855071498813555	0.04780486765342708	0.01958882824706957	0.024689772781206355	0.04069267606667782	0.04984490566978613	0.06006293737156255	0.09224352938976343	0.22032162258028384	0.12853838133235568	0.008546233368505103	0.031221661035447563
0.03281530944825928	0.00811068986088141	0.11360185817786114	0.03731353582734085	0.06535614981423243	0.03290395976159062	0.039115014282202445	0.01652500473771856	0.035398564688276735	0.027992284657840955	0.03607154079396675	0.16716460945731995	0.127286631259219	0.020617438063939335	0.055409138061876265
0.023008466499999044	0.04375693665782814	0.11481568639468243	0.06073106656557425	0.10363126346923628	0.026035115506332817	0.019622814278014784	0.025893818098535887	0.013561660665070549	0.03907023282433649	0.056240259932982796	0.16279717616555245	0.1216726280534175	0.043458230177133926	0.07728562158330357
0.0210859013855651	0.019127500823266055	0.12600608459350657	0.08299476357750829	0.11513252106240074	0.021013932290350413	0.026186742495029912	0.0348220601796286	0.023509005748170643	0.021808812462841342	0.07396036424080125	0.11824406590759594	0.11091163816483346	0.10434971627171366	0.06236370102683229
0.026520943559624553	0.03827738191796245	0.10346057199529952	0.024051989658368043	0.06196516018658796	0.01859069895826561	0.036553714188522594	0.04463812782654908	0.02737507077183046	0.020675883430473496	0.041736939802046485	0.16273559437669477	0.09387155531510044	0.011588160485043538	0.03205608566866466
0.037143739794037484	0.023259421731447155	0.08299794946830102	0.04091561030981427	0.09150824788196012	0.025977287290170306	0.022460654349045484	0.0269744918772694	0.03050821532974985	0.03608082575416054	0.013456989117120384	0.14728452620216992	0.12681851876596897	0.04152432472220954	0.033716988030145986
0.03524094617858384	0.035680232224938456	0.13368336698358294	0.08655007759636357	0.22916214741482643	0.022011703732142486	0.024583080358947653	0.025523730985358747	0.042554294268401904	0.018486139365022285	0.01078553926958708	0.17759590874708345	0.1318457600026655	0.09191794605575528	0.07049886333565769
0.028309059031416225	0.02539244052769342	0.18621332393138515	0.039785553273793815	0.1098318265061309	0.044632019510044633	0.023272559600458712	0.02551413814596699	0.016619653470391467	0.021233306514969442	0.014537550982984974	0.15376176838680208	0.19289728081647084	0.040849910871884776	0.08834671924510365
0.0191228071251507	0.0169820320772361	0.10221875486031583	0.035220164156642614	0.07481516396228474	0.03080827975223984	0.025435291868945702	0.02330160821977023	0.02051555919243588	0.05085116438649149	0.016096590389819854	0.13624771703348101	0.15432259011178634	0.027840668239965068	0.040324163203723694
0.03468101235156542	0.014715764551955016	0.22028275835343947	0.03811092268363121	0.11020200063718674	0.025302704016773103	0.027596193823091232	0.03646425481693516	0.031457629962571905	0.016718696475569526	0.01179162845123321	0.13890354910588953	0.04888242567840188	0.00992025933488967	0.031790561551631326
0.03096834901880806	0.02356657663902486	0.11203247212520812	0.05171185369011721	0.09309025764341515	0.017210819044584852	0.022765081992136452	0.02393744374766513	0.012374291511077393	0.020863343673190107	0.011312352836525512	0.15210936382940296	0.13659600240419648	0.04089619419640237	0.05959486983817912
0.025082384092380193	0.03845688581028199	0.13765227052602688	0.06751620147954615	0.13658751441264608	0.035819263301668354	0.010091149681839091	0.017158466779762918	0.016872492243986483	0.02038209609894797	0.038655515273331345	0.15543178223562348	0.19492528996482664	0.059369105076142376	0.056094715930827384
0.028954112578395284	0.028651698456087577	0.17411013651592602	0.04380656637169589	0.14856611915491505	0.015624796058394296	0.019226477458592166	0.014235112849071163	0.02739966681462288	0.027470726982227325	0.010840526630861805	0.12836295439201398	0.11369864666556359	0.04363284492398807	0.026090876433998957
0.01946577125844491	0.02432648818955909	0.09732955650381443	0.05922314612700528	0.12447156866105155	0.01402818398167496	0.025047073170781517	0.007968355666162342	0.0399207072148258	0.026844848822006617	0.01452735606914327	0.12891567562991385	0.08751363842340065	0.04121827055821495	0.055419120329755336
0.0427684588269417	0.03923891539101835	0.1223939121083183	0.03271479410038839	0.12565807233968038	0.010915309501308023	0.023953152412538113	0.04172719257852592	0.04390662547930586	0.022882958619551547	0.027509206402397294	0.18805017932210027	0.13380458970288664	0.024112117131988974	0.03204503509570714
0.02393782849217093	0.03761158831354212	0.1979192339605736	0.040820259513104515	0.1197093610399611	0.016268016363228287	0.03744554640253362	0.012870120230883682	0.027429227107468146	0.02936448929647387	0.04945798922150711	0.1472417838527549	0.07461115306692398	0.034474713851088426	0.04971303962292212
0.023193896314607183	0.0400439357500565	0.1676062415409252	0.04618013548069835	0.10455508314529366	0.024809075735049115	0.02743644138064572	0.02050449250561919	0.029233867055964948	0.018133899850068132	0.0022299354807580143	0.12634127622559474	0.07237054638041109	0.029639282981273996	0.030170776634184236
0.01573940312127215	0.02936533667793852	0.10384585803200858	0.047681564143189796	0.13811153298858847	0.050285196646630476	0.030752402282229977	0.04369654756447304	0.017870107425466623	0.055882786360976364	0.01785675856412063	0.13219852404685145	0.08154754400223137	0.042235998390883024	0.06634902101731126
0.01760201138620342	0.04544702133202066	0.07530915809269831	0.04361056310050545	0.10172766607810127	0.015231057695988771	0.022254458853291317	0.014324304713505666	0.03119699295381558	0.02120229255318584	0.07104603839086722	0.154749927500401	0.09542626592061823	0.04485147460216187	0.04805163536711526
0.02982784924752679	0.010866411795312813	0.13438301753908372	0.03490610571087252	0.06661531995029014	0.059878428124383404	0.02639973175729059	0.011066033696283152	0.031545858055691586	0.00969645526888915	0.03213871378530603	0.171105145187571	0.13922500431844675	0.0244597179111938	0.08210735724544928
0.027042406736245018	0.01828966105216634	0.13127913665717603	0.028282800345773892	0.08798700507542535	0.028611029719292594	0.028638415102121714	0.014065498431121162	0.024530205348393272	0.0334144582036176	0.008745047729926502	0.1649916017408945	0.06168066843073792	0.014345549866339177	0.04171063693319196
0.023696933373275924	0.019234365094741857	0.1300645496589781	0.026702507871638255	0.10054173506820524	0.026751439247772117	0.025469804583168474	0.018065510160013436	0.015819096297456686	0.02087293370843167	0.023170687130639175	0.11067114444112776	0.13139974901864585	0.019624035247928228	0.0234759335995627
0.015378800159482599	0.023817231114429925	0.1193241229722079	0.06579540107949836	0.19816790885264754	0.032001918414584725	0.010835157468695013	0.03447925163767476	0.02576183838508744	0.01857813102102473	0.024193000885210317	0.10271522983083164	0.06538119760799709	0.05939599056789815	0.07934155852951745
0.01377477259420863	0.020922138816834794	0.1323416280810437	0.027102212919253733	0.18505186787168987	0.03625023645715423	0.030375450105591072	0.031074040020196352	0.01968931225687806	0.009132197003765502	0.022730228252391748	0.147059890471582	0.0823333028411318	0.03523847294744061	0.05443496783822218
0.010321508390814879	0.029678802126093248	0.19399304378203966	0.03883709977873313	0.20490356686219138	0.05706580684628026	0.02954304947957108	0.041607901419414506	0.013665920527964458	0.014348940725938382	0.026667247549931612	0.11473788205044043	0.09295525531138682	0.039543620371165676	0.049510477172871124
0.03547711280643715	0.020372749073250044	0.14642138026275203	0.04141042613361999	0.15897676104949737	0.013326139446036531	0.013625653725819854	0.022374150099362677	0.028442697182771825	0.022919376994607363	0.036746714288888024	0.07869379465534844	0.053646247516201714	0.040708535038098834	0.048525236147042336
0.01222825107822875	0.016979809345275543	0.13884060007565235	0.036368687543734214	0.135927844784614	0.022251566230204398	0.022104280094828923	0.04247003258375694	0.04073500228183586	0.01739908741850729	0.048361097885631206	0.122214746236749	0.0952160751690925	0.037925415341757245	0.043091598327851866
0.022569353648822742	0.027321411061458776	0.14912987292755767	0.0716551284635821	0.22327967733542994	0.029352998192611196	0.020862181148125346	0.025093872642272547	0.02292073989754751	0.016405594838456192	0.04322215187012318	0.1464153515836117	0.11291083711291741	0.07003664176425105	0.09923199457518801
0.01516473359012194	0.020897054809558682	0.09322557098225084	0.04078256372558608	0.15659430966959736	0.02279117465918358	0.01837534347666186	0.029374755809003013	0.03161929073142003	0.010160278109840692	0.053031757050698326	0.19099621873922973	0.09193358800295445	0.039862465474714386	0.0533314623860511
0.03659429768469294	0.05743887108817953	0.1304231556666146	0.0593065260456737	0.24758082906104528	0.028815808028649786	0.030471326121161272	0.03993165428596802	0.03739305491024476	0.03029517728900515	0.019750370622538517	0.1298008219385813	0.08634520130240982	0.07266055660796752	0.08310907652350946
0.02570600339367604	0.058216496665920776	0.08363784090997292	0.04020369654661798	0.2030816873420504	0.01216562415091041	0.017786332763507415	0.03174023513927751	0.03279295928873007	0.006678541332367685	0.006844063517724269	0.0767113095805464	0.10614558554470988	0.042366329114627094	0.03592605933047357
0.01572409863040242	0.04224925531343853	0.13294341806478818	0.03807582483639831	0.162816193371252	0.01756917340659463	0.016225166288406017	0.025266626449681973	0.01494948122989561	0.03355500519098749	0.0334222091932568	0.11987451258159805	0.10055808894377005	0.03549479299046372	0.04571136779599744
0.05154578672275727	0.03274548001373958	0.13183965557338906	0.025422040287800596	0.19360784298502906	0.013185482659984244	0.015448839882789124	0.013163068335164818	0.03724093122845954	0.00679230326041533	0.029688164113662107	0.10899769313355245	0.11626304390773004	0.03496730272227842	0.04684999887949362
0.012259539147478692	0.022172858637075958	0.13771694077183355	0.037758546802371784	0.2458816049687531	0.01988580756429859	0.018226673898927716	0.02967692620145456	0.024498491489985792	0.028022313571543823	0.029714924349336237	0.20075453099364426	0.11464203703590117	0.043559672984167117	0.037824729408674304
0.016421783029967465	0.017982855259667894	0.09864388120726432	0.04283353066274747	0.23808957569703612	0.02102821725762037	0.022658808035804903	0.027902321987266974	0.025033845883300047	0.01192525747267333	0.02204417367177803	0.1656649139070532	0.07263967421180392	0.04774900288387531	0.04240374725844656
0.016460212648838315	0.019788117604231877	0.1284381981516396	0.01547922618389428	0.12625964147368635	0.028650749348020203	0.01548889352220823	0.042099641564358935	0.012105329639564025	0.013169746259691079	0.018505989040706113	0.14366775357146733	0.15209327340402434	0.015796425470198727	0.05927173720634263
0.01926847517682711	0.033628092452987916	0.09582879119334627	0.026998952484148638	0.18440165230824565	0.013699999981336369	0.013690024121514778	0.041741218599869484	0.021427249649287796	0.03935874648282348	0.023418834378914802	0.1848614636559146	0.07762025347697828	0.030261245197769796	0.08541929595786156
0.02032683109666028	0.033784914417105294	0.1307893391027687	0.022833002823207816	0.13843400560105698	0.019718038353289943	0.014435759196529533	0.023883637698142033	0.028012673200107807	0.016641664583746486	0.0067123836248501245	0.1407590038559923	0.06999557935934815	0.028240795453308185	0.04300310194425096
0.0251111487942017	0.05269065213389644	0.09475320871157092	0.02001147716687345	0.19250601462667116	0.026638200718453606	0.017706563020967372	0.043873110317604644	0.039770884738208154	0.025615468474805357	0.03798317449277585	0.159517769947526	0.08610690799267703	0.016458301415676783	0.04785203893545711
0.03606395010525669	0.02998736556007828	0.08420375838672496	0.02886135623491313	0.21326205113244423	0.03810268407115195	0.014904265637929796	0.014106596820679287	0.026175393592682394	0.009211841856610977	0.020139770386396173	0.17031706662627208	0.1215947007962001	0.031788657721029054	0.08562417758829823
0.018889933485967878	0.02298629202906104	0.08423218389039361	0.07059064966574914	0.25351067411485434	0.030708057744238237	0.029991114163507828	0.030740998885734776	0.03267830136905828	0.02708096419145225	0.0315232347150043	0.14674408670064507	0.0992979892689567	0.06127313957331568	0.07916678555511272
0.022423721481093076	0.027463765719406716	0.07351029868788625	0.027444119600249374	0.17496778727889517	0.01564534765142611	0.016931588324708056	0.042535532592752334	0.01866180491313364	0.03221843490400246	0.027384122225495668	0.18726581323178557	0.05313583395581154	0.029075807456237963	0.03548909959814977
0.027303861318394688	0.028926394130404768	0.08696634272710362	0.0657195745317917	0.23677042309913704	0.05074650201793862	0.0329282940451394	0.048747596328270734	0.03020024041655617	0.011243581728450863	0.014609204289630582	0.13600693262998295	0.08911974598953991	0.07142493027488228	0.05463665293646249
0.01392177888166393	0.027087287821085798	0.177535021232227	0.05807945283066196	0.2242356889600366	0.019318455338032565	0.021378809333151293	0.011914024047744096	0.015784931636175538	0.017540100969246266	0.016236262491925377	0.1502603432683014	0.057110986558856526	0.05927082099639076	0.04823690660114783
0.007716769443418266	0.02756497382258228	0.1408467126571043	0.02431503462981684	0.1938379267593538	0.08754014852644607	0.02347581250866744	0.028181889528697112	0.032023698380974894	0.009167815096144507	0.006531964935320909	0.1529088077368422	0.057232207743337225	0.029375226456307333	0.03984246433314446
0.010721211258312385	0.0320660851857723	0.08462454245981309	0.02510471290497173	0.21878347788453992	0.05704279861196584	0.02507088238302955	0.019228489074915756	0.01927608058426095	0.011591889913660938	0.003768840657233795	0.12201112643676863	0.08381198914198942	0.02775425374560789	0.05644993958745416
0.003014056400279818	0.025795135293323893	0.1181004829268528	0.016189501254995332	0.14667004344039858	0.030124973479627767	0.024425487944244307	0.03551956733026334	0.0393190802645644	0.012670058347129002	0.013633916171023844	0.17375733246528885	0.057327748087127844	0.009523372988651876	0.03405857981818474
0.027486598651501853	0.039430915747053465	0.05935522899029453	0.074168149173654	0.3133604965439771	0.03122646343859298	0.024341765666120722	0.025484311564605247	0.020642469753107524	0.021443769679962206	0.005136801752674306	0.10593523791743675	0.0619390676637696	0.07921905170864418	0.07794946126051042
0.020243047269989968	0.05056629908816156	0.060998436651296936	0.04968719522493015	0.22922093582513217	0.028072087874047073	0.02685256408457053	0.018611784053785854	0.011929933838740445	0.025718719080291993	0.016443635026816124	0.09279847118065258	0.07854762845445251	0.04069007821529324	0.06723320147044412
0.008541825433140087	0.045511842975624085	0.0843360893435811	0.048516341625650466	0.21874912518203565	0.029775061720951946	0.029275956887703184	0.021683217571335997	0.040902868041984855	0.012874492704377578	0.02489851472814076	0.18715986913336277	0.05346392439409866	0.04692256042557953	0.0526301898567079
0.00646076732785863	0.029229268865578938	0.07004840188518707	0.08920132602832023	0.24788784155259258	0.014829430419433059	0.023617985710572578	0.03315779458413591	0.02289360749909657	0.013919452095691788	0.007278674283337995	0.1202966752164538	0.06948707005464697	0.08747883955822029	0.0958506051904127
0.014194938123552032	0.020764871864859466	0.045461303181869424	0.05908128739118201	0.2597532124288658	0.00939482253761921	0.009254358209335215	0.019309203974445948	0.027621159607657802	0.012396031845058341	0.017269794715512023	0.12341475010823355	0.052205917052281656	0.05301367376138627	0.07194254755106454
0.018666437284774805	0.061379851992160304	0.08209438617891818	0.07997094217165453	0.3334948255658123	0.02992269383245543	0.02274320137377818	0.046949592143869213	0.04726764986824493	0.022661153580177982	0.047078711040940635	0.17787592149736411	0.038192968289147006	0.08284974867860505	0.07521796319157115
0.028294241164017197	0.04114361151412822	0.050637106422191595	0.043553750864745826	0.30058801986572287	0.03750169587536882	0.01972635214984644	0.04024385794819948	0.03233524730481497	0.009035077027271287	0.024208130991075712	0.18009621265950304	0.11363226035285373	0.0439876366186333	0.07932458382181459
0.022855714530642	0.036254478384006444	0.06197358999609054	0.028498755341374568	0.27154776932547253	0.024352948409587797	0.020007415981914613	0.018970438476111486	0.03402689505173967	0.020212121707204607	0.021334465164217983	0.21201509179272945	0.05526970526536178	0.024137760984904954	0.038911297889305765
0.01644289483789178	0.036745349231321195	0.04916348890680635	0.06897820983764703	0.2736582762170441	0.042007994913583244	0.02026324164499208	0.023734225048749346	0.038059875042330056	0.02712113070665859	0.005919198946241959	0.1320853811036161	0.07242890797375084	0.057981127946732866	0.09276760505328814
0.010844290160373004	0.03645416882667127	0.07096852817534903	0.05154176697066058	0.2444992465930041	0.03408432974736053	0.018676359983251123	0.028330346269280993	0.020114681986447364	0.011106559960276666	0.029024312486562582	0.12787253952013564	0.08287710348486896	0.052591385927799106	0.05853547171524112
0.006674449224531982	0.03705604423964952	0.08314497669374556	0.05749646964634006	0.33551579763330924	0.013514340836243338	0.02354262978909586	0.012051222334417319	0.04495972069234958	0.009564503380576905	0.006353090729134056	0.10978581515072593	0.10140353840117029	0.05208309303891312	0.06319134521910273
0.005134277772311538	0.03886761160398691	0.0926310910597389	0.048241138813304184	0.25541105706821754	0.05434422613206327	0.03573342322225644	0.05195270642034119	0.042114025954809696	0.022981921428591907	0.024535883246595256	0.17950385608547267	0.06328463023817105	0.05216266847897832	0.051291169968354436
0.007050767873681474	0.0260078512066282	0.08113726490765165	0.05095711786885937	0.28273517960620925	0.030765875199479684	0.023327121208456383	0.013269109761836814	0.030720930846255264	0.008958999576709857	0.005859214016010985	0.15823406933362058	0.03335508816511652	0.047218396705534675	0.06567960332552863
0.005968207748214242	0.04724928047070018	0.047144894023516806	0.05427469470551204	0.28006064603188935	0.0543304020008057	0.02930655167584738	0.03490854430400004	0.02383569080787789	0.01137035822822856	0.008667032145931432	0.15382177572424008	0.02260806115099896	0.050417881600020836	0.05291165405930224
0.012423237042389207	0.029698761265345878	0.06607636858483981	0.028271624859645825	0.2092165822721267	0.0654659121072826	0.022427781937966615	0.023639388534288548	0.022160006386380098	0.019195146866509125	0.01603945866489318	0.12419750853336099	0.05603309272844112	0.019278762745334677	0.047167316501058765
0.020102215849598606	0.03009428796487632	0.06423138037810357	0.04793142431505249	0.22212318818118915	0.04726145931640773	0.022565003224612818	0.047786568964721485	0.03206302301762912	0.005938875784438529	0.0327178827764142	0.15520555739497296	0.03875237087626281	0.03484219841627048	0.057993219550585076
0.011298384966851522	0.023278251088593802	0.07034550369099424	0.06884614857716168	0.34298811783035094	0.019606571677162822	0.023251180210545386	0.014227780236223696	0.019725057851255594	0.009268496358679056	0.01789139181509597	0.15588790515817308	0.05187360636831289	0.05148161516956277	0.07283108935210607
0.011880728268176304	0.04037927090965291	0.029124006540275024	0.05742345425172942	0.2169835849839762	0.05556204634702479	0.021207834282767245	0.055348959329745775	0.029543818874286275	0.01895349164019465	0.010502469096364713	0.18576252964418796	0.06813879552406224	0.046570879121038106	0.0812008590404229
0.005671821443744389	0.036576040969143374	0.09923846094932924	0.0593909493387326	0.2713855550927639	0.024441486929114152	0.016987108592773553	0.038720002624868834	0.03096575673519496	0.010303028059378695	0.012467624856099164	0.2283960801115512	0.03560567582544751	0.057317213622222474	0.09397982165831935
0.01793328595126702	0.023578860712359297	0.06064156327837776	0.03777526514256113	0.20936711267970412	0.016719214151942698	0.018945015095188335	0.013069995020101602	0.0225956310422611	0.022762233641225108	0.020176748489626344	0.1152551691528764	0.058795898104206296	0.03919382967119425	0.06385715441216132
0.012622406895364029	0.0466236525727735	0.028902343740495377	0.04884834057009455	0.25486650308888553	0.06731008470728807	0.019004149357238667	0.032334195792715875	0.02206052277726343	0.01056102415718026	0.01578675622950724	0.18434990002384496	0.032989520345308186	0.04168922755820208	0.11576358207810564
0.016761735495045796	0.034716869216622946	0.04783401855606348	0.06891435788200953	0.3191417925996566	0.04439991488461883	0.020286213462643077	0.034177736865444924	0.01590002253551029	0.015854248244506052	0.01785267948506242	0.13658321950112817	0.047531426977050525	0.06357435223087488	0.0762134389072539
0.008257555457902674	0.025463252260648356	0.09415671361085264	0.015727434738585767	0.21143976482805932	0.04950478579798141	0.02532687762627092	0.04384400156859529	0.03271257631081768	0.007297703777374778	0.01389533622287433	0.1675280780637928	0.03757375048716253	0.017667530266592707	0.05551910186756876
0.013358558037632338	0.041899808557608956	0.06609383590679013	0.04035051582886828	0.33401249237749775	0.04275455366521085	0.018749885448472222	0.03699195765135543	0.027992132536482445	0.014397803879384042	0.013598787791395183	0.17425785931609902	0.03431021444343095	0.04271627910091238	0.046513687835039244
0.008220757130930456	0.032743254335973374	0.06008234498139996	0.04014524650705262	0.2406651700399581	0.02448745943284666	0.022417728991306823	0.01865586764867685	0.016937045118747163	0.014875447875908283	0.019857659846332837	0.19202846558115133	0.030297496709497013	0.04808899871835993	0.05402162505774823
0.03127699026368952	0.042335021416032854	0.07012763390104715	0.11291908690241845	0.4023917650993167	0.0892287409515115	0.025998932204623633	0.053603934676010226	0.02473373433635358	0.010025840868099474	0.005198550505215451	0.21099788484094767	0.012459070575782983	0.09132102051400195	0.08849169466527577
0.03273417013457303	0.04928798048449844	0.09018982302377947	0.06059850047169681	0.24341939934263762	0.02148174758850162	0.005474403192955488	0.031004411434163492	0.033329180806377846	0.011289423034485708	0.020395744621588142	0.10632764876189539	0.02619439507429294	0.06046088905002833	0.05633420270081836
0.008870277270437614	0.055878417088370325	0.09382697476207522	0.06902573369736145	0.2512665791777536	0.05568452874953373	0.019088865233140715	0.026661789506203678	0.024344979636500935	0.005384024542205031	0.010241690503542353	0.14727102776259052	0.021464284322424327	0.06659708478626984	0.0854035242994709
0.0069677016716354935	0.020263553418720232	0.05882435596793962	0.10671936290126599	0.34058878030193696	0.06652500279199777	0.028983991848081814	0.039511184365988376	0.03320950831242417	0.012054511903033784	0.01804394002601279	0.1544795012360835	0.04196942686489218	0.09658717989063378	0.09963458345747854
0.006679675876832251	0.04068465637019684	0.07674182182277967	0.043405370694079626	0.25952127962552435	0.04489922175105179	0.01830306917815717	0.010175184929683005	0.022491982225150798	0.0137676466500452	0.007706703503567988	0.1609974754388894	0.022909469976532565	0.038675631159970254	0.09177982940044925
0.013966149563685734	0.038136113592964024	0.046198371987172464	0.07580893747065459	0.2354233926869959	0.020074491861095303	0.023661865963265492	0.03260165821728664	0.020984606672395965	0.015008299643050834	0.005347421428593293	0.16924900677659946	0.014177825739705958	0.07270027509122491	0.0607919493379604
0.008963227201289864	0.05018159797278533	0.06395559915613504	0.11636124539162225	0.30738158352347306	0.04508343253685342	0.034106259923004874	0.036562047768442914	0.04644760785352422	0.006812763519116635	0.013951879878945328	0.16706680840586574	0.012044202570867631	0.12185966004683009	0.09258634888267261
0.013111626731131129	0.030063531841206893	0.03546358490751364	0.08787380466257871	0.33108516497665064	0.04164544229660976	0.022096498975914602	0.03411261991203603	0.020210724637916854	0.01052172530714178	0.013143227894134532	0.17515099826540498	0.02862644573060706	0.07961714290639753	0.07292437141131095
0.020289844868497824	0.06059363902412321	0.04913942291623706	0.08713552701667009	0.2823666015709268	0.06658893856902483	0.02316086635364965	0.05017907702350375	0.03846231677235809	0.013982047435561461	0.04709151318293067	0.17403940352530742	0.019681397202191933	0.07180076235299937	0.1203557649575015
0.006418960603711599	0.052086314773123234	0.08041837202774656	0.0499161541526798	0.29155143207770406	0.019156892097950372	0.013529950766636418	0.0197390249381731	0.02749689945582888	0.012246843837922532	0.05421882543994224	0.19099162409780274	0.018681277737360277	0.03964470731565473	0.06929608554851914
0.010822876855654568	0.026890935165416147	0.03896038560103512	0.06813677090937734	0.3687653965719801	0.06294206248984917	0.035245080119488195	0.03566970903894483	0.022110690223086617	0.011062018994446103	0.04482599963205039	0.2580143038027453	0.01579107120846097	0.06363114695032443	0.08404223666901553
0.010057280225672434	0.03192945571728136	0.054492935187903074	0.05087267064042288	0.30949348011978367	0.0615415713147704	0.02294551193092398	0.02240113477950148	0.046460860996029085	0.024003892019843754	0.04576006112766167	0.20648804748311456	0.04242830875942031	0.046592590602940215	0.08308429993923323
0.01600972721547255	0.030835654684098036	0.04382913753563224	0.08752371514604682	0.2769937708087465	0.04453784474431704	0.025647809095720942	0.01803004606234597	0.03847597258418751	0.01584960420486038	0.01810402556663931	0.14799732125306708	0.05788610847712902	0.07330676706502261	0.12795704145367268
0.016226499785665267	0.0552466519567077	0.03591771387734266	0.07096082889442878	0.2934651741416622	0.04399462713767399	0.02003459426020696	0.031268823056567856	0.03444158306491487	0.01709363120397257	0.014460706774800956	0.18081079617752766	0.019875552211562685	0.059270621207788504	0.09409340119350762
0.025972409509301242	0.08765144246876166	0.041885991047276055	0.07903936554638512	0.3316215015471246	0.06957305500859085	0.02205117847662764	0.04074225629188399	0.026452699597578122	0.010170865606619978	0.017596003635678616	0.14160818376545914	0.038518192447338916	0.08077698183195366	0.13030538244004713
0.0213565032172414	0.031080780659239648	0.05521907728272614	0.16260994662043354	0.4249409637279626	0.09585712191341242	0.0159151991834025	0.04234720896190764	0.026756314230853683	0.017643462774464554	0.03164925271484339	0.16753874728604462	0.02249279282430133	0.14477179451026817	0.15917683541163263
0.029755006488503617	0.046461101620901286	0.06266495244235849	0.06059270962991824	0.2479532094462185	0.050303251138536814	0.0247746855554882	0.04917062493836642	0.044911166315200195	0.010278944784346928	0.04252897119880573	0.17570058773818675	0.027312686059492646	0.05318663594138916	0.06475992745695609
0.0077304576273961355	0.0467405153564818	0.02632048482655366	0.05720071742537808	0.26207618145360867	0.024977138069715393	0.006249432170621248	0.026713450753233576	0.03716045063719508	0.01477003458981663	0.011010022730530767	0.16909088080078893	0.04632091629701478	0.053089081342225855	0.07017194844873074
0.014848990633697351	0.027147978642085933	0.04061710753172148	0.12277741013863191	0.4311407944193479	0.01347791287980506	0.020552910736081564	0.016337969647337098	0.018622377801412186	0.007874788739216997	0.014445286563279303	0.1657571033375032	0.03318170218171059	0.10712567416544713	0.17168826510455626
0.03312207185224808	0.05384903098351362	0.03592565254633866	0.11999186192495793	0.358130852433168	0.014993584888293257	0.02059727704409756	0.025528168893324914	0.021837415738524907	0.015621001351452442	0.011886321566449852	0.18792366673722133	0.022308015345282	0.08524540916473412	0.12738549279656522
0.012118713490094399	0.022979921331886786	0.020348105351042298	0.08966777271958787	0.3866569927600265	0.048740810299459994	0.03558528735057256	0.04012599916947827	0.03265889733207437	0.015407477029357037	0.006099663576001018	0.24027648578516542	0.02479307632788755	0.07945214869624374	0.09279093133422905
0.0332110269351412	0.04739221603254122	0.05401713756862841	0.06956713997258278	0.3175260790188691	0.04636188031023201	0.028807862258639502	0.03165530020889657	0.019891358459331727	0.005701422321458087	0.01593336118089778	0.23401030596295858	0.011395495161382036	0.04262063779236558	0.10650267415161505
0.030744842535674843	0.05916678969260734	0.05750718839623458	0.11367529846326979	0.3715990081663848	0.07903731085047386	0.0296155397454765	0.03928371415606354	0.03672894678130006	0.00831776220873238	0.017526208703240134	0.21707208035893227	0.022036026967311762	0.08500666720718736	0.12450691548342493
0.021923580945986437	0.06526134509998058	0.04691935140001673	0.09269190656036723	0.32025169242089396	0.04037728770177253	0.012980980597040294	0.02493838256013703	0.029765335581293743	0.008973722863755114	0.00809693584835791	0.14594721361186533	0.019176945103700216	0.0700039136690234	0.11184263776734177
0.013480837428309047	0.04380874880195256	0.019450509661496737	0.06523913019885871	0.36575281451651087	0.048108517171862625	0.01758039966312517	0.04200574912197967	0.03658547902143843	0.01139051351715142	0.021956558664668384	0.21535441093878188	0.034008315290675994	0.06490212552829787	0.06480178429194688
0.01436482958635207	0.0284652775781911	0.0387179748571419	0.0841061869749734	0.25460974119658947	0.03018971919357598	0.018918537140461367	0.025861151449050948	0.03217073940291985	0.0065224516459715135	0.01107746883491998	0.13376852544778517	0.02918126095625535	0.0801217805683041	0.08124774248599301
0.022631551560462856	0.05413507775911375	0.009159119618811893	0.12777241884470947	0.3865511012442071	0.03085526111234788	0.015630469879982883	0.04738238895308696	0.034248925774134985	0.010215449839804085	0.007370199312819603	0.1599470623746115	0.01739307248449371	0.10030187619740887	0.13375105741913176
0.025475435518520325	0.058282620130588415	0.042101021123307124	0.0418953955636951	0.26558862679182316	0.05204006322454192	0.029471332966844076	0.03306063397247677	0.05237389589774854	0.010130032255103345	0.020125004155309274	0.1808828552657625	0.013736981437136517	0.02342475032127235	0.07857237465259587
0.013181553705893823	0.03928553245484414	0.022283631174029483	0.1579342384886905	0.32685377029853735	0.03445379064235404	0.01882873206321764	0.03406071255094713	0.02985879296670909	0.012017262685220634	0.04099475165925477	0.14244853348990036	0.025649843555472687	0.1454518936231363	0.10227503215231419
0.023459830150010616	0.056946447841651975	0.03654967196051234	0.10337837674038787	0.37830426417699486	0.03431382925011369	0.021020594426484043	0.0415796083558434	0.03465789551689966	0.012261186056397727	0.026328640986308244	0.23261634702507827	0.03182288827666473	0.09597042410920237	0.09756864257832745
0.021269159016895533	0.048959658910222595	0.031883094028035824	0.11007323221722447	0.3447436904882168	0.034651025010416836	0.01906596362410451	0.05960871315763886	0.02355365220342473	0.006711257757767209	0.01947264398220012	0.17891249717950283	0.022972311483871213	0.0981662053598409	0.10510004346298539
0.041876516460576996	0.0675031353339914	0.038293905854223244	0.12425925384301209	0.4228125935578565	0.038836822259753094	0.023265074350685398	0.0351159297688149	0.015331060987969726	0.013362278551038047	0.02126504203098895	0.2243844545450595	0.026307010689505157	0.10754229966031088	0.1128016511863229
0.028281434531910073	0.06782957712447872	0.03576855584292103	0.1100364220125929	0.359459899732604	0.06411573393576363	0.020582738412588893	0.03592553686520184	0.0221694171189953	0.008693208433348303	0.021546047142277078	0.19239921134415353	0.027132639844963193	0.09346648715995473	0.11642487703425347
0.029239550415994554	0.06419928492342147	0.03397612368452788	0.0774554591800303	0.4417823599873694	0.02490568248007494	0.02127660616657873	0.052348431621333485	0.027909561373522226	0.011020514771481657	0.012330806383382388	0.2164352729788216	0.01793697727682518	0.0643962422560338	0.06258376766930769
0.02686720411712304	0.04845402060051744	0.051702394058300294	0.07267956625173431	0.3051610351762487	0.055386454066813334	0.024821959250416033	0.019272429543613134	0.02192115367898019	0.004372649002558055	0.024246606635283934	0.1695917346175846	0.014980130378838406	0.058266139200587465	0.09650311180101953
0.010583277048802738	0.03981121236907252	0.044121101722870135	0.08229934838437485	0.30510325806212263	0.026813639778653205	0.010378574705893656	0.026942368387332105	0.026467455966320816	0.020922186590725245	0.0037894539905469907	0.1598271295319017	0.006853003674584873	0.07203065550743026	0.09545590093735107
0.02614395069547726	0.027498735244833154	0.033967020369771624	0.08491435856377959	0.30997732713962967	0.02982032562940808	0.022262320337647457	0.016326890716788913	0.0334244354061114	0.009469277162360951	0.026829563069135108	0.1922492475133544	0.01796431906034051	0.07281908919551519	0.09016115398415704
0.019498327237290038	0.04220062810987217	0.026376942555134432	0.053357750592141234	0.28195179658419245	0.029547884485468322	0.013105159844633842	0.026088169675002163	0.026407499395094486	0.011670221882176599	0.037923630466002015	0.22595737965107857	0.01578315486147172	0.04055670902770462	0.09793225510329003
0.023258793916653114	0.04118753206228069	0.01578308777491809	0.07932991873994281	0.340027271647849	0.03713466563974444	0.01312871565684444	0.019649762602085754	0.022809012929255745	0.010615788405979374	0.0066178936969335245	0.20580506674059046	0.012929001383595642	0.06813107459624652	0.10354860114346849
0.016439766763174567	0.06864825201143442	0.02077182102470115	0.11147413285180109	0.39882282902731886	0.03897395883177461	0.012997434561014348	0.030390310523446123	0.03019629522894969	0.016479882088292205	0.02065814302638919	0.15018418854874252	0.018457877846275637	0.09943933855192469	0.09511281001114198
0.021651384221479022	0.047737691981347086	0.03252096395189358	0.11227647692486191	0.3699963531279208	0.03597439825976596	0.021673232173174396	0.0588947442005047	0.03674725421560788	0.013590134574217544	0.03940481177687341	0.23080007697408797	0.019177463277886702	0.10728786268828785	0.06211979709335501
0.014813373838043077	0.030837873178845183	0.07184137239013987	0.11031678841675241	0.39252809186501103	0.04787936571399467	0.029765271609460464	0.0290320135906078	0.01906036242198082	0.004944141298265339	0.030058007243143045	0.1813677248460561	0.02341542901205198	0.09145369502897918	0.11720415280127601
0.020319745091732386	0.03524623183119838	0.04045686162651035	0.06864838533451392	0.25891222875803466	0.052878453379740974	0.012219267708625784	0.03347396794814584	0.034411176981558954	0.019270926522092995	0.007928883071913712	0.16919680228580591	0.02118626169038845	0.050049352636015294	0.1161004228164521
0.03349538256290919	0.05094483578030635	0.03372826998388393	0.06988670310150684	0.27640012787246787	0.06002073262011499	0.022860356772460556	0.041009402419933005	0.02089833315647887	0.012434482193846647	0.05675554770910465	0.13741006105195672	0.03480943864372142	0.06992363941942031	0.085460070361587
0.038519113950471084	0.07220171988372992	0.03396497573951581	0.08255598439140424	0.3003809846957635	0.03783171359094942	0.024724877886024565	0.01863510041739821	0.0304428676823594	0.008438627866703748	0.026040363334839885	0.15342180965578844	0.009287520554386593	0.06226234495903874	0.10474687512712734
0.03379066340416704	0.04668888994499198	0.017447413397892363	0.10179071889318057	0.37941474912923817	0.031181604639263054	0.0204298203898671	0.02464486869775965	0.0341190804971869	0.0061585265026888126	0.010660984194150916	0.21715007444341894	0.014678392149987663	0.08381030045119983	0.11296467869812807
0.03929260566537487	0.044114729456119973	0.020038754849774167	0.05871192878570504	0.23487680853923867	0.021395713109367834	0.014949091986403089	0.016290227916378942	0.01547097238526175	0.008437263930254667	0.002097174889473935	0.12536096628121357	0.032319222108152953	0.05214338823803961	0.0635540287464635
0.035993012012249574	0.09520616096703569	0.026826602826488067	0.07521411424213542	0.2737097084993339	0.04170818715815247	0.01799537345469926	0.024337513474394015	0.0487171145662475	0.015065092235223716	0.023065033096808605	0.21563332609346117	0.015671546449409084	0.05043962101820478	0.1227079249109966
0.04090341519299744	0.08459152639558477	0.010101808210479592	0.10648741176073831	0.37130946638184753	0.041106939907192504	0.016406159099695845	0.051998971863984104	0.03146115175806769	0.016025591642229112	0.017563261575662056	0.27792433429274194	0.02313151865087202	0.08224048826184231	0.10464402405418412
0.03590389596791583	0.05498010109910287	0.031112028801044328	0.11821660414965714	0.4315575020537009	0.0452366694071685	0.016073111339062755	0.03292055907966829	0.02609795023674221	0.023420875607657578	0.014427533355040113	0.23935985172847438	0.028851614611807155	0.10536489755431905	0.156947570179592
0.021836317568869026	0.049178101250395276	0.02919665461941959	0.06381018104459317	0.25127979199372047	0.049997397234487984	0.014451049377530717	0.030317176257525842	0.036060977982745206	0.01718888409826775	0.015535443424667334	0.20931234139235558	0.021538750759705336	0.03886108624318564	0.09540228813131237
0.028706874048882898	0.04925270526683507	0.008634469247789968	0.11983793630762073	0.33640861431478253	0.027063686811293737	0.018440068394400468	0.01935523721085547	0.03067427024712904	0.004959257872521752	0.015736720980575977	0.22972871791075564	0.006354810783788631	0.08256304262574464	0.15266027199403778
0.0209504699390433	0.04385299454462757	0.01498504714954293	0.06613625885768548	0.307138899831721	0.04717718646344984	0.015383487803233866	0.02993545539177408	0.016311706238262207	0.007679801479395679	0.008880535442340003	0.20149178422890948	0.00834167224431045	0.037670566312447445	0.11922648172192699
0.019650485003523763	0.07992521566811471	0.03410085004867325	0.16413070989529674	0.3726886212473976	0.07005262920805623	0.015323830750873083	0.04165946849523921	0.01626819278954196	0.004147981297597953	0.027263904004104233	0.1527235421581128	0.030523808939132913	0.12310847468778156	0.12927738319115742
0.028408288422381574	0.061186059806323786	0.022976007022515395	0.1226447962720555	0.3593287048711678	0.04108878758499802	0.026180937998368882	0.038084298665702496	0.0316136972199864	0.016771862508799248	0.009647532513066383	0.22360420178496865	0.012074668264777122	0.09321940680004508	0.1413601299178192
0.031382085226444596	0.08349053916842362	0.023029829176027028	0.1154406140699951	0.34395043293048216	0.04469401783654812	0.018872577412945884	0.026860215487023227	0.03726418869096024	0.01774307047168732	0.015381536231432437	0.17716633424849354	0.005416817198983143	0.07085035240232894	0.18286461546801047
0.03275194737691296	0.043933329025257484	0.01677842310801536	0.15679393328637498	0.34341184938219205	0.016358885765776827	0.017031669368129596	0.026000312849839596	0.023304049401387594	0.019302058421177236	0.007231169484413727	0.13433589987429542	0.017597783950226716	0.12490624254795109	0.11474936237889885
0.0319231976650805	0.08751312965875832	0.011433863471119294	0.13027044415463876	0.43576287733168345	0.0560767587502803	0.03371771103262051	0.05661682088722471	0.03722466089575076	0.011056999713215505	0.018504264984619594	0.22887262198422956	0.015847903605706228	0.11637637013282079	0.11391853427256528
0.019949725724630264	0.062943613103674	0.028019860412312275	0.079214759612949	0.30702622656679907	0.04977224620701711	0.017431641604163755	0.03395922777510284	0.058090618415946746	0.016334572098128483	0.07560341535594732	0.14616771145966742	0.022200186514830668	0.0694830456769423	0.08612457072515438
0.034492030754074254	0.03881706543551771	0.01786005194245641	0.10236119172185092	0.3510921937551004	0.044932448992080806	0.030531285428022307	0.01932852347316391	0.031232976036456583	0.019236133505154296	0.0154355235332429	0.16153689960209508	0.008882610059814779	0.08233505384293338	0.1468912826736147
0.027576689978000633	0.06551273066079949	0.011629334658355788	0.10887445540646004	0.35876731557536	0.08432189369642906	0.017411795529133467	0.057795989237714826	0.020672801707695736	0.015631669413031686	0.022062046592765144	0.2366558222618385	0.01729116490016698	0.07843507258796575	0.14867088965854294
0.03946135930251785	0.040433214748077415	0.01203798381403012	0.09563719221045554	0.3250418976236315	0.08170536004310454	0.03451092766597391	0.04163440557759161	0.031984278688112724	0.0076109208804485224	0.011309354152798332	0.22751137032054106	0.006472330730788638	0.06536894951953794	0.14845867230862203
0.03318842762713728	0.052701791363801216	0.0127729482448635	0.09872654584768721	0.3309238278230272	0.04581821031070877	0.01472944498811897	0.029439863032208493	0.024402415067331363	0.009669920526820988	0.05441348745990663	0.17717344670531543	0.008465196513079254	0.0606778091604798	0.13805618233560046
0.033821950350350134	0.06412190068742538	0.025691727292040046	0.1287670639612191	0.3468348176120949	0.05689618577416891	0.03222432591444956	0.04296990330277655	0.02501695230683382	0.013170175508156055	0.021284256721293342	0.21118984116482162	0.007168195740095653	0.12306378205545723	0.09784533915216959
0.027962477831805645	0.05016859425229263	0.011729903861914366	0.07577823186897054	0.3317966345027137	0.02220731803960841	0.027749940640248338	0.02893216792623195	0.045231915339077285	0.015259773261756114	0.017599740435567886	0.21831179394386852	0.030454969738735887	0.05232559202707927	0.07401900116207083
0.04799262620448478	0.09449261610395385	0.01899567564366793	0.09114857454972249	0.23556600429873298	0.027768065491552352	0.008507792710198865	0.03843756871141257	0.028844618328650363	0.01828932173524738	0.01876008961274283	0.13257273591564694	0.02330920811068267	0.06644335668401495	0.1160603301491588
0.0519184090584831	0.05950886851407193	0.029777012929545568	0.06792692046770049	0.2596734175107905	0.07424212932129705	0.021630140450365123	0.04330147917629774	0.026250204875942706	0.019304841660747564	0.015088053039510985	0.21794498352729863	0.021118244455375534	0.03399508419726863	0.11864650674430918
0.02241523309473048	0.05957474987557902	0.008445425523478696	0.1413682092056593	0.2923750723179255	0.027082640085190946	0.017021934687476512	0.03288701049762157	0.02464254890199699	0.017196804341649427	0.015147328154682815	0.1271323062441388	0.02992929259660519	0.10615301567245056	0.1718753719228635
0.02846812366429635	0.07707466199225903	0.014816460072058776	0.09662967351898825	0.3431340580328974	0.040213260691505694	0.015771256813053892	0.05155540096187637	0.028940252351241445	0.0058533592096783335	0.049643603359740385	0.17461330642384149	0.0033312910966466045	0.06791647747178454	0.155275694688785
0.028275304653683532	0.06859159957758398	0.02198348489011989	0.07076881942932056	0.2955643017150504	0.03154845592384726	0.015874898479065685	0.03569018723947964	0.015488877517054772	0.01598992543641502	0.017739334363064223	0.18105224042719295	0.011939926534848629	0.04807314750463745	0.11380647772187352
0.042192582613542105	0.09587943398139825	0.03403898999611775	0.10073127603405235	0.3059570170571263	0.033009445765608894	0.02494459116346958	0.03144266437996964	0.052637641193231985	0.006487604107027567	0.044992158089453504	0.1398905890736512	0.01644031683140885	0.06182377654964105	0.12835036409197823
0.03879180692316059	0.06443451514643529	0.017427542923428952	0.047883848631587594	0.23222743209148566	0.018785877335460242	0.01115221156055167	0.027313040707077768	0.020972540093802984	0.019128048074913258	0.03609362402652671	0.1603757766052709	0.005365983861407812	0.025030324725531485	0.08876977371531596
0.040128553401646075	0.06922216178731223	0.004346248564421803	0.07120885632711726	0.37092289399495426	0.08147084420073715	0.02643434233260444	0.01939973396602422	0.015925561369892854	0.014018950191408612	0.03239873610263948	0.21855782323698006	0.00571155347313841	0.05519617535966774	0.0995841037989
0.02089107829160033	0.03778774538907603	0.02090145967906074	0.08638232592616886	0.28348302861263913	0.10761021236141312	0.03035511448612491	0.04058783370793374	0.026911432859411343	0.015247379118220755	0.005598133902243218	0.20612374654929114	0.023095418567829158	0.04109110867479939	0.11056757873128345
0.04894808953660167	0.08637279794791043	0.01129941502043202	0.045498858482957344	0.21334392401244756	0.03527146238359443	0.012852882832442286	0.0369957941356311	0.02065456024102695	0.00911106134073696	0.019688305986356677	0.11702190519898728	0.005449213770451615	0.014483048406456346	0.07948180593843711
0.04122315187924631	0.04116923377422973	0.0266447955810508	0.08783831804735072	0.31118686514979643	0.05730333825089897	0.023492542374925752	0.023432918665006998	0.011089184958255041	0.023128107663132464	0.01938107665062744	0.19361843558344005	0.006155853361635709	0.05238277293020444	0.14391401882229365
0.038507399015402004	0.05302170779977973	0.014849577459693702	0.08146530851687497	0.37730392367157867	0.04331269434315017	0.021807131899682367	0.02207645926971785	0.04676754466651675	0.012427900346034174	0.05074719032950733	0.21900397023983464	0.005690262950048114	0.05147166155950309	0.11445869798803444
0.029422514718109458	0.04465598422856017	0.011477644372498196	0.09675561090160902	0.303637709819308	0.06535316580907068	0.013301898644192367	0.044018917271298065	0.02930547312789301	0.023335871510658794	0.01881502865722587	0.21447635593479775	0.007914429365664312	0.0643826474203082	0.1398559058103693
0.024582097220357483	0.03188103882774147	0.019076887022818848	0.13632885227784358	0.37706866919288223	0.029283656670926066	0.023434047327713155	0.026811753714294086	0.021510550995168555	0.008844293993864855	0.03996692558154878	0.18453910984975574	0.014824201546196297	0.09696527925137548	0.1552381390416022
0.01883667040971583	0.056124342767889204	0.01127022166566374	0.07498866763774542	0.33417747920236845	0.07221105048486903	0.03428154978282115	0.02730560303734729	0.0437556420490895	0.01114965292609349	0.025670346814969033	0.19111508148977438	0.017544843784690088	0.042916954468214454	0.1591263301851859
0.02152212846571507	0.05661711991954797	0.017794007742325667	0.10137773813265066	0.3638344612754111	0.06135115272766369	0.0255394070003497	0.05119101113584378	0.030330222032946663	0.00640409708376201	0.06818388192222784	0.18904679330938132	0.03371754380539372	0.06934431220860535	0.10243030936921318
0.03663142373113009	0.08212804978564196	0.004075647233089593	0.09808701348912598	0.27521409606218755	0.050936233091916805	0.031302536132428255	0.04533678134492549	0.038981817773060125	0.012373520623039409	0.029393749752794778	0.14077808600162453	0.011781872222822135	0.05881943821643855	0.15695473453232706
0.027128502277891247	0.07795841992321709	0.00962118051450231	0.10034965140794244	0.34581527643060034	0.07706060697125565	0.009626238352003387	0.020736004483893032	0.04167504891793399	0.005861797068256415	0.05064828354624891	0.23271752774174298	0.014050438516231032	0.0549879364746588	0.18563816374474812
0.018202568400178785	0.029371679339292394	0.005891854939335062	0.09574744129901924	0.35696743232924144	0.04316542502702855	0.018678012237973045	0.029924491519093283	0.016816166871594297	0.009303310150804042	0.02377382848134762	0.2514541353854852	0.00609010145060449	0.04789395223506106	0.12443151038528873
0.018960886207982156	0.06451448680414551	0.01793491245613572	0.14220580151367515	0.3656939322364984	0.03850097313623422	0.01564347266308068	0.03160372497061447	0.019488247807748608	0.010995745866798357	0.0373178421656321	0.1612967914396961	0.019018295697508358	0.11512305827918032	0.08983506133111861
0.0442737725440729	0.049862314215414004	0.01571712082091741	0.10314491302222728	0.3011537209781522	0.034801863850291596	0.026444162305938403	0.012789965294893998	0.025181525994116685	0.01245999797545698	0.04289924531859868	0.1682011699056885	0.009412158767212814	0.07196155438486723	0.10838163598053188
0.04069088366081062	0.08735206508713009	0.007547629229097703	0.10467890398313633	0.3607955779905901	0.05739956068445267	0.014384794588482824	0.029835733743765306	0.018448769221460326	0.005381991896084638	0.06778990947418591	0.18519210276206366	0.010992904296959	0.05834285880880057	0.11236760858416273
0.039009537351839096	0.051686561188388776	0.01168430144405034	0.08867653674934846	0.31877355538089563	0.024333500625879457	0.01709881968547991	0.022187019363252587	0.025087757959077042	0.015134679264092408	0.0305598295643085	0.20402751367704494	0.0154032052859875	0.0393808914195262	0.11468420021135543
0.05848207816791709	0.08452499566217621	0.00742546791056849	0.09519490919189498	0.33251235910210836	0.03117020498076874	0.00919882833612053	0.031354049094050096	0.031320130327812924	0.01397973488159917	0.024091699441130814	0.23190097017202566	0.02212695000549583	0.062314328505499075	0.11672198815534345
0.04842935141841664	0.06676822378007288	0.007658692951273546	0.13155568098768283	0.32074994622372915	0.011692261037055134	0.005423715017365917	0.01647537030490218	0.021656922874073774	0.018111631959346224	0.028993743088327913	0.1435020908947324	0.008022556661370684	0.10423378095307191	0.08941380443952546
0.033509458030293586	0.07176900227592824	0.00700629653878251	0.13586817266849285	0.36669377150518345	0.05829982271218743	0.014316609531352402	0.05541796110844555	0.0350360695259514	0.01400043758049936	0.011193751475105743	0.13862920965260045	0.0249085770224922	0.09222276869887211	0.15478632360805814
0.05810607883374473	0.08047543366373647	0.0026450947869407194	0.132002541343636	0.35246332076530607	0.03792650475041194	0.012342869212400485	0.02098934119782043	0.024686426329352713	0.020778416274707612	0.0163705712847897	0.17619212016178395	0.017655009907320957	0.08733661672129306	0.1754113763600056
0.03135825971122889	0.05124458314225273	0.009634318467953604	0.11895682221632052	0.3517244917856754	0.01854981256902406	0.01234573027037033	0.009613200809545258	0.042872246211979846	0.01714706803670986	0.023244375788450875	0.17655231877523528	0.008256207425364951	0.0780327394456382	0.14364205232171928
0.03688264280121739	0.04530339030353593	0.008460078241918053	0.1076410663870039	0.3351002373242374	0.03524553609060679	0.016830148079966942	0.018624359878266092	0.04600667418409122	0.01184490684203165	0.005175994129456424	0.13843121162587446	0.01830378400046815	0.07578197738895909	0.1273059938769741
0.02844495026986029	0.04915098609348477	0.019453809312201698	0.10124887227170251	0.36463458188723735	0.04680249536833291	0.02160382578601416	0.029790641851570453	0.019817202543196095	0.006296479930080235	0.040337646816728336	0.1998266800707086	0.02273317445345633	0.073814071962322	0.12649816830993935
0.0327819143467791	0.03152645254632219	0.01246170408738476	0.14643079574170093	0.3993010064134132	0.03923590808737296	0.0175977625218806	0.03362280392668643	0.02071103231147388	0.007157816859304664	0.0036605468611547267	0.14518198843685545	0.017872070173025553	0.1057214433060545	0.1553943095573493
0.02414072838731438	0.04824558708807444	0.005907440556211857	0.11105444162434933	0.3914200693159619	0.038404263049128806	0.023605142223128817	0.010737212951073523	0.006547315507643836	0.014750967145988182	0.00651865350644838	0.23621092053009402	0.015238653434499705	0.07757356011809813	0.11537865069509542
0.045053251066686	0.05762009861412336	0.012351760100507722	0.10333289487138567	0.3348813179087204	0.011455281131341175	0.002986601013097768	0.029369438419080927	0.01893118111615741	0.023347043169934967	0.03268913461678205	0.1655283092293694	0.03017110456525055	0.06376493464807319	0.1374827273698371
0.036105560227855556	0.06257827156587514	0.0114517250119554	0.09832603275726003	0.3297893255831284	0.024928551439315546	0.010978001476273517	0.04164040591838328	0.02108940294245569	0.011539313305891374	0.05863401117454905	0.20177826990166928	0.009073013577674026	0.07155335724908499	0.10383597075272143
0.05716130296561334	0.09061984324958804	0.010442504773277255	0.07576893787952846	0.2946511160450039	0.02222940081295235	0.021401351971989956	0.021345737986089287	0.013105235456412468	0.010984318494634144	0.07433253899566072	0.19784463547516165	0.013228297161954198	0.04512702664642703	0.12108285097728198
0.04804060326986645	0.06523173480976759	0.002941617076312725	0.11460372405164411	0.36834234520808745	0.04070159949420303	0.011745172779666382	0.01884273178474847	0.020629015215117775	0.009632851879764823	0.020077242803698415	0.18718607669922546	0.01235811141424163	0.08691951523129021	0.09778587637652252
0.033164618022615305	0.06643789703425831	0.004034684199553674	0.08638072966069064	0.273932189800036	0.014009836238160763	0.012312385938596156	0.012930064153250306	0.02780876757570781	0.01689899277341752	0.030569791382111248	0.16068405435792094	0.019009581583233313	0.0650185685851821	0.12708144009391012
0.03779326485387945	0.058187019949975695	0.004573326312363947	0.14357558561257314	0.4170721841078184	0.013159879250853905	0.019312529364167035	0.010046410876860899	0.026239566419233366	0.018206826074529534	0.02728666492826167	0.2045909390920277	0.010431026370907098	0.10297988148434205	0.13470678759261975
0.0356362936933874	0.04839099924363854	0.008033340357361045	0.1491358918261107	0.4066092455578553	0.01111137249589344	0.014322832950722194	0.05254337189739609	0.034084844217679766	0.01062372725809013	0.03105398713968367	0.17656595752617088	0.008771072925382914	0.12868021542255592	0.08267675253959791
0.05694887589944621	0.058514414634053304	0.00624342956199413	0.11055047324642278	0.3888600238257271	0.03522090297887125	0.02151460847198573	0.024327644391777457	0.0224444994975499	0.013692387164748058	0.01474253425103581	0.2505475832110008	0.015370260731960631	0.07720816171957909	0.12180656407856935
0.037159298729245234	0.0667742845583913	0.014481605327386661	0.08106742185237897	0.3158543270275601	0.041356288064136194	0.012047930658269321	0.029672038101798488	0.013998546905427687	0.0057051587230389405	0.026894606937461294	0.19594750134784142	0.012048484288471746	0.05030702497593469	0.07788829242437274
0.02749523284016109	0.04708686265443661	0.010310927701492922	0.09082809270856258	0.3550304494094888	0.06728500403998633	0.015111371468275516	0.03494951410785079	0.017342118444624206	0.008213041954901107	0.009024515118042717	0.1936725461686632	0.013448149253841475	0.06513382347263465	0.10255611333199284
0.03201558525693374	0.05478583848619649	0.002415377400579225	0.17077096211942286	0.5448208758831786	0.10180283713955218	0.03626331591824746	0.041178770382612466	0.030107049964504612	0.017780948628480016	0.047923766826113205	0.2966446519177068	0.01294701185797561	0.12745246085896025	0.13555948877865748
0.03766286840010477	0.05519825005374226	0.008216815497875245	0.10048627543006632	0.41197967842110206	0.06585485970831997	0.026304059516193797	0.029182754692441904	0.025906958247475728	0.012956217259492782	0.031534424856751286	0.21130486975116822	0.009422046738955135	0.08605376202979689	0.1033378367903323
0.043088349004440474	0.076970453634062	0.0046973486877129106	0.12483179299721837	0.365802549224936	0.04747729592951067	0.019740927145844325	0.015505944173462821	0.026198785014425973	0.0086871506277245	0.04211699850913295	0.2171521582490212	0.013505814106453939	0.10215086187653638	0.10881361854399907
0.035806630954147	0.06293704914412253	0.004752861905590978	0.11822814465865147	0.39283788910452133	0.049517636343773694	0.019043606203365288	0.028328244281121844	0.04353721406413376	0.007262367593160923	0.01235654930967363	0.22296960369373786	0.0019266254080153287	0.07669802659237021	0.13440475051205644
0.033595314304609485	0.07131436173454422	0.003728187644994085	0.14336290195714071	0.42360576658791815	0.022183617506508227	0.017728449367162	0.04115943281450576	0.040341747223384086	0.011557474125948453	0.012767860873256013	0.25171988686338914	0.010382614269287242	0.10232586671846286	0.14058294884495112
0.027562984698308313	0.05828067293263424	0.006688376647924245	0.0667544759435797	0.3316953419766803	0.03448798409434041	0.0194961258345873	0.017378651703305523	0.04171236273125169	0.014516151591461263	0.008511764698293872	0.23117743184772047	0.013843115989072017	0.03911984931720338	0.10797016858673641
0.054153705761663236	0.08348744017566133	0.0023569825903613194	0.12350183926156069	0.3562873198276354	0.036168477290055706	0.018402093091012144	0.029990288946195456	0.020522101946214004	0.014169400761274577	0.02595420936363229	0.14879213118308515	0.01232372951542745	0.09352996664029432	0.1154884597344324
0.06869195439272581	0.07305872297535905	0.0021649383101653517	0.12646509529704	0.36857007246474766	0.02717347640691626	0.018533732657722575	0.022095220913506658	0.04345785877726463	0.007411306338984265	0.041195515155292774	0.1949649005575255	0.029924683168469874	0.08552506272394678	0.13804329028494336
0.032426719101563646	0.06818895919225738	0.007836144969798241	0.12414685088919304	0.33234742870100453	0.01799298144149312	0.018186645370288367	0.016123623118015754	0.02155703285950464	0.012357814325206879	0.02868331615119462	0.17926519780808844	0.024884390875927944	0.07889997351092658	0.14403908096507517
0.03919257068362857	0.07221644354038206	0.0022043107058789253	0.10508411412560903	0.32618664372615275	0.03750469840706476	0.03137946112719523	0.02210511514251271	0.020886091255360287	0.009670851637906262	0.021131361006530357	0.20908070929560793	0.017851300479564552	0.07236810315698308	0.11289436799326204
0.05023485537416651	0.08042737246502148	0.008640960903855065	0.11559131794370824	0.37470509228686283	0.08224424758525233	0.03332108932063488	0.06371572790187396	0.026620405788990123	0.010927920658429967	0.012944665901808672	0.18873375983714658	0.026347674700641484	0.0870606786422745	0.16516114028585024
0.06507069728612778	0.11432364667607522	0.0043391759442470085	0.16443264407456676	0.3914129881361879	0.05242337513258402	0.016932894509370647	0.04710468800998956	0.045807280973476215	0.009067908579370372	0.026283492999622467	0.24290095107895163	0.03162226385522563	0.11715465323201762	0.14295790133225542
0.04619935929767999	0.07363233957792412	0.004339492431434612	0.14134747184545243	0.39229750305927735	0.03437562462706257	0.01703181079270748	0.0334323402759969	0.03124102596397168	0.005439661031284186	0.0044657985570393235	0.20028895787348439	0.027198590442312796	0.11036341303922109	0.12815910047295673
0.03579364542054233	0.05996455213323012	0.005643503607951689	0.08429047322461058	0.3231679513690497	0.042466188522523554	0.01808634170641289	0.039042727824509765	0.029654873079095336	0.010491939727571734	0.009824740798624203	0.1860012787993184	0.012337921639293254	0.04385419116816326	0.12404697047963231
0.03786169103646147	0.07605148907049591	0.003002170096577376	0.09703897353799709	0.348451517504045	0.038848524898940986	0.014486874913061122	0.026197878431231638	0.016795604119459583	0.012374151824578522	0.04209043834409245	0.22495712729353323	0.011081800364980306	0.051319081029691675	0.1322605214535655
0.03611855126283706	0.04488618023364629	0.009681679373788846	0.09270667703538904	0.3409116886330526	0.019050178818887757	0.010207892771861595	0.04142866681168285	0.016676971426194648	0.00853530919617379	0.01665302029170184	0.2375670397118444	0.017221768994891574	0.057402189511956705	0.140033137402337
0.023226907326288553	0.05966361620027481	0.004026875614038994	0.058373073036018804	0.30566405309807493	0.030004411876511684	0.012913114247533672	0.025938599969574854	0.018877943595093354	0.009821048934128709	0.008350616694865219	0.17480989951920795	0.024221831098560253	0.024916592443320514	0.08783656236431282
0.02810812108225406	0.0626906052237777	0.0024486218640847423	0.10697938210417864	0.400278599384918	0.0386046435765166	0.0055427790512554646	0.035865837590736326	0.01930884264397493	0.008779070663558769	0.02130028121033736	0.23701464312518458	0.006266915277301565	0.07440977008743072	0.1215643208170988
0.03587217951564441	0.07342734553085141	0.0023791791729358296	0.09738100035834589	0.36410195597075795	0.055900866590977934	0.025758920199842453	0.051661391338017525	0.03722493246648481	0.006939142790683323	0.015722137577675235	0.20128827124490664	0.004607678251791257	0.07436092361010226	0.10825993149271418
0.04113800035386885	0.061755436663873696	0.0030866092511717745	0.10215369391879489	0.33206088982646725	0.049677548031447256	0.02248643169126544	0.03603727469674541	0.04060904867465341	0.015632014644984038	0.009130216744239151	0.23405366589913384	0.011242234132158245	0.06753200073070614	0.14777268667160642
0.03930321270496472	0.06572121413231122	0.013848132231510404	0.08742070998794474	0.3056715249601649	0.029116354011695735	0.014650016810866768	0.03108756863514724	0.031891115133059825	0.01138092463565715	0.03775056058886359	0.17566960973147383	0.018227461540033425	0.041558392416789956	0.1294261722854067
0.02412842332240549	0.056419360936328704	0.007008363063384826	0.1228447634752313	0.3739939096302319	0.05875240930224191	0.027526793832047508	0.029664236600421882	0.03184936192760579	0.01117576409666183	0.0026990739862362274	0.2988003921229902	0.006669951119561896	0.07960208726570607	0.1624025243504716
0.04237398364435908	0.06193731464042957	0.007285057464089643	0.08522808205992326	0.3026558953656154	0.027366444817155625	0.04368883692668386	0.0340808367371108	0.03368899022049493	0.008911518409433371	0.013970585298972311	0.20853497806846533	0.004789010186204313	0.048620774547201887	0.13968878122796963
0.08525100154692515	0.12560533874699922	0.008134136490730096	0.1396961812607356	0.4058668899097712	0.02921319114774636	0.013431026731675792	0.01967327634388611	0.015331345925000753	0.017201102188746712	0.008571365734494628	0.25702593554374986	0.012696211726380219	0.08729908222276832	0.16649923098570762
0.028220949668700295	0.057210665207722215	0.003015777978268314	0.09400650180539402	0.3927074682450091	0.01894871577122969	0.020850134152748293	0.015482799683307515	0.027497141715243197	0.0113907677779681	0.03158927300805371	0.2457849513786898	0.00951647671201468	0.06284834492274802	0.11363012494795885
0.06556000809548333	0.08291623695283962	0.0058974909129403145	0.1242901344432174	0.39226603943892	0.056077398731731	0.03079418369060606	0.04043304056232499	0.030359140874347077	0.019022468791312384	0.005887695873990863	0.23436060128216799	0.010215356200894104	0.08553426154272609	0.12719631595044845
0.06282052352479951	0.07965133016970281	0.0067181353507402885	0.09567373857308391	0.3377152813377482	0.02984025576462494	0.02154749562316144	0.029846256794148752	0.04514046978845715	0.00396442949753572	0.012372529866860462	0.17980113650731488	0.014533016087055374	0.057353530280399974	0.14626203003554245
0.05509441757099941	0.10296386939736818	0.005488613023889007	0.07722108438558907	0.33339527261465357	0.05805078225315559	0.03758535782480631	0.03744084338088918	0.027843631881778193	0.008326017203550294	0.026000183350303182	0.2570296409244904	0.01797012833879635	0.05008219925956439	0.12364747555291374
0.0495008785164518	0.09352706251360518	0.0026319484403756546	0.06772986133218173	0.3938066490830719	0.0412073104411563	0.01068254700217234	0.04558760559684084	0.03044333216725339	0.019292887263749243	0.009704753884543109	0.2671360888813191	0.00555664012703652	0.04383996606117534	0.1203580923847397
0.05834856323596774	0.06842037392425518	0.006499793059478203	0.09054450393315626	0.24278215195855363	0.01663736057507545	0.03509684095668794	0.01604090235040812	0.03847285414425397	0.017235710871626692	0.035757941378904846	0.1527301845352271	0.009820896492370905	0.04383020375553745	0.15695447407715427
0.0512239914514052	0.05789342294978256	0.00492805302258797	0.10967387593351928	0.3468706094895676	0.02866429135848131	0.029038247795672482	0.021071260397960114	0.025996447919429896	0.016264051425152675	0.03696702746396758	0.25156984535088334	0.018637937350194835	0.08083166194642294	0.17531012865767992
