1	21.711825	20.1170703125
2	18.961331944444446	18.940525
3	18.140105555555557	18.4692203125
4	17.741141666666667	18.1387640625
5	17.475702777777776	17.928925
6	17.24544861111111	17.81400625
7	17.106840277777778	17.8284515625
8	16.999815277777778	17.7515234375
9	16.905494444444443	17.7504203125
10	16.770630555555556	17.7346375
11	16.683655555555557	17.812721875
12	16.583534722222222	17.7689109375
13	16.543772222222223	17.859325
14	16.459108333333333	17.8213328125
15	16.373980555555555	17.861178125
16	16.283106944444445	17.9256171875
17	16.22601388888889	17.9471828125
18	16.182425	17.887434375
19	16.11865	18.0436265625
20	16.056855555555554	18.0106828125
21	16.017919444444445	18.16696875
22	15.934604166666666	18.201103125
23	15.865947222222223	18.308365625
24	15.834663888888889	18.3831125
25	15.772181944444444	18.3841171875
26	15.678525	18.50994375
27	15.630631944444444	18.52524375
28	15.627838888888888	18.5640609375
29	15.549722222222222	18.652740625
30	15.472326388888888	18.615153125
31	15.442329166666667	18.671484375
32	15.402683333333334	18.769409375
33	15.357266666666666	18.7630328125
34	15.35180138888889	18.7889171875
35	15.26945	18.812196875
36	15.25803611111111	18.899390625
37	15.159722222222221	18.9210484375
38	15.085169444444444	18.9736234375
39	15.052776388888889	18.958675
40	15.020640277777778	19.0269234375
41	15.03474861111111	19.0637890625
42	15.0006375	19.088753125
43	14.885141666666666	19.1272125
44	14.848520833333334	19.239040625
45	14.861390277777778	19.21174375
46	14.791944444444445	19.19706875
47	14.791022222222223	19.280725
48	14.8081375	19.15709375
49	14.783395833333334	19.2531625
50	14.632868055555555	19.2280859375
51	14.577558333333334	19.219040625
52	14.536669444444444	19.308409375
53	14.475458333333334	19.3858609375
54	14.465958333333333	19.44658125
55	14.535277777777777	19.2745125
56	14.460969444444444	19.4501765625
57	14.42206388888889	19.391203125
58	14.3012375	19.430503125
59	14.264590277777778	19.530328125
60	14.375048611111112	19.513296875
61	14.286355555555556	19.5297328125
62	14.192715277777777	19.6236703125
63	14.146716666666666	19.6126046875
64	14.116277777777778	19.6639296875
65	14.199988888888889	19.640321875
66	14.094141666666667	19.6588984375
67	14.026972222222222	19.6719890625
68	13.947476388888889	19.7608265625
69	13.907509722222223	19.72304375
70	13.925066666666666	19.8414359375
71	13.974833333333333	19.845628125
72	14.037027777777778	19.7891421875
73	14.088906944444444	19.668009375
74	13.910806944444445	19.7388421875
75	13.773405555555556	19.7453265625
76	13.750430555555555	19.925234375
77	13.693163888888888	19.9647359375
78	13.56226111111111	19.907053125
79	13.495118055555556	19.9970484375
80	13.461205555555555	20.05566875
81	13.403148611111112	19.9951625
82	13.357363888888889	20.05606875
83	13.348630555555555	20.0765890625
84	13.368586111111112	20.06880625
85	13.240673611111111	20.167909375
86	13.134216666666667	20.219753125
87	13.1364875	20.213190625
88	13.169027777777778	20.2823390625
89	13.121693055555555	20.2108046875
90	13.093411111111111	20.2868453125
91	13.021090277777779	20.336296875
92	13.0294125	20.38201875
93	13.028183333333333	20.370584375
94	13.007245833333334	20.3638875
95	12.975756944444445	20.3849265625
96	12.904670833333334	20.4341125
97	12.918527777777777	20.4469953125
98	12.839052777777777	20.591021875
99	12.73162638888889	20.479434375
100	12.662726388888888	20.691390625
101	12.626918055555555	20.6388734375
102	12.701784722222222	20.674340625
103	12.714177777777778	20.62606875
104	12.693013888888888	20.572665625
105	12.626430555555556	20.6379984375
106	12.564025	20.720565625
107	12.499129166666666	20.693471875
108	12.484456944444444	20.796546875
109	12.458672222222223	20.74954375
110	12.477947222222221	20.654728125
111	12.484605555555556	20.6930625
112	12.42713611111111	20.716115625
113	12.376956944444444	20.75426875
114	12.284709722222223	20.799428125
115	12.276630555555556	20.788790625
116	12.261772222222222	20.8128375
117	12.217901388888889	20.78621875
118	12.121302777777778	20.8726671875
119	12.061741666666666	20.80421875
120	12.011829166666667	20.8973828125
121	12.097088888888889	20.905034375
122	12.26212638888889	20.837475
123	12.381997222222223	20.8123234375
124	12.528198611111112	20.789953125
125	12.009175	20.9577296875
126	11.816970833333333	20.947690625
127	11.757938888888889	21.0221796875
128	11.718633333333333	21.11804375
129	11.643220833333332	21.14316875
130	11.714865277777777	21.15576875
131	11.626867361111112	21.18574375
132	11.51003263888889	21.20935625
133	11.522488888888889	21.211925
134	11.509583333333333	21.2191375
135	11.438664583333333	21.201290625
136	11.389594444444445	21.27354375
137	11.49485625	21.2605015625
138	11.436055555555555	21.339853125
139	11.61043263888889	21.319284375
140	11.541754166666667	21.343771875
141	11.277216666666666	21.444171875
142	11.334054166666666	21.44328125
143	11.35866875	21.4691125
144	11.24003125	21.5026046875
145	11.127336805555556	21.474171875
146	11.075858333333333	21.576734375
147	11.029766666666667	21.596034375
148	11.013482638888888	21.640365625
149	11.014459027777777	21.58189375
150	11.09289375	21.508390625
151	11.262915277777777	21.487090625
152	10.976991666666667	21.659975
153	10.89670625	21.5728328125
154	10.783873611111112	21.6338140625
155	10.777261805555556	21.60245
156	10.75756111111111	21.7174328125
157	10.769381944444444	21.739221875
158	10.696141666666668	21.648059375
159	10.694946527777779	21.655215625
160	10.804829166666666	21.68239375
161	10.712094444444444	21.6953125
162	10.648804861111111	21.761534375
163	10.687227777777778	21.6948875
164	10.659	21.76671875
165	10.582929166666666	21.8741859375
166	10.530259027777777	21.8361578125
167	10.375688888888888	21.876503125
168	10.26853611111111	21.8792
169	10.264023611111112	21.9456421875
170	10.185625	21.8971203125
171	10.148853472222223	22.02765625
172	10.100715972222222	22.018559375
173	10.053611111111111	22.022875
174	10.07215763888889	22.145459375
175	9.964302777777778	22.0962828125
176	9.967359027777778	22.23061875
177	10.033753472222223	22.1227625
178	10.179468055555555	22.01395625
179	10.059647916666666	22.162115625
180	9.88524861111111	22.1774796875
181	9.873129166666667	22.2334390625
182	9.770665972222222	22.14151875
183	9.772199305555555	22.1784046875
184	9.735109027777778	22.1798375
185	9.762527083333334	22.2495203125
186	9.714673611111111	22.27420625
187	9.570652777777777	22.273715625
188	9.622389583333334	22.27416875
189	9.577060416666667	22.189125
190	9.491697916666666	22.275778125
191	9.42255	22.3479609375
192	9.394604166666667	22.3481625
193	9.442221527777777	22.382496875
194	9.347170138888888	22.459303125
195	9.269086805555556	22.4587359375
196	9.231288888888889	22.430690625
197	9.190066666666667	22.499675
198	9.214936805555556	22.4125078125
199	9.155304166666667	22.58104375
200	9.08360763888889	22.577278125
201	8.989299305555555	22.6327875
202	9.037450694444445	22.5467
203	8.941291666666666	22.63634375
204	9.091302083333334	22.6398359375
205	9.008972222222223	22.7078296875
206	8.96448611111111	22.714103125
207	8.910079861111111	22.6903625
208	8.905514583333334	22.6917015625
209	8.935411805555555	22.65981875
210	8.780163194444444	22.8080390625
211	8.688661805555556	22.825315625
212	8.643459027777778	22.746675
213	8.719759722222221	22.809778125
214	8.69527361111111	22.8646828125
215	8.936345138888889	22.8062671875
216	8.632579861111111	22.8168140625
217	8.596103472222222	22.947053125
218	8.473818055555556	22.8770109375
219	8.401229166666667	22.918653125
220	8.342465972222222	22.994709375
221	8.33307638888889	22.9974125
222	8.315881944444444	23.083265625
223	8.255298611111112	23.0728421875
224	8.254722222222222	23.1071953125
225	8.26790138888889	23.0454328125
226	8.17959236111111	23.02769375
227	8.248363888888889	23.1005203125
228	8.192563194444444	22.9830125
229	8.140925	23.207384375
230	8.20262013888889	23.12643125
231	8.085004861111111	23.154740625
232	8.044274305555556	23.1467
233	8.016322222222222	23.2085796875
234	7.9652819444444445	23.1817890625
235	7.869204861111111	23.2355453125
236	7.883638888888889	23.2293296875
237	7.940172222222222	23.1828375
238	7.7909375	23.2465375
239	7.838690972222222	23.34593125
240	7.8069395833333335	23.26781875
241	7.7326138888888885	23.4145640625
242	7.7001625	23.4088796875
243	7.634233333333333	23.4654359375
244	7.664159722222222	23.4148203125
245	7.632204861111111	23.392534375
246	7.608633333333334	23.442665625
247	7.606688194444445	23.4253109375
248	7.505121527777778	23.419275
249	7.5996097222222225	23.3865234375
250	7.531836111111111	23.2909484375
251	7.4394534722222225	23.47341875
252	7.482480555555555	23.4486125
253	7.3466909722222224	23.534534375
254	7.258338194444445	23.5937
255	7.195994444444445	23.57129375
256	7.152870833333333	23.5869859375
257	7.145316666666667	23.70574375
258	7.064059027777778	23.640440625
259	7.021131944444445	23.6435515625
260	6.978538888888889	23.691334375
261	6.987039583333333	23.656484375
262	6.923314583333333	23.7375046875
263	6.912638888888889	23.7456109375
264	6.932259722222223	23.867990625
265	6.844103472222222	23.775071875
266	6.7586611111111115	23.881834375
267	6.68319375	23.9342578125
268	6.662500694444445	23.90963125
269	6.64286875	23.83186875
270	6.593004166666667	23.9218125
271	6.549883333333334	24.043221875
272	6.529113194444444	24.000503125
273	6.509291666666667	23.953484375
274	6.515413888888889	24.01475625
275	6.542015972222222	23.9877875
276	6.467755555555556	24.172175
277	6.404352777777778	24.04604375
278	6.3465541666666665	24.08999375
279	6.28933125	24.1339484375
280	6.245705555555555	24.19243125
281	6.270926388888889	24.1757734375
282	6.233540277777778	24.222078125
283	6.17773125	24.1980015625
284	6.1788590277777775	24.2755453125
285	6.122956944444445	24.276378125
286	6.034370833333333	24.342671875
287	6.02744375	24.335840625
288	6.001779861111111	24.4718640625
289	5.942535416666667	24.5055625
290	5.904635416666666	24.3689046875
291	5.831041666666667	24.429240625
292	5.758466666666667	24.44521875
293	5.740152777777777	24.501428125
294	5.682339236111111	24.47206875
295	5.678281597222222	24.559778125
296	5.61453125	24.38065
297	5.537390972222222	24.4776234375
298	5.472688194444444	24.5328125
299	5.442822916666667	24.57798125
300	5.450594791666667	24.506171875
301	5.366820486111111	24.665684375
302	5.295387847222222	24.651571875
303	5.298430555555556	24.7744125
304	5.227975347222222	24.66875625
305	5.174099305555556	24.7744421875
306	5.164876736111111	24.6777203125
307	5.102197916666666	24.91659375
308	5.068283680555555	24.81114375
309	5.040347569444444	24.7836515625
310	4.990240277777778	24.8588125
311	4.951661805555555	24.879021875
312	4.922851041666667	24.90851875
313	4.916790277777777	24.9694
314	4.864611111111111	24.975146875
315	4.821375347222222	24.9912125
316	4.792328472222223	24.9542078125
317	4.742096875	25.0762421875
318	4.712991319444445	25.07826875
319	4.648480208333333	25.1356375
320	4.651179861111111	25.0230453125
321	4.649502083333333	25.1106046875
322	4.616801388888889	24.990709375
323	4.552352777777778	25.101334375
324	4.564180208333333	25.164528125
325	4.510821875	25.130803125
326	4.517916319444445	25.0391234375
327	4.460080555555556	25.1351328125
328	4.424707638888889	25.2457578125
329	4.380043055555555	25.354953125
330	4.363026736111111	25.268815625
331	4.3427163194444445	25.1422625
332	4.320257291666667	25.2035375
333	4.312062847222222	25.256575
334	4.279553472222222	25.3668203125
335	4.242255902777778	25.409565625
336	4.2132375	25.290228125
337	4.191947222222222	25.359046875
338	4.189569097222222	25.2460109375
339	4.134723611111111	25.331375
340	4.136905555555556	25.353396875
341	4.095490972222223	25.4159546875
342	4.101679166666667	25.3312515625
343	4.072445138888889	25.3714
344	4.0719125	25.399465625
345	4.0230725694444445	25.37020625
346	4.008997916666667	25.442771875
347	4.005477430555556	25.499515625
348	3.979042361111111	25.467621875
349	3.987176388888889	25.520028125
350	3.9349413194444445	25.514725
351	3.9027850694444446	25.406309375
352	3.894539236111111	25.3929234375
353	3.9023475694444443	25.550184375
354	3.8545809027777778	25.4851515625
355	3.853328472222222	25.521421875
356	3.838400347222222	25.5636359375
357	3.827123263888889	25.5855
358	3.8474302083333334	25.5481375
359	3.780290972222222	25.55800625
360	3.768548263888889	25.5705125
361	3.755679513888889	25.53085
362	3.746415625	25.5758671875
363	3.7551190972222224	25.620428125
364	3.7359184027777776	25.5212734375
365	3.6969368055555556	25.5815
366	3.6886225694444446	25.6383265625
367	3.667129513888889	25.774203125
368	3.667797222222222	25.651771875
369	3.6891625	25.6482421875
370	3.6636284722222223	25.59260625
371	3.6636305555555557	25.602734375
372	3.6570131944444446	25.627321875
373	3.637847916666667	25.586140625
374	3.6590982638888887	25.6786625
375	3.6472003472222223	25.577275
376	3.632270833333333	25.658715625
377	3.6300579861111113	25.655975
378	3.6545645833333333	25.64806875
379	3.615139236111111	25.663609375
380	3.6186100694444443	25.573840625
381	3.6068541666666665	25.6625578125
382	3.6276743055555554	25.614384375
383	3.599312152777778	25.744190625
384	3.594562152777778	25.571740625
385	3.6070458333333333	25.6307765625
386	3.5760069444444444	25.6955640625
387	3.6073145833333333	25.5583875
388	3.575992013888889	25.6099734375
389	3.5910336805555554	25.6378453125
390	3.5978222222222223	25.66300625
391	3.5870395833333335	25.6548078125
392	3.588729861111111	25.6935765625
393	3.5860986111111113	25.718459375
394	3.5572614583333335	25.5675484375
395	3.579303125	25.7864015625
396	3.577676736111111	25.7354984375
397	3.5591649305555557	25.756071875
398	3.5840850694444444	25.6314625
399	3.571209722222222	25.73498125
400	3.5966263888888887	25.658896875
