mass_1	mass_2	phase	time	distance	a_1	a_2	tilt_1	tilt_2	phi_12	phi_jl	theta_jn	psi	ra	dec
0.15027	0.15213	0.02906	0.00888	0.09075	0.11481	0.14231	0.01964	0.04674	0.03835	0.02088	0.09667	0.00894	0.00646	0.01054
0.06499	0.08167	0.02375	0.03575	0.08868	0.13745	0.14133	0.02105	0.02824	0.00619	0.01742	0.15868	0.00825	0.00833	0.00592
0.07303	0.06776	0.01561	0.01544	0.08769	0.16238	0.17292	0.02433	0.06351	0.01596	0.02917	0.10725	0.01234	0.01084	0.0066
0.05302	0.05082	0.00414	0.02178	0.07477	0.12048	0.20447	0.01326	0.04104	0.01055	0.01131	0.07731	0.01133	0.01353	0.01147
0.07015	0.05575	0.03461	0.04642	0.02142	0.13795	0.20916	0.03541	0.03937	0.01729	0.01673	0.05268	0.00694	0.01202	0.00963
0.07288	0.0351	0.00292	0.02538	0.00913	0.13912	0.1937	0.01497	0.06725	0.00443	0.00759	0.15686	0.01091	0.01668	0.01259
0.10575	0.11071	0.00481	0.02323	0.0404	0.25076	0.18742	0.02953	0.03336	0.00839	0.01197	0.12193	0.00551	0.01614	0.01853
0.05338	0.08228	0.00375	0.05812	0.04969	0.14765	0.12225	0.02133	0.02679	0.0059	0.01402	0.08492	0.01087	0.01023	0.01065
0.06109	0.07994	0.0016	0.06774	0.04098	0.14149	0.12606	0.03023	0.01958	0.00614	0.00643	0.09369	0.01134	0.01076	0.01325
0.0498	0.07512	0.02002	0.00948	0.07887	0.0796	0.148	0.02826	0.02057	0.00571	0.01795	0.10393	0.00802	0.00888	0.01242
0.07609	0.12095	0.01798	0.01954	0.0239	0.07716	0.13144	0.02394	0.02588	0.00976	0.01237	0.09108	0.00902	0.01833	0.01215
0.08546	0.13898	0.00512	0.03177	0.03366	0.11955	0.12828	0.03054	0.02673	0.01221	0.01034	0.05749	0.00811	0.01566	0.00894
0.056	0.10948	0.00751	0.01378	0.02525	0.09262	0.13254	0.01065	0.03792	0.01008	0.00395	0.09779	0.00222	0.01853	0.01052
0.09335	0.16766	0.00688	0.03269	0.00563	0.08907	0.11163	0.01364	0.01282	0.01003	0.006	0.08432	0.00603	0.01936	0.01513
0.10133	0.13674	0.00201	0.03008	0.01254	0.11108	0.11311	0.01556	0.01802	0.01165	0.00643	0.07153	0.00277	0.01371	0.01334
0.08337	0.11152	0.00954	0.01276	0.01494	0.09193	0.10832	0.01536	0.02468	0.01274	0.01395	0.06652	0.00132	0.01369	0.00925
0.06315	0.12792	0.00236	0.02415	0.01651	0.08294	0.12124	0.01539	0.0307	0.01066	0.00604	0.10043	0.00315	0.0108	0.00836
0.0683	0.14366	0.00619	0.01581	0.01469	0.06022	0.09805	0.02089	0.01904	0.01417	0.00708	0.11912	0.00666	0.01615	0.01053
0.06763	0.10573	0.0071	0.01893	0.01097	0.05306	0.10728	0.02181	0.02062	0.00192	0.00797	0.0848	0.00471	0.01274	0.00746
0.09599	0.11686	0.01242	0.0307	0.01328	0.07347	0.09923	0.04133	0.03003	0.01137	0.00812	0.12137	0.00361	0.01592	0.00977
0.0482	0.0657	0.00196	0.00718	0.02772	0.05222	0.13955	0.01699	0.05287	0.00522	0.00766	0.08376	0.00656	0.01957	0.01341
0.05223	0.06829	0.00454	0.01949	0.04065	0.07284	0.10341	0.02535	0.03412	0.00407	0.0119	0.09563	0.00498	0.02239	0.01181
0.05824	0.08486	0.00896	0.01553	0.01802	0.0945	0.11929	0.05437	0.0275	0.00359	0.01492	0.10942	0.00181	0.0251	0.00835
0.06244	0.07311	0.00603	0.04796	0.02008	0.08065	0.11479	0.01814	0.02133	0.00587	0.01883	0.07869	0.00134	0.02163	0.01224
0.05222	0.05242	0.00359	0.14121	0.02427	0.08346	0.10485	0.02529	0.03444	0.00221	0.01141	0.08186	0.00268	0.0155	0.01334
0.03737	0.05224	0.0016	0.08028	0.00746	0.06934	0.09925	0.01266	0.01714	0.00443	0.00397	0.08264	0.00889	0.02229	0.01812
0.04011	0.04581	0.00509	0.06447	0.00515	0.08462	0.10373	0.01615	0.0189	0.00237	0.00871	0.07231	0.00629	0.0139	0.01147
0.05309	0.06428	0.00989	0.09305	0.01076	0.10388	0.10744	0.02229	0.02031	0.00726	0.00527	0.09721	0.00952	0.01898	0.01232
0.09263	0.07603	0.00346	0.06768	0.02558	0.10368	0.09661	0.03352	0.01601	0.00565	0.00399	0.05583	0.00578	0.02244	0.01028
0.03751	0.05456	0.00769	0.03152	0.02046	0.10589	0.08793	0.0276	0.01989	0.0067	0.00596	0.08339	0.00378	0.01905	0.01125
0.06777	0.10435	0.01353	0.06933	0.01811	0.1195	0.09712	0.02817	0.02094	0.01377	0.00546	0.07298	0.00352	0.01844	0.01778
0.08113	0.09333	0.00586	0.08821	0.0148	0.07807	0.09476	0.01816	0.01679	0.00428	0.00453	0.06558	0.00284	0.01807	0.01741
0.05574	0.10128	0.00658	0.1098	0.02843	0.08655	0.10538	0.03947	0.03112	0.00604	0.00504	0.08662	0.0026	0.01611	0.01238
0.04964	0.07304	0.01138	0.02825	0.02942	0.07993	0.08866	0.03041	0.03085	0.00859	0.0082	0.07469	0.00562	0.01877	0.01579
0.02787	0.05743	0.01653	0.01824	0.01876	0.0689	0.08992	0.01996	0.03097	0.00438	0.00428	0.09731	0.00223	0.01015	0.01442
0.0312	0.07391	0.00734	0.03054	0.01031	0.06693	0.09654	0.01293	0.02466	0.00379	0.00822	0.1249	0.00227	0.01721	0.01281
0.03229	0.07434	0.01459	0.06793	0.02943	0.06465	0.10207	0.02787	0.03132	0.00549	0.00535	0.08693	0.00691	0.02046	0.01417
0.04787	0.08771	0.00592	0.03467	0.00744	0.08158	0.11474	0.02609	0.02604	0.00547	0.00954	0.08857	0.00219	0.01256	0.01013
0.06032	0.08979	0.00861	0.0401	0.02403	0.08073	0.1	0.03089	0.03691	0.00551	0.00946	0.09104	0.00752	0.01252	0.01467
0.05223	0.09255	0.00681	0.12863	0.01072	0.07631	0.10244	0.04694	0.02501	0.00664	0.00675	0.08686	0.00221	0.01158	0.01256
0.06462	0.11767	0.01175	0.02059	0.02417	0.07654	0.10439	0.00776	0.02548	0.01608	0.00651	0.07898	0.00647	0.01153	0.0106
0.08061	0.13716	0.00712	0.08306	0.0132	0.0732	0.1146	0.01705	0.01743	0.01093	0.00746	0.11352	0.00211	0.0181	0.01802
0.04747	0.07096	0.00508	0.08836	0.01358	0.0595	0.11155	0.01404	0.01521	0.0172	0.00533	0.09584	0.00483	0.0281	0.01649
0.05211	0.03741	0.01639	0.08302	0.02339	0.06091	0.16954	0.00961	0.01394	0.02163	0.02448	0.06962	0.01107	0.01745	0.01433
0.04206	0.05648	0.01087	0.03489	0.02133	0.05436	0.10326	0.02148	0.01676	0.01195	0.00336	0.07354	0.00646	0.01144	0.01451
0.07161	0.06826	0.01106	0.01011	0.02411	0.07474	0.09303	0.04866	0.02506	0.0103	0.0039	0.07666	0.00237	0.01475	0.01426
0.06557	0.08405	0.00825	0.02332	0.01225	0.06734	0.09797	0.03339	0.02744	0.01434	0.00829	0.07841	0.00681	0.01134	0.0138
0.06691	0.08863	0.00436	0.05757	0.0757	0.07911	0.11403	0.02379	0.03367	0.01393	0.00264	0.08158	0.00975	0.01196	0.01292
0.06416	0.08669	0.00441	0.03644	0.00655	0.09363	0.11011	0.01088	0.04034	0.01442	0.00597	0.08164	0.00388	0.02148	0.01819
0.07609	0.08768	0.00501	0.01973	0.02992	0.09333	0.10273	0.01992	0.02716	0.01232	0.00464	0.07898	0.01117	0.02844	0.01685
0.04359	0.07732	0.00547	0.02655	0.03899	0.08104	0.09011	0.00815	0.03022	0.01232	0.00203	0.07489	0.00559	0.01376	0.01748
0.07627	0.08057	0.00249	0.01753	0.02769	0.09171	0.10483	0.00471	0.02577	0.00385	0.0063	0.09483	0.00552	0.01624	0.01547
0.08786	0.10008	0.00616	0.01701	0.01126	0.09967	0.07641	0.00963	0.03252	0.00664	0.00682	0.09479	0.0078	0.01163	0.01412
0.06977	0.11225	0.00399	0.02329	0.00851	0.09869	0.08356	0.01796	0.03586	0.00745	0.0058	0.11629	0.00492	0.02302	0.01448
0.06138	0.11894	0.00178	0.02148	0.01227	0.07281	0.09661	0.02439	0.04333	0.00313	0.01092	0.09986	0.00345	0.01833	0.01762
0.07671	0.12512	0.00638	0.03317	0.02036	0.08601	0.10478	0.01529	0.04666	0.0048	0.00815	0.09454	0.00771	0.01848	0.01464
0.04522	0.07159	0.00829	0.02251	0.01958	0.07341	0.12715	0.01529	0.06728	0.0059	0.0132	0.07443	0.00848	0.01656	0.01617
0.0658	0.11725	0.0329	0.02248	0.00435	0.07145	0.10757	0.0212	0.06153	0.00302	0.00918	0.10711	0.00195	0.02056	0.01697
0.0659	0.11292	0.01016	0.05931	0.01701	0.06622	0.09149	0.01796	0.03962	0.00252	0.00301	0.09166	0.00964	0.02033	0.0249
0.06874	0.11845	0.01241	0.01636	0.00768	0.08773	0.09336	0.02033	0.04246	0.00551	0.00708	0.11001	0.00643	0.01597	0.01571
0.07621	0.11036	0.01063	0.02983	0.01014	0.09053	0.08179	0.01423	0.04041	0.00465	0.00518	0.09457	0.00704	0.01328	0.01468
0.04801	0.09265	0.01029	0.02544	0.00795	0.06271	0.08903	0.01967	0.04796	0.00522	0.0067	0.08913	0.00694	0.0161	0.0174
0.04854	0.11691	0.01279	0.01129	0.01642	0.07014	0.08919	0.00795	0.04987	0.00684	0.00465	0.07234	0.00694	0.01101	0.01138
0.05225	0.10072	0.00633	0.02352	0.00514	0.0546	0.08173	0.01349	0.03957	0.00545	0.00229	0.10956	0.00685	0.0174	0.0174
0.0478	0.09956	0.0119	0.04275	0.01388	0.0582	0.08746	0.01455	0.02689	0.00295	0.00218	0.10271	0.00249	0.01281	0.01369
0.03165	0.08017	0.01314	0.03599	0.00629	0.05715	0.09118	0.02056	0.03407	0.00398	0.00443	0.08292	0.00861	0.00991	0.01808
0.02238	0.07786	0.02201	0.03945	0.0119	0.0567	0.10954	0.02175	0.02452	0.00271	0.00403	0.06445	0.00408	0.01493	0.01526
0.02059	0.07156	0.01606	0.02558	0.01284	0.0527	0.09219	0.02942	0.02179	0.00259	0.00984	0.09604	0.00894	0.01587	0.01695
0.02894	0.09861	0.01871	0.04455	0.02769	0.04932	0.09423	0.02366	0.02071	0.00282	0.01043	0.13926	0.0043	0.02078	0.01927
0.02489	0.07928	0.00203	0.02124	0.0127	0.05507	0.09204	0.02421	0.02834	0.0021	0.00614	0.09381	0.00775	0.01599	0.01427
0.03174	inf	0.00259	0.02574	0.04015	0.05021	0.09579	0.01963	0.03194	0.0035	0.00648	0.11315	0.00473	0.02162	0.01851
0.04864	0.084	0.00668	0.01015	0.01138	0.06313	0.09273	0.0099	0.03634	0.00349	0.00613	0.12218	0.00697	0.0138	0.01425
0.06664	0.11874	0.00227	0.00989	0.01125	0.05057	0.09008	0.01043	0.03435	0.0037	0.0141	0.10863	0.00481	0.02344	0.02347
0.0543	0.10785	0.00264	0.013	0.03449	0.05926	0.09037	0.00908	0.04002	0.00743	0.01255	0.08679	0.00956	0.01853	0.01259
0.04381	0.11307	0.00435	0.0108	0.01819	0.04124	0.08785	0.01064	0.04379	0.00702	0.01309	0.09244	0.00552	0.01571	0.01744
0.07721	0.10296	0.00356	0.02775	0.04953	0.05637	0.08222	0.02018	0.03842	0.01026	0.00973	0.10736	0.00383	0.01169	0.01015
0.06053	0.08612	0.00993	0.02235	0.00893	0.06255	0.0873	0.01766	0.04003	0.00428	0.01058	0.08378	0.00439	0.01505	0.0143
0.05122	0.08309	0.00347	0.00498	0.01136	0.0635	0.08818	0.02301	0.03096	0.01157	0.00813	0.07754	0.00328	0.00948	0.01469
0.0494	0.06656	0.00993	0.02441	0.01025	0.06091	0.08971	0.02507	0.03786	0.01044	0.00808	0.0816	0.00458	0.01241	0.01569
0.05043	0.09474	0.00274	0.04729	0.08717	0.05317	0.09162	0.02571	0.02989	0.00718	0.01186	0.07968	0.00706	0.00691	0.00976
0.04551	0.11789	0.00411	0.01435	0.03327	0.05734	0.0942	0.03043	0.0234	0.00505	0.00812	0.08128	0.00661	0.01184	0.00953
0.07219	0.16415	0.00326	0.03785	0.03688	0.1027	0.08174	0.03912	0.0194	0.0042	0.01197	0.08533	0.00501	0.00843	0.01152
0.04467	0.12932	0.0029	0.05175	0.05705	0.05357	0.07415	0.05141	0.02298	0.00246	0.01439	0.09301	0.00832	0.01531	0.01014
0.05183	0.20274	0.00289	0.03626	0.01229	0.06316	0.07193	0.04373	0.02791	0.0031	0.00666	0.10743	0.00347	0.0296	0.01306
0.03288	0.11714	0.00219	0.03779	0.06041	0.04654	0.07935	0.02892	0.03156	0.00203	0.0054	0.08452	0.00394	0.01735	0.01769
0.04405	0.10839	0.00306	0.02897	0.03681	0.04975	0.07645	0.02583	0.02397	0.00232	0.0034	0.08133	0.00968	0.02325	0.01654
0.03737	0.11752	0.00342	0.06219	0.02481	0.05567	0.08211	0.0192	0.01748	0.00186	0.00361	0.07726	0.00297	0.01391	0.01138
0.02726	0.08287	0.00486	0.04418	0.05094	0.06196	0.08268	0.0221	0.01389	0.00435	0.00308	0.0985	0.00217	0.01719	0.01386
0.0321	0.10232	0.00389	0.02901	0.01642	0.05416	0.09286	0.01617	0.00466	0.0069	0.00443	0.09646	0.00961	0.01395	0.00955
0.02948	0.10688	0.00337	0.01271	0.0305	0.05788	0.09478	0.01605	0.01274	0.00618	0.00366	0.11017	0.0068	0.00609	0.00823
0.02552	0.07796	0.0025	0.0286	0.06287	0.06585	0.1089	0.01271	0.01301	0.00498	0.00549	0.1091	0.00494	0.00953	0.00919
0.02977	0.07868	0.0074	0.03491	0.03031	0.09974	0.1016	0.03466	0.01789	0.00286	0.00757	0.11617	0.002	0.0328	0.01559
0.01694	0.05964	0.00612	0.01092	0.06048	0.07548	0.10782	0.0282	0.01056	0.00161	0.00482	0.09068	0.00272	0.02012	0.01082
0.02674	0.0776	0.00362	0.01886	0.05024	0.10124	0.09686	0.03383	0.0264	0.00336	0.0041	0.09504	0.00128	0.01884	0.0164
0.03555	0.12502	0.0089	0.01476	0.06107	0.10382	0.10704	0.04295	0.03419	0.00412	0.00546	0.0917	0.00201	0.02735	0.01751
0.03703	0.11921	0.003	0.02114	0.04995	0.0799	0.10567	0.054	0.02114	0.00293	0.0066	0.08397	0.00671	0.01665	0.01416
0.03694	0.10894	0.00263	0.0546	0.06203	0.07213	0.11783	0.03492	0.02266	0.00493	0.00838	0.08237	0.00917	0.01592	0.01504
0.04852	0.11787	0.00354	0.03748	0.04759	0.07114	0.10996	0.04893	0.02886	0.00674	0.00634	0.1101	0.00209	0.02298	0.014
0.05377	0.10127	0.00353	0.05149	0.05546	0.06291	0.10673	0.04516	0.02848	0.00379	0.00595	0.10787	0.00372	0.01301	0.01077
0.04712	0.09987	0.0037	0.01209	0.07934	0.06385	0.11274	0.02761	0.02014	0.00207	0.00681	0.11987	0.00334	0.01643	0.01478
0.05451	0.11556	0.00587	0.00813	0.0881	0.09705	0.11469	0.0317	0.02549	0.00644	0.00579	0.12883	0.0028	0.00959	0.01393
0.04583	0.08697	0.00345	0.01003	0.05249	0.0932	0.11867	0.02921	0.03215	0.00202	0.00498	0.11172	0.00693	0.02005	0.016
0.04347	0.08665	0.00376	0.03707	0.04857	0.07824	0.11864	0.04303	0.03336	0.00314	0.00569	0.11817	0.00241	0.02057	0.01184
0.04115	0.06917	0.00534	0.02225	0.06068	0.06033	0.11732	0.03452	0.03183	0.00198	0.00426	0.12182	0.00519	0.01575	0.01615
0.03729	0.0629	0.00538	0.02499	0.06962	0.05338	0.11588	0.03942	0.03066	0.00331	0.0047	0.1021	0.00537	0.01481	0.01034
0.04948	0.0616	0.00669	0.0182	0.10558	0.05059	0.12295	0.03931	0.03702	0.00207	0.00448	0.12142	0.00456	0.0176	0.01317
0.05127	0.06306	0.00333	0.03874	0.07712	0.05935	0.12146	0.03847	0.03808	0.00378	0.00315	0.09234	0.0081	0.0174	0.01741
0.05663	0.05881	0.00295	0.04506	0.07079	0.04163	0.12817	0.02193	0.03493	0.00588	0.0038	0.10564	0.00236	0.01374	0.01287
0.05162	0.03698	0.00733	0.00772	0.05245	0.04137	0.11848	0.03033	0.03053	0.00411	0.00522	0.09293	0.00346	0.01273	0.01499
0.05276	0.03089	0.00399	0.03126	0.03889	0.05472	0.11714	0.02822	0.02571	0.00382	0.00724	0.10222	0.0024	0.01159	0.0109
0.03974	0.057	0.00389	0.00994	0.06376	0.05109	0.1047	0.02048	0.02094	0.00258	0.00699	0.09237	0.00448	0.01809	0.01454
0.04179	0.05573	0.00472	0.01161	0.02126	0.07663	0.10416	0.02243	0.03896	0.00385	0.00432	0.10517	0.00442	0.01471	0.01636
0.04723	0.08001	0.01212	0.0286	0.04123	0.06406	0.09752	0.02518	0.02975	0.0037	0.00723	0.10717	0.00225	0.0222	0.01618
0.07239	0.08859	0.00652	0.06405	0.03015	0.06603	0.08527	0.04378	0.02732	0.00262	0.00799	0.10954	0.00359	0.01548	0.01537
0.05388	0.09574	0.00505	0.05921	0.0212	0.05625	0.08782	0.03249	0.02422	0.004	0.00588	0.10678	0.00453	0.02401	0.01846
0.04107	0.05527	0.00259	0.0381	0.07923	0.05621	0.10233	0.02996	0.01534	0.00321	0.00567	0.0981	0.00531	0.01795	0.01636
0.03349	0.08777	0.00293	0.02584	0.09842	0.05934	0.0932	0.03548	0.01727	0.00209	0.00749	0.09673	0.00307	0.02045	0.02043
0.04568	0.08129	0.00212	0.00723	0.01313	0.07178	0.08975	0.04256	0.0184	0.00359	0.00623	0.12312	0.00187	0.02172	0.01923
0.02963	0.06845	0.00355	0.03262	0.052	0.06419	0.1011	0.03728	0.02161	0.00303	0.01022	0.13541	0.00081	0.01725	0.01136
0.06204	0.08879	0.00329	0.0332	0.04632	0.07244	0.08775	0.02255	0.02173	0.00304	0.01001	0.12849	0.00803	0.01925	0.01572
0.04317	0.08858	0.00197	0.01547	0.07462	0.07814	0.10255	0.01947	0.03121	0.00556	0.00731	0.1376	0.00483	0.01018	0.0113
0.05191	0.08843	0.00321	0.04017	0.02156	0.09609	0.0978	0.0251	0.03118	0.00426	0.0125	0.12786	0.00447	0.01926	0.01497
0.0463	0.07582	0.00304	0.02481	0.01348	0.07593	0.11447	0.02541	0.03418	0.0054	0.0075	0.09711	0.00405	0.01502	0.01245
0.04418	0.07046	0.00326	0.03496	0.02842	0.05979	0.12331	0.04143	0.03553	0.00276	0.0064	0.11515	0.00239	0.02209	0.01493
0.04405	0.08593	0.00479	0.01558	0.04995	0.0593	0.11786	0.02698	0.02719	0.00515	0.00549	0.11323	0.00424	0.01323	0.01371
0.05291	0.08423	0.00357	0.02124	0.05502	0.05448	0.10753	0.02692	0.03453	0.00417	0.00441	0.1184	0.00459	0.02084	0.02001
0.05273	0.06023	0.00412	0.0265	0.06516	0.04931	0.1146	0.01939	0.03482	0.00474	0.00671	0.09899	0.00109	0.0202	0.01491
0.05261	0.07302	0.00812	0.02912	0.06104	0.05769	0.11998	0.01265	0.04008	0.00659	0.00658	0.09653	0.00529	0.0191	0.01731
0.04274	0.07594	0.00917	0.0189	0.07014	0.05705	0.1083	0.01751	0.04805	0.00618	0.0064	0.10636	0.00292	0.02113	0.02059
0.04397	0.06098	0.01961	0.02	0.04117	0.06612	0.11939	0.0104	0.0512	0.00238	0.00607	0.10016	0.00447	0.0219	0.02175
0.05955	0.05598	0.01964	0.00768	0.0511	0.05275	0.12098	0.01014	0.04725	0.0018	0.00466	0.09915	0.00312	0.01496	0.01947
0.04294	0.0607	0.01973	0.01794	0.06712	0.06322	0.1178	0.01076	0.05386	0.00275	0.00439	0.10046	0.00498	0.02173	0.01964
0.03894	0.04383	0.01335	0.00924	0.05192	0.055	0.12975	0.01629	0.05468	0.00268	0.00756	0.09406	0.0024	0.02138	0.02258
0.03409	0.04752	0.01051	0.01209	0.04331	0.0571	0.12131	0.03175	0.05611	0.00252	0.00838	0.10023	0.00521	0.01627	0.0176
0.0383	0.06758	0.00815	0.00908	0.10036	0.05555	0.11979	0.018	0.05873	0.00318	0.00628	0.09535	0.00317	0.02026	0.01518
0.05695	0.05536	0.00467	0.00946	0.04058	0.06801	0.11499	0.02014	0.06575	0.00369	0.00972	0.08565	0.00302	0.02341	0.01931
0.04842	0.04483	0.00573	0.01337	0.08287	0.04304	0.11222	0.01739	0.06937	0.00428	0.00664	0.08629	0.00232	0.0153	0.01235
0.04055	0.05324	0.00364	0.0194	0.04133	0.05418	0.10612	0.01489	0.05153	0.00233	0.00641	0.08947	0.00368	0.02052	0.0173
0.03326	0.05575	0.00262	0.02175	0.0317	0.04046	0.10391	0.01093	0.04637	0.00431	0.00488	0.07662	0.00318	0.02592	0.01859
0.04788	0.07718	0.00329	0.0189	0.03667	0.04231	0.1008	0.00988	0.04959	0.00264	0.00645	0.06749	0.00385	0.01921	0.01683
0.05152	0.07245	0.00236	0.01446	0.03429	0.04915	0.10506	0.01401	0.04924	0.00517	0.00399	0.0864	0.00263	0.02543	0.01522
0.0539	0.07015	0.00241	0.01356	0.02576	0.04919	0.09989	0.00722	0.04158	0.00463	0.00531	0.09712	0.00357	0.02111	0.0175
0.03656	0.07266	0.00435	0.00805	0.04435	0.0554	0.09577	0.00632	0.04425	0.00449	0.00474	0.09666	0.00283	0.01346	0.01438
0.04439	0.07992	0.00313	0.01102	0.03796	0.06025	0.0916	0.00919	0.04519	0.00496	0.00338	0.09808	0.00321	0.017	0.01424
0.05093	0.08055	0.00146	0.00777	0.02948	0.05366	0.08927	0.01168	0.04387	0.00482	0.00448	0.09701	0.00276	0.01322	0.01424
0.0314	0.06276	0.00163	0.02946	0.05254	0.0608	0.09552	0.00859	0.03068	0.00595	0.00806	0.09846	0.0027	0.02167	0.01277
0.03434	0.06251	0.00136	0.01445	0.03659	0.04884	0.09434	0.00553	0.03875	0.00347	0.00777	0.09743	0.0039	0.02121	0.0158
0.03886	0.07085	0.00288	0.02628	0.04364	0.06506	0.10411	0.01037	0.03286	0.00421	0.00615	0.10449	0.00228	0.02697	0.01547
0.03781	0.07487	0.00301	0.01715	0.01844	0.07413	0.09811	0.01807	0.03756	0.00496	0.01254	0.09426	0.00245	0.02797	0.02273
0.03734	0.0471	0.0071	0.0134	0.04461	0.06801	0.09963	0.02207	0.03221	0.00346	0.00928	0.08453	0.0022	0.02289	0.01816
0.03753	0.06317	0.00183	0.0212	0.09342	0.06651	0.10778	0.0199	0.03625	0.00572	0.01342	0.09686	0.00308	0.02041	0.01343
0.04631	0.09664	0.00199	0.01305	0.07278	0.09376	0.09433	0.02579	0.03534	0.0038	0.01045	0.10565	0.00281	0.02549	0.01641
0.03978	0.12683	0.00193	0.01562	0.02453	0.10722	0.09017	0.02565	0.03925	0.00277	0.00907	0.10674	0.00116	0.02533	0.01418
0.04131	0.12657	0.0015	0.0234	0.04335	0.0986	0.08555	0.04851	0.03756	0.00367	0.009	0.13953	0.00404	0.02916	0.01901
0.05227	0.12569	0.00186	0.02711	0.02738	0.09483	0.08219	0.05866	0.03443	0.00267	0.00746	0.12064	0.00414	0.02283	0.01545
0.05722	0.12791	0.00565	0.01381	0.01207	0.07872	0.08006	0.0729	0.04174	0.00183	0.00732	0.12237	0.00274	0.02854	0.01716
0.04794	0.11799	0.00291	0.0299	0.01393	0.07713	0.08336	0.05714	0.03101	0.00293	0.00712	0.11715	0.00185	0.03424	0.01969
0.04489	0.1114	0.00356	0.02081	0.02568	0.06468	0.08793	0.05501	0.02671	0.00356	0.00424	0.12664	0.00346	0.02138	0.0103
0.04491	0.11695	0.0041	0.00633	0.02838	0.06527	0.08676	0.05031	0.03104	0.00276	0.00413	0.11591	0.00373	0.02244	0.01294
0.03189	0.07876	0.00714	0.02102	0.04162	0.06735	0.10086	0.03466	0.03867	0.00217	0.00421	0.12618	0.00541	0.02818	0.02036
0.03513	0.07005	0.00388	0.01465	0.03574	0.06069	0.09633	0.03875	0.04372	0.00395	0.00329	0.09996	0.00292	0.02446	0.01858
0.03908	0.07985	0.00682	0.01034	0.01126	0.06331	0.09959	0.03673	0.04328	0.0027	0.00527	0.10209	0.00339	0.02089	0.01993
0.03309	0.07324	0.00594	0.01435	0.02587	0.06465	0.10421	0.04564	0.03368	0.00245	0.00408	0.10475	0.00206	0.02463	0.01862
0.03838	0.06911	0.01024	0.01353	0.01561	0.05676	0.10343	0.02285	0.02821	0.00343	0.00391	0.10783	0.00406	0.02302	0.01301
0.0398	0.08854	0.00815	0.01753	0.04442	0.05499	0.09306	0.03323	0.03115	0.00244	0.00466	0.10862	0.00427	0.02814	0.02154
0.03651	0.07118	0.00459	0.01024	0.03281	0.05244	0.10509	0.03582	0.03412	0.0041	0.00365	0.09682	0.00336	0.01886	0.01561
0.03549	0.06047	0.00617	0.0344	0.01156	0.05051	0.10893	0.02125	0.03355	0.00334	0.005	0.08385	0.0026	0.02	0.01783
0.03579	0.06797	0.00315	0.02854	0.02148	0.06669	0.11156	0.01986	0.02875	0.00504	0.00392	0.08621	0.00794	0.02007	0.01712
0.03156	0.0617	0.00373	0.01948	0.01032	0.06085	0.09737	0.03224	0.0275	0.00542	0.00494	0.08041	0.00325	0.01899	0.01734
0.04249	0.07688	0.00459	0.03928	0.02054	0.07525	0.09769	0.02717	0.03441	0.0031	0.00411	0.08394	0.00305	0.02469	0.01996
0.03146	0.06315	0.00463	0.02006	0.00971	0.06417	0.09772	0.025	0.03438	0.00381	0.00575	0.08881	0.0032	0.02544	0.01893
0.029	0.0693	0.00688	0.02304	0.0148	0.06403	0.09132	0.03086	0.02455	0.00332	0.00432	0.0931	0.00411	0.01886	0.01278
0.02593	0.0866	0.00674	0.02679	0.00867	0.06471	0.07799	0.0271	0.01307	0.00313	0.00338	0.09819	0.00472	0.02553	0.01933
0.02338	0.08924	0.00174	0.0097	0.00887	0.06217	0.08587	0.01518	0.0139	0.00263	0.00819	0.1029	0.00346	0.02277	0.01589
0.02492	0.06946	0.00415	0.0191	0.01639	0.06937	0.08589	0.02477	0.02549	0.00448	0.00602	0.12143	0.00787	0.02509	0.01509
0.02913	0.05537	0.0065	0.01783	0.01188	0.06581	0.08982	0.0252	0.01929	0.00502	0.00769	0.11383	0.00624	0.02534	0.01743
0.03932	0.04539	0.00704	0.03374	0.02035	0.06024	0.09139	0.03636	0.02164	0.00356	0.00675	0.13921	0.00356	0.02417	0.01569
0.03222	0.05082	0.00514	0.01647	0.01119	0.05475	0.09345	0.03334	0.02371	0.00569	0.0097	0.12591	0.00441	0.02174	0.01444
0.03602	0.0784	0.00888	0.01082	0.01556	0.06895	0.09845	0.05744	0.02788	0.0042	0.01314	0.1368	0.00337	0.02136	0.01457
0.03838	0.06014	0.00916	0.03033	0.01372	0.05964	0.10042	0.04683	0.0239	0.00446	0.012	0.13718	0.00474	0.02604	0.01698
0.03771	0.06223	0.0096	0.02284	0.02255	0.06711	0.1064	0.05169	0.0278	0.00823	0.01164	0.15188	0.00325	0.02311	0.0184
0.03725	0.06196	0.00677	0.02074	0.02176	0.06017	0.11583	0.04386	0.02693	0.00501	0.00616	0.11805	0.0073	0.02409	0.01771
0.03903	0.06053	0.0034	0.02693	0.02813	0.06187	0.10717	0.04975	0.02403	0.0035	0.00365	0.12057	0.00448	0.02307	0.01374
0.03272	0.06266	0.00543	0.02106	0.02059	0.06001	0.11086	0.03324	0.02541	0.00528	0.00415	0.0991	0.00272	0.02018	0.01241
0.03088	0.05056	0.00381	0.01613	0.04486	0.05287	0.11495	0.03871	0.03485	0.00416	0.00769	0.09964	0.00414	0.01739	0.01387
0.02883	0.05695	0.00578	0.01791	0.02973	0.05046	0.11161	0.01901	0.02762	0.00627	0.00748	0.10101	0.00792	0.021	0.01154
0.024	0.0514	0.00709	0.02751	0.02481	0.04963	0.10901	0.02636	0.02965	0.0045	0.00694	0.10126	0.00401	0.02915	0.01597
0.03047	0.04987	0.00803	0.03875	0.01438	0.05367	0.10853	0.02783	0.03018	0.00841	0.00772	0.0982	0.00369	0.02427	0.01597
0.02853	0.05433	0.00357	0.03508	0.01123	0.05329	0.10132	0.03106	0.04378	0.00471	0.00691	0.11517	0.00373	0.02022	0.01528
0.03462	0.07551	0.0079	0.01634	0.01582	0.05629	0.09867	0.02669	0.03871	0.00659	0.00493	0.09157	0.00201	0.01887	0.01425
0.0388	0.08228	0.00471	0.02023	0.0166	0.05733	0.09158	0.03346	0.03673	0.006	0.00494	0.10527	0.00331	0.02317	0.01324
0.05991	0.09662	0.00367	0.01617	0.02301	0.08143	0.08423	0.03884	0.0348	0.00452	0.00595	0.09836	0.00243	0.01617	0.01505
0.04375	0.10446	0.00474	0.02024	0.02244	0.06559	0.09292	0.02471	0.0468	0.00245	0.00588	0.1025	0.00663	0.0192	0.01187
0.05564	0.10236	0.0065	0.01986	0.01583	0.07559	0.09241	0.02648	0.0427	0.00523	0.00858	0.09169	0.00417	0.01868	0.01565
0.05452	0.09964	0.00764	0.01676	0.02159	0.07975	0.09251	0.02635	0.03435	0.00431	0.00679	0.0966	0.00197	0.01888	0.01305
0.05928	0.104	0.00965	0.01902	0.0053	0.09465	0.08944	0.03522	0.03563	0.00901	0.00983	0.09865	0.00381	0.02063	0.01345
0.07299	0.09553	0.00691	0.01794	0.01551	0.08531	0.08831	0.04114	0.03725	0.00478	0.00814	0.10116	0.00131	0.02307	0.01435
0.05779	0.0757	0.01048	0.02058	0.01288	0.06861	0.09863	0.02515	0.04034	0.00617	0.00784	0.09506	0.0034	0.02646	0.01375
0.05929	0.10638	0.01018	0.015	0.0233	0.07847	0.08893	0.02998	0.04036	0.00722	0.00545	0.10774	0.00209	0.02185	0.01253
0.04293	0.11071	0.01384	0.01829	0.02448	0.07104	0.09332	0.02835	0.03894	0.00662	0.006	0.11723	0.00372	0.02506	0.01488
0.04135	0.09063	0.01198	0.01579	0.02547	0.0611	0.09415	0.03014	0.02411	0.01318	0.00525	0.12038	0.0041	0.02556	0.015
0.03741	0.0755	0.00717	0.02242	0.01035	0.0588	0.09831	0.03869	0.02079	0.01044	0.00538	0.11429	0.00387	0.02204	0.01565
0.0471	0.07221	0.00524	0.02621	0.00915	0.06416	0.09343	0.04413	0.02569	0.0081	0.00759	0.13003	0.00619	0.02363	0.0131
0.03435	0.07841	0.00662	0.01622	0.00916	0.06123	0.09334	0.04033	0.02	0.00756	0.00776	0.13118	0.00228	0.02062	0.01386
0.04212	0.08696	0.00516	0.03728	0.01211	0.06511	0.0995	0.04393	0.02153	0.00577	0.00579	0.12927	0.00346	0.03191	0.02348
0.0407	0.08468	0.00876	0.02945	0.01599	0.09018	0.10009	0.03451	0.01714	0.00547	0.00763	0.12243	0.00262	0.02723	0.01924
0.03548	0.07499	0.00795	0.01579	0.01031	0.08355	0.10171	0.02758	0.02375	0.00631	0.00842	0.12021	0.00135	0.02238	0.01416
0.0382	0.08587	0.0072	0.02353	0.02461	0.0887	0.10183	0.03303	0.02131	0.00667	0.00776	0.12895	0.00143	0.02594	0.01663
0.05328	0.0764	0.00447	0.01624	0.00903	0.08929	0.09975	0.03688	0.02554	0.00389	0.00681	0.1175	0.00073	0.02541	0.01419
0.04948	0.09077	0.00552	0.02674	0.01893	0.09329	0.097	0.0475	0.03032	0.00727	0.00567	0.12576	0.00144	0.02897	0.01782
0.05151	0.07253	0.00618	0.02341	0.00822	0.07515	0.09637	0.04268	0.03048	0.00353	0.00651	0.10754	0.00236	0.03118	0.02146
0.03863	0.0534	0.00668	0.02701	0.00793	0.05497	0.10327	0.03391	0.02991	0.00736	0.00832	0.0962	0.00282	0.02578	0.0188
0.04131	0.07508	0.00567	0.02334	0.01202	0.05398	0.09529	0.04022	0.03369	0.00407	0.0117	0.08731	0.00263	0.02961	0.0169
0.04823	0.07477	0.00822	0.0213	0.01299	0.05913	0.09278	0.03989	0.03416	0.00479	0.01054	0.09663	0.00312	0.0257	0.01466
0.05427	0.0829	0.00522	0.02049	0.02081	0.05686	0.0885	0.04051	0.03575	0.00515	0.00981	0.09632	0.00243	0.02169	0.01329
0.04625	0.08159	0.00788	0.01313	0.0106	0.05177	0.091	0.02393	0.03953	0.0046	0.01056	0.09234	0.00304	0.02102	0.01379
0.05771	0.07744	0.01156	0.01954	0.01582	0.0589	0.08517	0.02615	0.03877	0.00292	0.01207	0.10977	0.00261	0.01808	0.01262
0.04806	0.07106	0.00987	0.02284	0.01148	0.05809	0.08788	0.02108	0.03722	0.0047	0.01097	0.11339	0.00198	0.02064	0.01261
0.05534	0.08003	0.01324	0.0235	0.00791	0.05809	0.09423	0.02593	0.02935	0.0047	0.01077	0.10677	0.00266	0.02555	0.0145
0.04206	0.08064	0.00917	0.02024	0.00775	0.05359	0.09643	0.02764	0.0221	0.00356	0.01063	0.10842	0.00198	0.02465	0.01463
0.0409	0.06274	0.01054	0.01968	0.02372	0.04718	0.1062	0.01907	0.0199	0.00639	0.00664	0.10903	0.00096	0.02926	0.01557
0.03851	0.05759	0.00758	0.01529	0.03242	0.04749	0.10243	0.02156	0.01622	0.0034	0.01104	0.12938	0.00214	0.02695	0.01573
0.03256	0.07462	0.00674	0.0088	0.0424	0.04328	0.10841	0.01859	0.01825	0.00407	0.0109	0.13234	0.00104	0.01979	0.0141
0.03969	0.05608	0.0049	0.01586	0.01242	0.0489	0.10586	0.01677	0.01448	0.00468	0.0083	0.1257	0.00097	0.02844	0.02049
0.04342	0.0611	0.00576	0.01731	0.01877	0.04883	0.10373	0.01996	0.00986	0.00414	0.00896	0.11875	0.00174	0.02412	0.0142
0.03554	0.05763	0.00568	0.01851	0.02339	0.04518	0.1092	0.01154	0.01084	0.00635	0.01112	0.12562	0.00206	0.02454	0.01205
0.04286	0.06932	0.00554	0.01493	0.02451	0.05185	0.10041	0.02225	0.01555	0.00312	0.00834	0.12188	0.00137	0.02402	0.01487
0.03373	0.05366	0.00687	0.02217	0.03883	0.05348	0.10775	0.01788	0.01853	0.00427	0.01022	0.11828	0.00125	0.03047	0.01569
0.04262	0.05821	0.00601	0.022	0.01717	0.0509	0.09818	0.02206	0.0132	0.00419	0.01003	0.1155	0.00141	0.02438	0.01319
0.04566	0.06884	0.00516	0.022	0.0293	0.05755	0.10542	0.01417	0.02024	0.00655	0.00844	0.11236	0.00142	0.02111	0.01284
0.04478	0.05607	0.00587	0.01477	0.01123	0.06296	0.10334	0.01769	0.02788	0.00529	0.01096	0.10132	0.00171	0.0226	0.01517
0.04648	0.06364	0.00776	0.01784	0.02063	0.05504	0.10335	0.01568	0.02504	0.00789	0.01069	0.09939	0.00209	0.02501	0.01496
0.03855	0.05389	0.00805	0.02227	0.04737	0.06245	0.10651	0.01626	0.02909	0.00586	0.00598	0.11589	0.00325	0.02287	0.0143
0.04171	0.05704	0.00755	0.01629	0.0374	0.06186	0.10995	0.01896	0.02981	0.00846	0.00772	0.1123	0.00222	0.02176	0.01239
0.04234	0.05366	0.00727	0.0191	0.021	0.05499	0.11026	0.01721	0.02524	0.01068	0.00846	0.10554	0.00221	0.02616	0.01148
0.04062	0.06108	0.00704	0.02176	0.0163	0.05609	0.11456	0.01656	0.02322	0.00952	0.00648	0.11147	0.00336	0.02302	0.01284
0.04309	0.05682	0.00415	0.01857	0.01731	0.05822	0.11344	0.01857	0.01714	0.01429	0.00653	0.11091	0.00094	0.01841	0.01102
0.04092	0.05573	0.00451	0.01487	0.03308	0.06067	0.11498	0.01855	0.01434	0.01255	0.00904	0.10655	0.00309	0.02019	0.01227
0.03866	0.07052	0.00415	0.01327	0.01316	0.057	0.11563	0.01741	0.01835	0.013	0.00643	0.1042	0.00323	0.02446	0.0156
0.03678	inf	0.00537	0.02016	0.06405	0.05412	0.1132	0.01774	0.02345	0.00848	0.00758	0.10815	0.00345	0.01987	0.01434
0.03471	0.06865	0.00433	0.0192	0.05243	0.05704	0.11115	0.02295	0.03464	0.01045	0.00517	0.10525	0.00356	0.02366	0.01353
0.03201	0.07092	0.00361	0.01544	0.01265	0.05667	0.11219	0.02543	0.02861	0.0112	0.00575	0.10024	0.00429	0.02098	0.0152
0.03113	0.0532	0.00287	0.01895	0.0115	0.05591	0.11574	0.02143	0.03953	0.01161	0.0087	0.11186	0.00474	0.02757	0.01707
0.04031	0.06518	0.00391	0.02002	0.00871	0.05783	0.11363	0.02223	0.03188	0.0093	0.00778	0.1102	0.0037	0.02491	0.01492
0.0301	0.04727	0.0039	0.01728	0.01746	0.05334	0.11336	0.02104	0.03579	0.01129	0.00714	0.10966	0.00414	0.02464	0.01698
0.03047	0.05118	0.00494	0.01994	0.01259	0.05446	0.11978	0.02138	0.03703	0.01153	0.00503	0.11552	0.00362	0.02211	0.01471
0.03601	0.04793	0.00501	0.01743	0.01682	0.06079	0.11949	0.01351	0.04468	0.0109	0.00424	0.1079	0.00304	0.01948	0.0124
0.03434	0.05549	0.00423	0.02752	0.01291	0.05377	0.12437	0.0121	0.04891	0.01124	0.00579	0.10616	0.00224	0.02227	0.0156
0.03368	0.05541	0.00483	0.01845	0.02065	0.05233	0.12715	0.01146	0.03967	0.00749	0.0044	0.10545	0.00345	0.02263	0.01746
0.02938	0.04014	0.00522	0.01668	0.01849	0.05261	0.12321	0.01122	0.03583	0.01058	0.00523	0.10983	0.00422	0.02007	0.0164
0.03067	0.04285	0.00658	0.01778	0.01214	0.05544	0.12196	0.01067	0.03684	0.008	0.00485	0.10531	0.00248	0.02118	0.0146
0.02781	0.05747	0.0052	0.02406	0.02194	0.05816	0.11513	0.01244	0.03514	0.00893	0.00612	0.11674	0.00366	0.0223	0.01478
0.02448	0.03916	0.00668	0.01878	0.01315	0.0603	0.11988	0.0139	0.02796	0.00786	0.00619	0.10948	0.00428	0.02233	0.01512
0.03173	0.05994	0.0075	0.01617	0.01333	0.05809	0.11574	0.01551	0.03265	0.01004	0.0048	0.1151	0.00379	0.02054	0.01571
0.03648	0.05873	0.0057	0.01344	0.02633	0.05825	0.10838	0.01631	0.02842	0.00808	0.00549	0.10994	0.00246	0.01885	0.01395
0.03962	0.06537	0.0061	0.02374	0.01029	0.05848	0.11006	0.01442	0.0341	0.00974	0.00619	0.10922	0.00215	0.0215	0.01582
0.03317	0.07381	0.00824	0.02311	0.01152	0.05728	0.11306	0.0116	0.03137	0.00829	0.00486	0.11396	0.00288	0.02325	0.01356
0.03398	0.06974	0.0092	0.01781	0.01673	0.05581	0.11148	0.01109	0.03772	0.00786	0.00566	0.10768	0.00218	0.02228	0.0144
0.02873	0.05815	0.00774	0.02679	0.02898	0.05553	0.11419	0.01273	0.0375	0.00556	0.00638	0.11515	0.00309	0.02421	0.01401
0.03931	0.06672	0.00898	0.01804	0.02422	0.065	0.11576	0.01374	0.04394	0.00637	0.00632	0.11347	0.00396	0.02392	0.01216
0.03806	0.06309	0.01153	0.0177	0.0226	0.06237	0.11507	0.01528	0.04926	0.00681	0.00788	0.12209	0.00303	0.02739	0.01473
0.03883	0.0632	0.01174	0.02558	0.02254	0.06179	0.1114	0.0135	0.0545	0.00826	0.00827	0.11998	0.0026	0.02603	0.01374
0.03728	0.05681	0.01167	0.02044	0.02099	0.05828	0.11128	0.01758	0.05388	0.00676	0.00935	0.12344	0.00285	0.0237	0.01127
0.04287	0.06581	0.01173	0.02364	0.02201	0.06107	0.11176	0.01636	0.05151	0.00736	0.00828	0.11638	0.00228	0.02915	0.01222
0.03632	0.05613	0.01281	0.02842	0.01638	0.05305	0.11049	0.01642	0.04805	0.00741	0.00733	0.11537	0.00164	0.02458	0.01251
0.03996	0.06206	0.01081	0.03089	0.02372	0.05576	0.11149	0.01838	0.04597	0.00792	0.0071	0.12294	0.00331	0.02963	0.01312
0.03886	0.05114	0.00981	0.02755	0.01826	0.0539	0.1093	0.01396	0.04638	0.00693	0.00851	0.11637	0.00257	0.02863	0.01405
0.03678	0.05457	0.01166	0.02336	0.02249	0.05474	0.11165	0.01315	0.04187	0.00858	0.0093	0.12188	0.00309	0.02494	0.01366
0.03238	0.06858	0.0103	0.02632	0.0264	0.05178	0.11841	0.00951	0.03989	0.00689	0.00654	0.12094	0.00357	0.02845	0.01283
0.0359	0.06558	0.00967	0.02021	0.02131	0.05333	0.11179	0.01219	0.03535	0.00831	0.00963	0.12663	0.00267	0.02833	0.01528
0.03689	0.06255	0.01053	0.019	0.0153	0.05214	0.11241	0.00957	0.0382	0.00706	0.00924	0.13623	0.00229	0.02514	0.01358
0.03576	0.05623	0.00822	0.01972	0.01392	0.05726	0.11559	0.01016	0.03579	0.00685	0.0087	0.13396	0.00224	0.02582	0.01337
0.03268	0.06122	0.0086	0.02175	0.01965	0.05635	0.11454	0.00889	0.03056	0.00694	0.00886	0.12341	0.00339	0.02391	0.01225
0.03605	0.05642	0.00946	0.02059	0.01289	0.0625	0.11055	0.0105	0.03284	0.0059	0.00959	0.1246	0.0045	0.02519	0.0128
0.03841	0.05485	0.01221	0.01869	0.01709	0.05901	0.11273	0.01066	0.03984	0.00545	0.00731	0.12351	0.00344	0.02186	0.01209
0.03652	0.06758	0.01044	0.02245	0.03211	0.05602	0.11796	0.01144	0.04336	0.00636	0.00755	0.12505	0.00342	0.02328	0.01226
0.03337	0.05995	0.01279	0.02319	0.01606	0.05046	0.11774	0.00866	0.04087	0.00643	0.00623	0.12144	0.00355	0.02256	0.01199
0.03071	0.04869	0.01259	0.02234	0.02557	0.05431	0.11854	0.0119	0.04364	0.00581	0.00677	0.12414	0.00239	0.02323	0.0138
0.02761	0.04317	0.01189	0.02344	0.01946	0.05198	0.12208	0.01048	0.03869	0.0058	0.00759	0.11598	0.00332	0.028	0.01349
0.0347	0.0609	0.01389	0.02292	0.02659	0.05523	0.12185	0.01364	0.03765	0.00475	0.00597	0.12034	0.00319	0.02881	0.01305
0.02788	0.065	0.01478	0.01914	0.02672	0.053	0.11838	0.0163	0.03538	0.00562	0.00636	0.12342	0.00191	0.02497	0.01262
0.03126	0.05658	0.01406	0.01944	0.01488	0.05631	0.11037	0.01609	0.03046	0.00493	0.0059	0.12133	0.00257	0.02563	0.01339
0.03536	0.04904	0.01604	0.0187	0.01683	0.05381	0.11715	0.01521	0.02916	0.00644	0.00562	0.12035	0.00393	0.02548	0.01268
0.03304	0.05743	0.01149	0.01734	0.01804	0.05734	0.12214	0.01634	0.03601	0.00634	0.00647	0.12458	0.00298	0.0215	0.01269
0.03355	0.06138	0.01228	0.02279	0.01578	0.0599	0.12037	0.01761	0.03067	0.00392	0.00716	0.12457	0.00287	0.02442	0.01241
0.03499	0.06865	0.01251	0.0207	0.01517	0.06004	0.11652	0.02162	0.03445	0.00649	0.00695	0.12533	0.00281	0.02272	0.01155
0.03368	0.07341	0.01046	0.02038	0.02107	0.05793	0.12093	0.02088	0.03291	0.00672	0.00683	0.13197	0.00311	0.02211	0.0117
0.02972	0.07624	0.00969	0.01697	0.01749	0.05681	0.11993	0.02025	0.0396	0.0064	0.00496	0.13066	0.00354	0.02074	0.01099
0.03064	0.07257	0.01016	0.01523	0.03719	0.05815	0.12242	0.02175	0.03687	0.00542	0.00825	0.13386	0.00266	0.0226	0.01045
0.03154	0.06784	0.00872	0.01702	0.02793	0.05934	0.11951	0.02476	0.03332	0.00449	0.00546	0.13663	0.00414	0.02332	0.01087
0.03419	0.07174	0.00693	0.01607	0.02249	0.06047	0.11864	0.02855	0.03957	0.00497	0.00503	0.14069	0.00305	0.01993	0.01041
0.03324	0.08138	0.00619	0.0223	0.02552	0.05613	0.11473	0.02918	0.0341	0.00668	0.00503	0.1365	0.00336	0.02808	0.01448
0.03082	0.07294	0.00482	0.02095	0.03035	0.05609	0.11483	0.03035	0.03348	0.0056	0.0061	0.13865	0.00236	0.02668	0.01299
0.02941	0.06072	0.00527	0.01852	0.02277	0.05324	0.1167	0.02761	0.02687	0.00517	0.00515	0.13795	0.00256	0.02657	0.01395
0.03197	0.06251	0.0033	0.01561	0.02361	0.05871	0.1129	0.02849	0.02913	0.00467	0.00662	0.14179	0.00166	0.02218	0.01344
0.0295	0.06099	0.00357	0.01617	0.0206	0.05758	0.11481	0.0307	0.02461	0.00543	0.00709	0.14079	0.00213	0.02406	0.01326
0.02943	0.05553	0.00305	0.01767	0.01846	0.0589	0.11475	0.03741	0.02823	0.00419	0.00574	0.13941	0.00183	0.02152	0.01184
0.03277	0.06439	0.00296	0.02175	0.01833	0.05632	0.11266	0.02868	0.02415	0.00524	0.00582	0.15057	0.00282	0.02223	0.01315
0.0269	0.05964	0.00332	0.01464	0.01171	0.05849	0.10929	0.02817	0.02082	0.00443	0.00584	0.14321	0.0018	0.01769	0.01197
0.02346	0.06303	0.00288	0.01667	0.01524	0.05669	0.11217	0.02772	0.01912	0.00404	0.00541	0.14285	0.00272	0.02025	0.01082
0.02674	0.06655	0.00271	0.01792	0.01619	0.05677	0.10986	0.02853	0.02047	0.00451	0.004	0.1482	0.00327	0.0218	0.01253
0.02805	0.0736	0.00302	0.01891	0.01498	0.05653	0.11044	0.02755	0.0201	0.00396	0.00452	0.14727	0.00464	0.02222	0.01063
0.03093	0.08724	0.00271	0.01569	0.01079	0.06015	0.1065	0.03161	0.01948	0.00443	0.0041	0.14426	0.0034	0.02162	0.01171
0.0268	0.05873	0.00373	0.01318	0.02544	0.05608	0.11184	0.0279	0.0187	0.0041	0.00362	0.14497	0.00258	0.01988	0.01168
0.0278	0.06582	0.00357	0.01132	0.02897	0.05893	0.10579	0.03303	0.01958	0.00405	0.00372	0.14931	0.00359	0.01871	0.01095
0.02635	0.0732	0.00342	0.01187	0.03075	0.05734	0.10517	0.03326	0.02152	0.00386	0.00406	0.14211	0.00257	0.01731	0.01026
0.02989	0.07445	0.00391	0.01109	0.02253	0.05761	0.10247	0.03148	0.01984	0.00323	0.00375	0.13442	0.00244	0.01711	0.01106
0.02939	0.08668	0.00348	0.01681	0.02479	0.05442	0.10687	0.03212	0.01891	0.00385	0.00354	0.13367	0.00248	0.02014	0.01255
0.02817	0.08077	0.00258	0.0169	0.02287	0.05539	0.1069	0.03232	0.02138	0.00409	0.0035	0.13167	0.00275	0.01994	0.01315
0.02424	0.08164	0.00316	0.01808	0.01493	0.05753	0.10696	0.03013	0.01836	0.00422	0.00406	0.12804	0.00267	0.02251	0.01307
0.02798	0.0802	0.00353	0.01391	0.02734	0.05822	0.10472	0.03485	0.01723	0.0036	0.0037	0.12541	0.0032	0.0205	0.01304
0.02971	0.07702	0.00364	0.01771	0.03202	0.05755	0.10721	0.03536	0.01783	0.00355	0.0038	0.11984	0.00333	0.02425	0.0145
0.02905	0.07135	0.00342	0.0193	0.02114	0.0617	0.10725	0.03472	0.01688	0.00391	0.00492	0.11733	0.00325	0.02634	0.01505
0.02476	0.06189	0.00342	0.01996	0.02179	0.06409	0.1065	0.0355	0.01703	0.00331	0.0044	0.12052	0.00315	0.02702	0.01447
0.02794	0.07029	0.00455	0.02224	0.02457	0.06408	0.10626	0.03385	0.01625	0.00425	0.00442	0.11585	0.00348	0.02781	0.01484
0.0271	0.07606	0.00437	0.01868	0.01685	0.05896	0.10897	0.0339	0.01832	0.00459	0.00533	0.11477	0.00234	0.02552	0.01433
0.03064	0.07186	0.0046	0.02137	0.03028	0.06131	0.10787	0.03432	0.01871	0.00452	0.00504	0.11672	0.00312	0.02373	0.01181
0.02954	0.08653	0.0044	0.02685	0.02375	0.06275	0.10363	0.034	0.01893	0.00469	0.00519	0.11218	0.00249	0.02714	0.01297
0.02582	0.06536	0.00441	0.02268	0.04818	0.06195	0.1039	0.03439	0.01802	0.0046	0.00514	0.10991	0.00239	0.02485	0.01408
0.03113	0.07012	0.00581	0.01778	0.04001	0.06116	0.10577	0.03332	0.01974	0.00493	0.0054	0.10988	0.00279	0.02189	0.01265
0.02669	0.07695	0.00492	0.02124	0.04194	0.05673	0.10152	0.02719	0.02283	0.0047	0.00542	0.10818	0.00327	0.0246	0.013
0.02698	0.0748	0.00492	0.01973	0.03412	0.05524	0.10487	0.0288	0.0204	0.00441	0.00546	0.10818	0.00261	0.02345	0.01225
0.02318	0.06295	0.0056	0.02241	0.02969	0.05655	0.10785	0.02914	0.02104	0.00472	0.00686	0.11066	0.00267	0.02657	0.01265
0.02585	0.06675	0.00512	0.02008	0.0303	0.05808	0.10443	0.03357	0.02079	0.00417	0.00552	0.11648	0.00222	0.02257	0.01181
0.02317	0.0644	0.00462	0.01791	0.02743	0.05637	0.10184	0.02889	0.02313	0.00423	0.00633	0.11405	0.00281	0.02234	0.01291
0.02521	0.07552	0.00494	0.01777	0.02711	0.05669	0.10181	0.03081	0.02248	0.0055	0.00634	0.11002	0.00288	0.02157	0.01267
0.0261	0.07575	0.00574	0.01613	0.03144	0.05774	0.10202	0.0315	0.02228	0.00584	0.00587	0.11274	0.00263	0.0215	0.01406
0.02388	0.07345	0.00613	0.02001	0.03714	0.05817	0.10575	0.02858	0.02066	0.00438	0.00595	0.11444	0.0025	0.0229	0.01303
0.02553	0.07199	0.00675	0.02453	0.02955	0.05682	0.10548	0.02692	0.02055	0.00605	0.0069	0.11497	0.00259	0.02445	0.01354
0.02593	0.06425	0.0061	0.02195	0.02277	0.05842	0.10764	0.0262	0.02067	0.00488	0.00699	0.11433	0.00237	0.0233	0.01285
0.02411	0.06554	0.00619	0.02017	0.02415	0.05795	0.10711	0.02544	0.02225	0.00625	0.00645	0.11269	0.00263	0.02138	0.01224
0.02274	0.06976	0.00606	0.0214	0.02224	0.05527	0.10214	0.02991	0.0221	0.00493	0.00678	0.11425	0.00289	0.02252	0.01336
0.02591	0.05853	0.00537	0.02388	0.02719	0.05564	0.10496	0.02958	0.02309	0.00385	0.00713	0.11542	0.00249	0.02108	0.01228
0.02633	0.07334	0.00548	0.02123	0.02285	0.05831	0.10441	0.03099	0.02443	0.00536	0.00666	0.11252	0.0025	0.02193	0.01222
0.02522	0.07317	0.00575	0.02063	0.02362	0.05663	0.10423	0.02832	0.02289	0.0045	0.00696	0.11324	0.00247	0.02302	0.01297
0.02533	0.06786	0.00607	0.02326	0.03228	0.05487	0.10458	0.02771	0.02294	0.00531	0.00724	0.1147	0.00275	0.02372	0.01344
0.02594	0.06985	0.00562	0.02222	0.0191	0.05744	0.10625	0.02819	0.022	0.00535	0.00645	0.11282	0.00266	0.02408	0.01363
0.02784	0.07622	0.0057	0.02092	0.01902	0.05744	0.10759	0.02632	0.02066	0.00566	0.00648	0.11359	0.00253	0.02347	0.01386
0.02686	0.06152	0.00563	0.02035	0.02004	0.05825	0.10534	0.02832	0.02013	0.00474	0.00666	0.11244	0.00213	0.02035	0.01221
0.02765	0.07828	0.00597	0.02011	0.02632	0.05588	0.10601	0.02684	0.02187	0.00467	0.00738	0.11714	0.00317	0.02074	0.01205
0.02685	0.07715	0.00606	0.02126	0.02352	0.05662	0.10589	0.02705	0.02193	0.00496	0.00717	0.11187	0.00227	0.02288	0.01312
0.0297	0.07142	0.00532	0.0209	0.02025	0.0569	0.1084	0.02615	0.02049	0.00435	0.00643	0.11689	0.00262	0.02252	0.01242
0.02727	0.07231	0.00592	0.01982	0.02031	0.057	0.10664	0.02577	0.02181	0.0042	0.00684	0.11485	0.00283	0.02309	0.01324
0.02542	0.07287	0.0058	0.02017	0.02137	0.05627	0.10897	0.02439	0.02252	0.00503	0.00725	0.1144	0.00261	0.02327	0.01204
0.02843	0.06691	0.00513	0.01798	0.02274	0.05618	0.10781	0.02358	0.02157	0.00449	0.00666	0.11277	0.00254	0.02055	0.01222
0.02944	0.06791	0.00549	0.01802	0.02169	0.05495	0.11107	0.02356	0.02181	0.0052	0.00708	0.11681	0.00302	0.0223	0.01347
0.02881	0.06956	0.00593	0.02013	0.02335	0.05677	0.11233	0.02381	0.0236	0.00471	0.00718	0.11521	0.00281	0.02247	0.0118
0.0275	0.0703	0.00578	0.01892	0.02189	0.05602	0.1103	0.02507	0.02276	0.0049	0.00672	0.1146	0.00253	0.02164	0.01175
0.02896	0.06901	0.00524	0.02104	0.02052	0.05515	0.11016	0.02479	0.02467	0.00472	0.00671	0.11288	0.00224	0.02267	0.0118
0.02598	0.0652	0.00584	0.02175	0.01836	0.05549	0.11034	0.02556	0.02519	0.00428	0.00676	0.11348	0.00216	0.02403	0.0128
0.027	0.0639	0.00522	0.02335	0.01925	0.05691	0.1098	0.02578	0.02199	0.00485	0.00706	0.11614	0.00254	0.02476	0.01268
0.0279	0.07449	0.00577	0.01908	0.02261	0.05482	0.11152	0.0255	0.02509	0.00476	0.00687	0.1134	0.00269	0.02241	0.01253
0.02932	0.06604	0.00578	0.02335	0.01815	0.05631	0.10685	0.02605	0.02428	0.00445	0.00689	0.11137	0.0025	0.02446	0.01244
0.02847	0.06564	0.00535	0.0213	0.02064	0.05649	0.10919	0.02554	0.02559	0.00478	0.00656	0.11458	0.00246	0.02422	0.01237
0.02713	0.05686	0.00601	0.01963	0.01511	0.05606	0.11094	0.02511	0.02577	0.00503	0.00746	0.11412	0.0027	0.02239	0.0123
0.02804	0.07186	0.00507	0.02022	0.0176	0.05571	0.1103	0.02524	0.02545	0.00473	0.0067	0.11505	0.00236	0.02225	0.01265
0.02737	0.06855	0.00558	0.01898	0.02169	0.05633	0.11051	0.02491	0.02543	0.00487	0.00681	0.11532	0.00238	0.02122	0.01266
0.02607	0.06146	0.00536	0.01736	0.02013	0.05604	0.11005	0.02447	0.02708	0.0045	0.00709	0.11629	0.00229	0.02133	0.01295
0.0277	0.07178	0.00569	0.02025	0.01886	0.05581	0.1106	0.0247	0.02648	0.00455	0.00684	0.11538	0.00264	0.02241	0.01174
0.02644	0.07039	0.00498	0.01962	0.01949	0.05395	0.11184	0.02322	0.02568	0.00461	0.00715	0.11513	0.00257	0.0225	0.01215
0.02788	0.07507	0.00604	0.01939	0.01998	0.056	0.11012	0.02465	0.02514	0.00435	0.00681	0.11374	0.00211	0.02247	0.01302
0.02784	0.07323	0.00553	0.01894	0.02262	0.05517	0.11004	0.02427	0.02657	0.00462	0.00751	0.11619	0.00242	0.0222	0.01276
0.02657	0.06026	0.00566	0.01811	0.02685	0.05593	0.11249	0.02475	0.0255	0.00487	0.00807	0.11608	0.00255	0.02047	0.01204
0.02732	0.07435	0.00564	0.01945	0.0232	0.05577	0.11334	0.02401	0.02557	0.00485	0.00776	0.11543	0.00261	0.02157	0.01231
0.02559	0.06505	0.0059	0.01987	0.01918	0.05458	0.1108	0.02477	0.0245	0.00471	0.00738	0.11546	0.0029	0.02268	0.013
0.02791	0.0661	0.0056	0.01991	0.01945	0.05522	0.11248	0.02511	0.02593	0.00497	0.00616	0.11685	0.00275	0.02202	0.012
0.02579	0.06848	0.00568	0.01943	0.01864	0.05484	0.1085	0.02563	0.02548	0.00441	0.00656	0.11492	0.00267	0.02124	0.01203
0.02599	0.07205	0.00565	0.01887	0.01828	0.05571	0.11107	0.02556	0.02508	0.00405	0.00628	0.11657	0.00252	0.02098	0.01149
0.02818	0.07071	0.00573	0.01946	0.01931	0.05632	0.11048	0.02612	0.02478	0.00409	0.00695	0.11746	0.00262	0.02208	0.01227
0.02734	0.07172	0.00545	0.01893	0.02194	0.05511	0.11087	0.02558	0.02657	0.00463	0.00642	0.11886	0.00233	0.02116	0.01179
0.0279	0.07375	0.00588	0.01818	0.02169	0.05604	0.1141	0.02597	0.02563	0.00477	0.00659	0.11642	0.0021	0.0221	0.01223
0.02661	0.06283	0.00577	0.01972	0.02105	0.05534	0.11078	0.02501	0.02526	0.00473	0.00728	0.11844	0.00285	0.02283	0.01243
0.02653	0.06855	0.00599	0.01905	0.02072	0.05452	0.11035	0.02595	0.02499	0.00438	0.00686	0.12006	0.00261	0.02191	0.01103
0.0284	0.06201	0.00574	0.01854	0.02354	0.05548	0.11348	0.02462	0.02457	0.00453	0.00714	0.115	0.00239	0.02125	0.0117
0.02767	0.07398	0.00617	0.02112	0.02094	0.05543	0.11319	0.02477	0.02484	0.0047	0.00647	0.11863	0.00256	0.02383	0.0123
0.02757	0.06964	0.00577	0.01979	0.01859	0.05525	0.11137	0.02474	0.02497	0.00436	0.00724	0.11791	0.00241	0.02314	0.0124
0.03118	0.07119	0.00601	0.01879	0.01876	0.05535	0.11295	0.02587	0.0262	0.0045	0.00709	0.11534	0.00259	0.02158	0.01223
0.02805	0.06502	0.00574	0.01881	0.01904	0.05591	0.11038	0.02633	0.02539	0.00417	0.00657	0.11781	0.00309	0.02235	0.01216
0.02722	0.06622	0.00544	0.01748	0.02015	0.05566	0.10993	0.02694	0.02658	0.00429	0.00644	0.1153	0.00263	0.02118	0.01224
0.0301	0.07277	0.00537	0.01708	0.02018	0.05542	0.11167	0.02421	0.02747	0.00459	0.00719	0.11865	0.00254	0.02055	0.01141
0.02842	0.06777	0.0052	0.01733	0.02148	0.0559	0.10912	0.02578	0.02711	0.00481	0.00685	0.11731	0.00271	0.02118	0.01219
0.02819	0.06197	0.00552	0.01843	0.02026	0.05568	0.1096	0.02429	0.02549	0.00457	0.00685	0.11672	0.00251	0.02197	0.01193
0.02949	0.06828	0.0058	0.01813	0.02028	0.05526	0.11177	0.02511	0.02632	0.0046	0.00751	0.11751	0.00319	0.02191	0.01206
0.03019	0.06441	0.0053	0.01805	0.02128	0.0566	0.11084	0.02569	0.02667	0.00426	0.00657	0.11721	0.00241	0.02122	0.01166
0.02761	0.07535	0.00585	0.01816	0.02029	0.05528	0.111	0.02606	0.02602	0.00443	0.00706	0.11599	0.00258	0.02148	0.01189
0.02883	0.06415	0.00547	0.01862	0.02072	0.0545	0.11269	0.02452	0.02607	0.00469	0.00702	0.11707	0.00245	0.02282	0.01254
0.02803	0.06655	0.00555	0.01665	0.02081	0.05609	0.10967	0.02563	0.02626	0.00417	0.00676	0.11854	0.00281	0.02034	0.01109
0.0292	0.07412	0.00533	0.01743	0.01968	0.05512	0.11006	0.02575	0.02542	0.00437	0.00732	0.11604	0.00259	0.02141	0.01187
0.02915	0.07337	0.00562	0.01736	0.02044	0.05598	0.11032	0.02562	0.02615	0.00426	0.00741	0.11731	0.00279	0.02166	0.01249
0.02785	0.07003	0.00572	0.01941	0.01822	0.05441	0.111	0.02416	0.02524	0.004	0.00668	0.11575	0.00231	0.02294	0.01233
0.02789	0.07149	0.00541	0.01825	0.02006	0.05562	0.11039	0.02418	0.02554	0.00452	0.0073	0.11647	0.00289	0.02165	0.01166
0.02802	0.07049	0.00581	0.01869	0.01957	0.05437	0.11222	0.02418	0.02534	0.00419	0.0074	0.11689	0.00253	0.02193	0.0123
0.0276	0.0695	0.00605	0.01823	0.01863	0.05452	0.11097	0.02452	0.025	0.00443	0.00687	0.11679	0.0023	0.02195	0.01206
0.02884	0.07443	0.00597	0.01578	0.02155	0.0556	0.10913	0.02597	0.02608	0.00457	0.00693	0.11824	0.00276	0.01972	0.01149
0.02791	0.06839	0.00589	0.01711	0.0204	0.05557	0.11377	0.02497	0.02591	0.00443	0.00673	0.11815	0.00285	0.02035	0.01208
0.02786	0.07223	0.00578	0.01828	0.01997	0.05556	0.11104	0.02513	0.02619	0.00454	0.00659	0.1166	0.00264	0.02107	0.01193
0.03135	0.06682	0.00611	0.01804	0.02026	0.05555	0.10948	0.02594	0.02574	0.0046	0.00683	0.11757	0.00264	0.02206	0.01243
0.02814	0.06225	0.00606	0.01634	0.02037	0.05512	0.10964	0.02484	0.02492	0.00453	0.00698	0.11524	0.00271	0.02008	0.01068
0.02717	0.07461	0.00616	0.01798	0.01927	0.05651	0.11136	0.02537	0.02529	0.0042	0.00701	0.11601	0.00251	0.02158	0.01223
0.02838	0.07255	0.006	0.01984	0.01932	0.05616	0.11033	0.02529	0.02592	0.00482	0.00635	0.11643	0.00277	0.02222	0.01187
