mass_1	mass_2	phase	time	distance	a_1	a_2	tilt_1	tilt_2	phi_12	phi_jl	theta_jn	psi	ra	dec
1.4384839136999905	0.8324999841121805	0.024195344207145572	0.047111131035370415	0.18038943273530186	0.4463898171445218	0.5183437622617907	0.059359424519821784	0.08628849153057447	0.016306391536276058	0.13884966559528067	0.06649579311106109	0.005364330891105653	0.026517793381303664	0.08823435267542809
0.8780050152838709	0.5835974227624533	0.020204053822093046	0.020828999411817053	0.10684367715493433	0.39494379770789445	0.7025764401213554	0.09038252873049113	0.0680799546537449	0.029177937695130704	0.05899107526736866	0.05971464245134556	0.0137628294665171	0.012441377189332425	0.03141086178862844
0.5597670444848298	0.6331374309493429	0.017577307255104726	0.03887348924929196	0.08619589989096059	0.5207405267157343	0.5783181510052633	0.15140450071304884	0.03526312118538449	0.03414795672537323	0.05327605070992203	0.07429785809353028	0.015992843066029203	0.04376723025703656	0.05581586641171445
0.39353589288694724	0.3668208506383541	0.018026110909777366	0.02237508419777574	0.07811290711890023	0.21772789453748237	0.4777326581761318	0.08043663972461815	0.07055534924069246	0.043590460163939596	0.09279638972228431	0.03664086235027422	0.003917210595504993	0.04122949404728214	0.07168967666539776
0.29729893495934867	0.40639573092347103	0.02606268127924488	0.028754865619415194	0.0504779687520782	0.24787475213148474	0.5093895667742709	0.0887864280652809	0.061861221804398556	0.023755266703337996	0.06553164456210529	0.02135485516820081	0.01144801879013901	0.0568552751587462	0.08250722861719878
0.37943258007861896	0.3620144956694724	0.01664042571597917	0.01670217045600429	0.07032886742932026	0.5799141970892135	0.40451291772068143	0.10860453953914927	0.037296407372037724	0.03306302310092546	0.05070905359396859	0.054875783586952	0.009011791105912404	0.013491500528416614	0.032181029687427476
0.2414171183723363	0.3563223589011269	0.016786510369882175	0.048718379727497665	0.07841746477846853	0.335987918069259	0.31237301089676667	0.13583275019884342	0.034988977471801616	0.021142798068937766	0.037991623934333155	0.0466108805993288	0.02349288432736435	0.04099003947416405	0.04235738945965632
0.5720685426634361	0.6318503718429709	0.021890286286949254	0.024020204736526714	0.06018125151368982	0.6466301032975371	0.26345689517359633	0.14046540412394828	0.07334351039477395	0.01748298643926051	0.05345798080855766	0.07159624266392978	0.019285103128952333	0.025196792383488476	0.04535409012783465
0.25254210144774436	0.2697082383941232	0.015866823738169066	0.02248125912108581	0.12189630864413659	0.6367318818558713	0.3385069874747532	0.11829863799132599	0.03496287836039863	0.010486723846281996	0.033469909058626804	0.039219149050947914	0.013254104157913105	0.03599629720096436	0.05959027990579401
0.37648972604663233	0.39220008678291596	0.02277827007490876	0.03571399194608251	0.023952285307361834	0.544164073889323	0.28495906255981435	0.15085069727881636	0.04440201889338536	0.012030402795225669	0.059387941912823414	0.07287848507227594	0.012970363186432465	0.04938403440826946	0.08028750193360121
0.3662840926352306	0.45161796176493546	0.020293394973640525	0.0438772624675808	0.05499592133432004	0.9241545648107756	0.3125851954267825	0.20360998423610743	0.020359560985665055	0.025699384575746876	0.02708151631868701	0.16095011488277874	0.01199163451660322	0.036755449355135056	0.03639971805532806
0.35293600516212564	0.39820484894431485	0.02929459935307871	0.028941071343344563	0.09109159608642284	0.6275653731921293	0.2789962514741805	0.18068546101652086	0.03943141670660326	0.011980309451496505	0.06473193191074225	0.1365273095223217	0.03399210032454316	0.022098623160749595	0.06607498409156956
0.29171492224007584	0.38923588326921194	0.02422735624731169	0.028078516212180906	0.025739139921063532	1.099253046157721	0.2506570881945929	0.13893990575095766	0.0156018087051911	0.018707585708282088	0.039366828981310054	0.09804590269806852	0.008281582411593703	0.03344643916350871	0.05167779320046634
0.2900436731842283	0.4749634893976055	0.009894557231772686	0.035021532500664615	0.05018032330987527	0.4970388054863659	0.2903230010151317	0.12042997078608951	0.018690071969038345	0.024450626508862545	0.04701962674202543	0.10446292353991729	0.01526099883474692	0.03051085641661462	0.0593988157861412
0.2863306845617687	0.37343323644382814	0.01422686640369471	0.012789694515571793	0.025507321988741248	0.8144453284397967	0.24789943514335533	0.19937958652321533	0.0252962498400894	0.020123787366518698	0.043642896839189815	0.13210738508971173	0.00640075059992428	0.01577392781962625	0.07568730978961263
0.2575464608586872	0.2394640016528144	0.00795432398006096	0.03838290567537678	0.035312698239532175	0.5019171043454553	0.20193133009905226	0.13809217548740751	0.018554504518909557	0.023074918030666747	0.03543172190198432	0.09780788388000293	0.01875950039386366	0.02754985162355306	0.07665755339572577
0.33402726781744235	0.42103274020109377	0.009740701117913479	0.024306257411051795	0.07233142744418239	0.6168732550101076	0.2032589622608086	0.136445462165529	0.04539804529817243	0.020663518218968238	0.046932936807539606	0.2044731681031546	0.013821441452358302	0.022689316059501488	0.035473179760846726
0.35215603166148485	0.4934268901197351	0.019524817115451717	0.07712528353209964	0.03736559414375621	0.6172763835315531	0.19638691000661831	0.09447254717160013	0.024110592831230952	0.01176184980503192	0.08845760081967671	0.16411268416824554	0.00850332471588235	0.03552918665193159	0.050344479657868126
0.3704014907695394	0.7026174007600463	0.026042030955970664	0.05797765121829219	0.038011512896479374	0.6520395114216435	0.31285227744866806	0.08296948110454201	0.05114347727282084	0.01148080174490416	0.0706534083272458	0.13323618312033336	0.006772970229117548	0.051345758735187146	0.04161634718770843
0.3087396195656494	0.45287258166664746	0.02188931601190762	0.04584263047231674	0.04450527833516914	0.5997671456579714	0.201825608371229	0.10905976284976683	0.031589019538217356	0.016806532096403797	0.04427081970639079	0.10118524808424106	0.011619499823113472	0.037847491402066405	0.06268131192018483
0.408489816474171	0.5828959357126603	0.014159137637946457	0.021704983073605223	0.037914453102669596	0.6712887020720972	0.17629018037837496	0.14750391898895926	0.030911878554501122	0.011501494584521802	0.06708305584650694	0.07842678144278678	0.02275182006076447	0.016499423717218315	0.03669980938135741
0.33928916897948397	0.5232348216439217	0.015981623899882107	0.037181743401972375	0.0809066739217051	0.44051026991278924	0.2149156301210391	0.1141308225112802	0.03515227470440957	0.01876762607912265	0.0728760251270019	0.0786070993954901	0.022733673293432247	0.029453940287740156	0.016133338197103345
0.4563080277513785	0.6030523103079325	0.016402451381763963	0.012617518081551942	0.02915325748392819	0.73721128817279	0.21336774777448425	0.09248094729331913	0.034490633905416804	0.009645035535534635	0.023544002881348287	0.061037167642363666	0.018028902247141137	0.006504515506989276	0.036526142805568845
0.20680507212493332	0.5616722908413885	0.017945309510828397	0.027038461449930818	0.052945989279999564	0.788430361050366	0.25040797233750095	0.12014223477570349	0.02314844263782473	0.013306015040187545	0.0828850484934131	0.16091253886139922	0.0054665782665166765	0.02161574347444208	0.06491802975790865
0.39711963140715695	0.5017253571956771	0.024398353529733765	0.036005805337570466	0.05907142248174038	0.9727859976747775	0.17203630789420424	0.15333779911354678	0.023043343840534726	0.01197796950160033	0.049746893253753886	0.06549679794316868	0.012220005430028602	0.04332742839894958	0.04752482618524278
0.2518490582064788	0.37197093185845853	0.020338040593658138	0.04535580922887173	0.01041130058049429	0.7244362427451839	0.19622948287620814	0.16557049090673168	0.024822345782612026	0.012527462020621051	0.05173156461513759	0.03336465901023044	0.0048484532489203955	0.07401847257829276	0.02694487073600668
0.293013348711145	0.3645156543989573	0.01740626543082486	0.022899629187070454	0.03815589480861403	0.676610567879026	0.2058730427666358	0.1501604222959509	0.03256252323628376	0.016264218212557698	0.02088259707836816	0.08902599863164636	0.01637206020086453	0.026666750178478433	0.051212699347640216
0.2850129850810823	0.38777047853498847	0.021208816259520834	0.040222705007190204	0.03834217302778195	0.6455400271695072	0.15152070592949557	0.21222844951469677	0.030291797418425807	0.012473137227320907	0.02469857258781785	0.13718894633238363	0.011480619885785097	0.02156228979365732	0.03103460807349698
0.2912517580456903	0.3862585972937377	0.014717643818705444	0.0615122334797116	0.03095638065390926	0.6249879975250747	0.15033035786535964	0.11476045652045132	0.03484661540054971	0.010737596114904033	0.0340491301405715	0.1939908883198535	0.017153138378288184	0.033583509625533546	0.04008363618387245
0.24816371155767164	0.3668397551093387	0.011067575098739917	0.024126988204936684	0.03858775609944872	0.4544097008864548	0.21291199532210092	0.13850573130362256	0.035152322627751906	0.016221307018149805	0.023875033348156903	0.08747624729062702	0.006273132941597674	0.05061766708090367	0.03381532364539312
0.25720472396964444	0.5248771170322288	0.01460100010368697	0.010937937297769845	0.054553999930866286	0.5535322340960986	0.2591678456351778	0.09545716430737418	0.05336360543685289	0.016589104910531175	0.02160318798295437	0.09368790574440669	0.01117637817483506	0.028207835997244527	0.020376460192128954
0.14721274252892197	0.18209623789250745	0.009757695860716337	0.014719833959462065	0.033654279071727654	0.5198363085753864	0.22423636463374716	0.14426374901213893	0.05559221553876791	0.007898132933399476	0.024105187729595412	0.1151652473118071	0.019971699657938862	0.021657437953335013	0.03002370319512701
0.3207031819182732	0.4924667895978725	0.015757400373247413	0.033037723627348844	0.04339248387375938	0.4616919573637347	0.2490600664290402	0.12564498525827897	0.05166693793794547	0.009923228315947046	0.022893137205506255	0.1744962276743875	0.013706235250250762	0.038967093978472256	0.042929700849820264
0.23131540010695356	0.3580978707005684	0.012782521508419199	0.031828507293980915	0.057748003159994836	0.3031198819770036	0.19872757300956675	0.09067590205754296	0.045573258846306544	0.009339537997005832	0.015824587913010692	0.1180651346072864	0.01674415177416916	0.024618272215891992	0.039591238506022405
0.18043659440121448	0.3046120176319582	0.016041017945845677	0.04420030589499466	0.025506602760226163	0.180715528067093	0.2059810871505901	0.07161776322459476	0.040138973804948914	0.006557731751946389	0.018159205773698776	0.11542281172417694	0.019178513207731146	0.02211396122872767	0.032602692702329426
0.19893698153994704	0.4366753712365699	0.010929267523499413	0.019375418668648278	0.04736567952812512	0.2433376571050704	0.15214697499595634	0.08389410310509132	0.0380705460473131	0.010460355549075885	0.04139283875246166	0.09130106418309417	0.004835500073218645	0.02029861050525358	0.04132919264696812
0.2012577553229765	0.2881652429155497	0.009369481035610664	0.03005661110399843	0.015574676891180932	0.23969740241220905	0.1519548863560623	0.05586277915942408	0.04234767851613002	0.008530043830812541	0.015719957000444245	0.06906555427358191	0.01091189510135945	0.043950196575967514	0.060029629590277724
0.3218388953057654	0.41521081869317783	0.008603512056501984	0.024749397196207522	0.03439312756800405	0.3946384113437234	0.26986415653523366	0.09042499802935403	0.04387081193078182	0.010296032797644501	0.029502446400434566	0.05239664350070734	0.01889800847891663	0.05330670194101489	0.06996955020737183
0.22506307892022	0.38980302921247106	0.005358501609588809	0.03426626049269346	0.04023451849985329	0.2394792363262398	0.18785976304903937	0.0685571195664989	0.046817713868821574	0.01102807752112685	0.017108920357829724	0.0631155060650829	0.005970185751169515	0.035955464237190905	0.0717921222789368
0.3222153242036922	0.5129164521381802	0.0075285463022075	0.06355810012882557	0.037561176522371294	0.4188739899912455	0.24217739681278658	0.06477524427291598	0.045764586217607296	0.010583176777463335	0.029770549452730583	0.07583128545425491	0.010161472582963287	0.028035042070749465	0.04870387620638696
0.265134570576479	0.603491371512288	0.012253095438635083	0.02322728928644531	0.034744271656741293	0.720650210686349	0.25120935486983353	0.10075059571019958	0.039384860646490404	0.00957721103677586	0.021638394518915936	0.09383349000714948	0.007940843929725539	0.037306250872514865	0.08090154124417501
0.3150430846787352	0.5628559656801592	0.018884762029660628	0.03707338685390241	0.03705940944397937	0.6169631431716833	0.2692805632580465	0.05510002983844263	0.024895235811119864	0.006387661268477472	0.025124274994501757	0.04281281912430416	0.0056373163354768285	0.032499115272175784	0.06886568072216129
0.4017242676879398	0.7442733147960024	0.012957774752290058	0.038859301951238934	0.03277059349662434	0.6573553427543094	0.24430295282443548	0.04006959077137723	0.04750267665920699	0.005444609601799834	0.01855802444832007	0.07804233356656962	0.01500458766615425	0.04465162221458212	0.044761667363114634
0.42100532343551145	0.5416124256204524	0.024201443568024773	0.10427015378428045	0.03100134919454736	0.914869954561207	0.20416410117070105	0.09392739486487364	0.051019574511542105	0.003617070056376812	0.016180140673699925	0.10332534638130965	0.011237825295742684	0.06260564334367864	0.05818478094908345
0.18436649515213327	0.37820844460476527	0.02482172170337727	0.03276414741044156	0.06601372603517366	0.6025510692756578	0.1808778676741262	0.08661726024309095	0.04875817569700975	0.009085014384730803	0.04548109377830007	0.12779438238395602	0.006390282629317358	0.05685399220847409	0.05251662453400764
0.276559319386498	0.4575567785362442	0.027207470454658718	0.02888390699279875	0.08736884715389846	0.6740342413566858	0.23621800198352713	0.08345786740650582	0.07128448412139542	0.007217832563033832	0.020880328899078315	0.16341218830827747	0.013824083123838404	0.043591035452845345	0.025535360822714563
0.14159761020911468	0.22949418153077802	0.014662518440505333	0.022827725428953827	0.041117992212823605	0.38015826386819057	0.14243040899507659	0.08952558650575367	0.03720680840035866	0.007870178608916454	0.014351358397642575	0.07547789363415762	0.005966212295502093	0.038353577619880445	0.04635122202998124
0.19413319939007304	0.22399212667504792	0.008428188927240787	0.009865413679629143	0.05204980504673131	0.9313948758631465	0.1529891664466492	0.1453780490238682	0.056117154986481586	0.006016501375521734	0.023136657292217117	0.12224460707426156	0.00821865726485637	0.039516132976705226	0.0410530237943672
0.22344807336017014	0.24562475882173318	0.011473322391891094	0.03651003330188461	0.09504171896221948	0.9219132818240453	0.15544390810219236	0.07982250256634522	0.07268246499800689	0.007879831416991622	0.024218253155823093	0.10479261892584969	0.010009065021090254	0.06137536494056541	0.058134754438673726
0.2652747008794038	0.37842864920321057	0.012656859011325402	0.019162744623802696	0.06386748508770043	0.8977692730900148	0.1460299254774805	0.0996920692442708	0.0687365555694958	0.007050815326122464	0.03250178358059781	0.11707878387076408	0.008183920319351523	0.01767074308912858	0.027907942065789244
0.15954377375546605	0.23445479800796143	0.015048761981544654	0.03331606441868036	0.04531385791953763	0.7751000323742273	0.18328677955484032	0.06663061181693626	0.09948559989343918	0.011075118116908202	0.02688783351738184	0.14077534249473433	0.010310767359924427	0.08087721495654214	0.06792127806161012
0.11353825227249367	0.19642226260120088	0.023561974653004174	0.037563519602864845	0.06494916157820096	0.5056067089712925	0.15918098896350671	0.07060593467941599	0.12404093123469831	0.0051260854261991964	0.03610292910916261	0.09022713826345681	0.006320329123675865	0.04544362125316239	0.06165501849536263
0.24093155400968577	0.2724189172524477	0.019163869949669468	0.014304267390143162	0.10224139684137454	0.7857892534827295	0.16636462762441173	0.10174932931879156	0.09798959505112194	0.006927197028440681	0.025989493603761155	0.08162089776568686	0.0076891465059229225	0.03893349438935542	0.045174646672856
0.17558972876113407	0.24395982971834146	0.013623060667477918	0.019219844383773832	0.06206979815599659	0.838802965638212	0.13518715280021013	0.13143189842139946	0.09056730849913602	0.008580574708721216	0.03734103237165785	0.11943340591371047	0.003219017682529608	0.024696224847653082	0.04456371864341466
0.25547024701524096	0.24058456131467873	0.022045144111455667	0.01853947883058449	0.07572648697695933	0.5734658681978567	0.13807699084606	0.10239061935032333	0.0633554556136794	0.005916702837240915	0.028952784072262594	0.10786583297661857	0.007341762354270349	0.026831367890023827	0.04960748589943071
0.18092687331125087	0.22134690641791935	0.030030389425657507	0.027150290454555918	0.034220248707977505	0.46922443223028004	0.09858699305519562	0.09278961640255032	0.03666875311293327	0.0062448807247800315	0.03567699906775575	0.09139839328095342	0.003947956025983966	0.022336077968466928	0.04015167202487055
0.17399337152917038	0.23754860212830092	0.03208966661114988	0.01705647064671586	0.02739868330495072	0.5066413943924216	0.15589768161326278	0.09401673133306487	0.08775301963706147	0.008033821621699477	0.031905980449312366	0.11248287676711294	0.00964008763957866	0.025816425611841057	0.03588866998213951
0.3121107217711709	0.33675471446069377	0.01743111795625998	0.021031400415810857	0.0643376990928727	0.6343352449743722	0.17449046775704588	0.07744966924372564	0.07130716220285069	0.006706003820272443	0.03015143701148794	0.09419491120715501	0.004375595437401945	0.03132025498658436	0.07919727925768909
0.2258802665158337	0.242634773801777	0.021733984270387592	0.010878525139852503	0.07929435401187657	0.3970088396240557	0.13435626495447683	0.059214328366636315	0.043566860902243675	0.0035140999293004427	0.017427739704672717	0.07272849907938188	0.003663766207070031	0.03563765957305374	0.04847856870037047
0.22936322641796503	0.28447898914617187	0.009764701817054073	0.00965853041464838	0.04438166164683454	0.4596392171913571	0.15684972332945704	0.07913422417190928	0.08448645382193246	0.008775257752371075	0.018862542242407784	0.05062154792154832	0.0020282136277849612	0.025503994356667597	0.06185229902967731
0.5444168216120199	0.5419340772009456	0.017760188377826374	0.03224921392892308	0.046782339802737834	0.7956093851724308	0.12213476708851864	0.11089545662224662	0.07885803477946306	0.010578139302707634	0.024802818519684616	0.10092535035394215	0.01758576250597175	0.04972419577163329	0.040855459594347054
0.27752905877836676	0.3149924062065291	0.008343990390296029	0.014270983432766733	0.08346580088719503	0.56079363342313	0.10298240708910106	0.07936166257259751	0.06989759617673955	0.006051713081424641	0.028923484086500684	0.12152191960376174	0.010696794698667068	0.010968943584079766	0.029837532841427955
0.2615976123263532	0.30832379818030337	0.012296954921444758	0.03354635845558814	0.031354603473114764	0.4330814155442619	0.1155409185421327	0.08049901734773211	0.09768079544378283	0.00817257282934357	0.016225320611680465	0.07015890999300978	0.02182646784860777	0.02121699701628772	0.03493100348948288
0.3110042052929548	0.36208922218424866	0.021222717841368647	0.03980495987254485	0.03886454004789555	0.5689142000688069	0.11037282426179885	0.06513459420150236	0.08432389202175695	0.008819321110025431	0.013185718557461638	0.057058725293773115	0.0035546634294873576	0.0338609121109572	0.043868320394147585
0.24889331740262113	0.290311848905449	0.014623747513776453	0.025454646568153043	0.041067716205292405	0.5630674469663598	0.10576964057087908	0.07383879648989733	0.11628758151377765	0.006604632548744228	0.011353732658010509	0.046310593580958466	0.017744437687196173	0.016612137811006115	0.03726680532040202
0.2528697335058629	0.24579454215130894	0.007919666306651413	0.03229792590477298	0.03913003649141796	0.5107322795002938	0.10202539185504136	0.06363383054432038	0.11620477094232722	0.008156527578859403	0.020427475886361495	0.07583845643700309	0.01095485725689894	0.024687954287813233	0.045818938763387634
0.2838775424528184	0.3570725977135427	0.0074313497795751695	0.04640370338919545	0.0616310005879857	0.7475478942958018	0.1353877771670866	0.08231317989581392	0.1413073093271513	0.006453863430731732	0.02062151460400786	0.11559663889309095	0.009414680364266246	0.02266357603009821	0.04917833120696359
0.38322349691093816	0.491389200261665	0.0115573695979591	0.025054259228903485	0.10539859872863928	0.9600264926796482	0.18576083252408127	0.08132936897559744	0.1503783273962097	0.008463898536691938	0.0308900354528846	0.10977358758881574	0.005093651338989108	0.01816334756571606	0.05365374734117595
0.2504611776666929	0.33408464415378264	0.00415516593380581	0.01977389291511217	0.06662575944526451	0.5997904090988682	0.16719893650164364	0.07405321248797983	0.10708148907485839	0.011150927312889577	0.03148979476255855	0.0890284303044237	0.01904476014119893	0.01067047061470807	0.03513083386861286
0.17375040515889903	0.21846312521496916	0.007032617950978605	0.034927957147297135	0.06164363418981784	0.5167141666944384	0.1626809775320693	0.03569351610030026	0.08248029608517414	0.005905287939501654	0.028521478800568035	0.11408444047072225	0.021591242168718813	0.031919969032596716	0.08769935702849292
0.20382818628833402	0.3358602189038281	0.006149775539500763	0.015008738291547394	0.11776302203736688	0.4385899368632663	0.1546355289837715	0.04024784232822972	0.07157243944180113	0.014565563568882004	0.047522366082531214	0.0810291626168233	0.006282963316138001	0.018616422372753638	0.03641570114992292
0.214230865792989	0.3417169406342707	0.011233703291729721	0.021618878564762037	0.056780190316723815	0.32381391447293423	0.17302310184020928	0.05030393258775096	0.04952254629627161	0.006110178073119702	0.07265652791659465	0.06117835153691357	0.008324998519236999	0.024857165019840245	0.059594097475338774
0.21785944734168095	0.35233016735286843	0.006888538029908435	0.035508295616021354	0.058311532089105896	0.3003699605919752	0.17638630838959718	0.04816928538844713	0.04469727099253758	0.012853144388482004	0.0866268142191441	0.05661773163874345	0.02319363754297667	0.04737477944523109	0.05771869219509931
0.12586428796553314	0.23046474020680496	0.015106982865088903	0.032843830927318136	0.06230889784714474	0.247054349983455	0.18268878491591364	0.06548746602656116	0.03255565435832137	0.004949624707054231	0.038192275380113515	0.0728208814356873	0.015346813157857407	0.02619961130646623	0.04111796992708853
0.16899524294380047	0.2564723183913338	0.012481365078951123	0.01918705333591421	0.12555565287294587	0.2787325614024099	0.1620818506805277	0.0592913355882556	0.0616469409418324	0.006585220712400013	0.02058305178902014	0.1401611481405603	0.002461292306843306	0.015912898161803073	0.03459327342955382
0.2635879017249322	0.27671651733661184	0.014807151904762306	0.01843728077140018	0.05857401060402136	0.3342266302472482	0.1563898800473493	0.04480599066052416	0.09984328276798489	0.0042158435504346965	0.017847668572331186	0.1263898429250522	0.005949417916912297	0.024197762842434044	0.0652114540698715
0.24554259024878347	0.3372450209077125	0.02308543164459887	0.01179892142376624	0.06374997922729864	0.5714230699765029	0.12647525456948774	0.09617288087808881	0.08954786338172104	0.004394320546060621	0.021457405830163777	0.12632822968198054	0.009752324888756717	0.011702513008570342	0.029084355555900325
0.2456617730986578	0.2935860645897964	0.011578785357403016	0.030381250421676435	0.024733450620803635	0.5066561197158262	0.12970728048832575	0.04646601987581919	0.07180559789773927	0.00317853431685989	0.016326170422558517	0.1462649636716798	0.007756080567348496	0.0420352451544455	0.03426474450710919
0.28871692228657525	0.252109361944913	0.00728088886379469	0.0273594059457653	0.06703536202157537	0.729237535153964	0.1788275113547728	0.06427813728456554	0.07245295335464601	0.0038951048927799046	0.010162437985651548	0.14632828394607492	0.007712777450348397	0.029122027381988807	0.0391325340425511
0.35213213399520127	0.4338068139912435	0.007769845505284134	0.013968123109880872	0.05225839801513585	0.6825311926032125	0.14685950228369132	0.08646384293551698	0.08713207992271699	0.004422425751212204	0.014197926410708559	0.12132551849685408	0.009779178940613788	0.02315016714034108	0.04300539502453525
0.23595919199886792	0.30660349020274313	0.005865577329515375	0.01862030890363946	0.059588046868932786	0.5138987528085988	0.11627896901637214	0.08285388170884105	0.049666732774553385	0.01085688109881864	0.0121392093356986	0.10145855848293871	0.01780111740844947	0.013432729808807097	0.053081960589136966
0.1862145465843067	0.221617363875491	0.007453337685955962	0.015231548917177295	0.05288990642638486	0.533354168279475	0.10610340571872216	0.10420307159297171	0.041658961106437686	0.008193652927681129	0.010680351008516059	0.09310025403025596	0.004730694827270195	0.00964355543940744	0.028130496633386078
0.2663976169518952	0.35009746676006576	0.008929733232805076	0.014811670734002323	0.05840116138471027	0.8261411702721985	0.19597652697553603	0.1269598540329547	0.04336820051494574	0.010426977864637983	0.014625551019511024	0.10938372910036485	0.0036616804671491944	0.036174918882718496	0.04988374038325932
0.2226625489792355	0.2902064234150552	0.011537213461180426	0.0417653873213056	0.05061458259415152	0.9610014707177867	0.15999637475816578	0.1421663378518663	0.05941776821694403	0.007148341849128632	0.025657005980637214	0.10264481888556386	0.01416404513505544	0.03965827730690741	0.06310642832216647
0.232059146756559	0.29736929880409274	0.015749204907164655	0.03599748960109812	0.061711766895833374	0.5005542794764648	0.14696460040017212	0.0822226358236069	0.03226280485931647	0.005655578981903436	0.01533412441863893	0.1312642226331796	0.010412775812916327	0.044547931120687424	0.05314963179999095
0.29829774299488165	0.3014192811473316	0.026977118289241143	0.012411976089526756	0.03020715874705897	0.7752439614156342	0.22953875998118092	0.08835690894511469	0.04727720236382271	0.005200616732408651	0.01282592161827647	0.11157295084952149	0.005806371296688671	0.020683926772862245	0.048889943910049784
0.15750142477031462	0.19248129168409434	0.02867720770552486	0.01398830342202812	0.01723476358892936	0.587171767307707	0.2184434935987458	0.1031368399193403	0.05388169044382678	0.0059943977795640325	0.03629486749102995	0.12094405177194258	0.012632892556569922	0.025460079093359782	0.02450776886237801
0.1722141995586666	0.19883909151856977	0.021125889968815953	0.01621050649613499	0.04320995484220873	0.36360026549648616	0.14155476793845306	0.059588163863808816	0.051092410080748156	0.004808406810138213	0.042120585980473524	0.18619257260968627	0.0070344864827703	0.030243487236347743	0.04482450204200932
0.14203645096375792	0.10974050619902975	0.012851097749077417	0.03859648832261101	0.051967706795497996	0.3677538530989177	0.08973070832215102	0.06933574120644313	0.06784398147950221	0.01338179485473645	0.03272627553241857	0.11162316699611832	0.008944415706753887	0.03219136015737889	0.06962121338091147
0.1631286737347803	0.1854848489313967	0.013869496413074885	0.011558064132145923	0.023513148335970423	0.5099805712384848	0.10107987884952314	0.0858740613779145	0.06842647132423414	0.006368339037834426	0.03257145725309032	0.09854256763973036	0.009153970999437015	0.013785392048065646	0.02895014204196945
0.18213707556884717	0.1871251859071676	0.010888367865185345	0.026116177220171757	0.04883036895382445	0.5993562257205255	0.13835004050579092	0.1458552362251492	0.07800365481772338	0.005485265827207159	0.032893303865463845	0.06711589816905247	0.006672766024831469	0.02070917612161143	0.055420258119094644
0.07439753681690267	0.09310100051522988	0.00854912136652306	0.02589273646465085	0.03125045159084295	0.21768252690040338	0.13954647705752965	0.051366732994948976	0.07223340170772512	0.0068328650086229795	0.017208610254206502	0.06413263070261072	0.009294182461100546	0.032000158815091044	0.05802725298847865
0.175931010295607	0.2159263807509601	0.009979660242570186	0.024963796844250312	0.06229192280812962	0.2840143236447457	0.11790430355627846	0.07449099219752771	0.08116453510751526	0.010683747883970024	0.033564093826149756	0.04726676236359303	0.0063515010995375916	0.03233749205850696	0.05397469004788711
0.14140265529719703	0.1458672322988081	0.0075552045296516926	0.02382702197139648	0.0498807964696396	0.28713596510448436	0.18633922583003806	0.0861079867203061	0.07551003384712854	0.006682310147681464	0.027467952709096126	0.08210040118936665	0.016583208314703723	0.019223857192392405	0.04836560517606581
0.18438553324648696	0.2197648959913886	0.010807840029419244	0.031238239121899172	0.03685009884629436	0.323475437120715	0.13056308211679452	0.09236443081773565	0.09023129283782418	0.012037701918915192	0.0307400388767048	0.08216081299113702	0.013180649875166312	0.02617554511536606	0.06379864436027562
0.3624610599198258	0.3840214550402973	0.00847265194743837	0.01790115611639608	0.024332167863679942	0.45050882654362734	0.1308414949449773	0.10799861580044202	0.08585056811834374	0.007194622249370079	0.029985931163699717	0.07755024323585644	0.029974010222999385	0.03445568003838381	0.03245957646021995
0.18762206826959085	0.19472550292479926	0.012619059997469826	0.01794279456036614	0.01994047322558529	0.3385019965094137	0.13541404616241629	0.06035595248514126	0.0886087857322469	0.008419048034059993	0.020346482713777092	0.10146662489389781	0.019775198668485462	0.015394851616466698	0.036957814223056266
0.0972906271820761	0.20053779421645013	0.013078844310856675	0.023848578661172702	0.04641534876304518	0.41915345542107446	0.15697136755844623	0.0832134780475438	0.037098775511625284	0.005305662478066084	0.0236303788394928	0.13019731314234398	0.013417971207595084	0.018841140605881934	0.04204516185700953
0.1970428288939765	0.2579336866157147	0.0050151173596281575	0.02241653445516412	0.03807718595847075	0.370421170808268	0.11234817493156629	0.05691947923015483	0.037488240810171256	0.009084926012153017	0.02897503349010992	0.12054560725635505	0.009729965544919988	0.026732394990483837	0.03867895189373263
0.17340909716284045	0.16683657088213272	0.01196936158656891	0.03965081230462939	0.04204838323847826	0.500183340229889	0.18688701620996687	0.10212915750927504	0.03536418696525656	0.00679683871134335	0.039905212651121395	0.116696258778244	0.01364251238512712	0.08804147720422754	0.06369795734501421
0.0930412104517178	0.11464405441102875	0.008999471013914968	0.035361474995423275	0.04495616201818825	0.5789203144461686	0.15693801098491694	0.07670371971573162	0.03725018849795644	0.004861094658610582	0.024888932688560184	0.12963078346078002	0.01622766964933084	0.03632627956006215	0.04184385328752979
0.1159795024856317	0.13268358717379664	0.008557614134488486	0.029602856607399905	0.044753092780812166	0.37920452987483255	0.16093390090390886	0.059837612726451384	0.0468907817271323	0.004960530325450756	0.026932677628948666	0.11528724782598307	0.006825414645202037	0.024661760734180527	0.024498237945266736
0.14711848215903575	0.16700762103308003	0.0111311436420725	0.05622292353256513	0.0822232812838735	0.3409254251098683	0.24060880253793626	0.09766047103684972	0.03128648396854563	0.004570557763050577	0.03404685047859101	0.1334196020531479	0.005413302830007689	0.031009802628538443	0.061161313696765654
0.12798695065699575	0.2136379038284671	0.011495317574635915	0.04394432794880676	0.04213289217042481	0.2717259341240138	0.1570294405000323	0.06953565305817856	0.040411713772531055	0.005990337298616493	0.018459115909469696	0.10499398209574619	0.022050417925472427	0.05463232165090298	0.05696479392435504
0.14461928938319898	0.20160721636154552	0.006309970317382844	0.029527886106838624	0.05838191523758123	0.390063326672758	0.1682547071271904	0.06869262693158434	0.04314116005383718	0.009689784100901922	0.02012414629953808	0.1092534780795668	0.016862343382928722	0.01759348521832938	0.06517181461069789
0.2544111279859227	0.30715680160518627	0.02166477585018972	0.031240524018475723	0.08092891708733468	0.36120746704146633	0.22795197709588147	0.06603013647271812	0.05234383593797922	0.007490632717169445	0.03444144505551413	0.10603157824541101	0.008133729224935443	0.04828394877508782	0.06677619887445081
0.24372042316997938	0.2691744348510104	0.016586596771739685	0.011592683420850567	0.04230485778367418	0.4507589815519005	0.25461565792501945	0.09348503073855012	0.0545816385956954	0.005252505721123003	0.015210434127224134	0.09676056367692001	0.013432021243837102	0.04726274244105618	0.07465287534703571
0.08951492534130479	0.13138838138770598	0.012602872007843095	0.042281141238239166	0.05164068718350866	0.21866088358396088	0.23137455349646077	0.0788430243636977	0.04985084757819116	0.008657682768446152	0.015614605859074093	0.06367534277655693	0.0067748213929918226	0.04699989154170127	0.10537000555281886
0.14925810342883963	0.1848569519078305	0.01425869183393248	0.022386817559151565	0.05374096778401595	0.24835034319319255	0.15640011348142646	0.08005448019643532	0.03901938072313736	0.006559756812161063	0.023853617266611653	0.10134942554856707	0.01296708854432831	0.04071800783639994	0.06177150764188118
0.16899649472028813	0.22202430264130066	0.015964854006972246	0.023796797029282335	0.0766868306270417	0.2935911026937444	0.1949625588961185	0.10550934710353954	0.04600984500910305	0.005189007239235317	0.025288759171225673	0.08855926824514834	0.016028779916689603	0.026823935208092693	0.051177242244581866
0.12712288553869297	0.21276222352201515	0.007352453622070478	0.021477445403737857	0.07367168588695072	0.30277235185679396	0.15739293678795785	0.10845553800397074	0.042730179769266616	0.0042861799145819755	0.017543230751647577	0.06440474303748199	0.01841811057855922	0.01774034870340067	0.034172165469628
0.1410568841877927	0.22639800236784816	0.014344503134521715	0.046630563141899964	0.048150473822837304	0.3855665848385299	0.17552309389615023	0.11040319015678475	0.07463584231306519	0.008255038938986601	0.017988689619720794	0.08271633269963889	0.0034294027087198894	0.024344260154786884	0.05463047749410504
0.19184322785990296	0.2684755540930718	0.019207036082565163	0.028057088940348904	0.08188197952229191	0.18713402559618877	0.12848842226997875	0.0637667330963306	0.052139412770126056	0.008030736225072799	0.024938237573122708	0.06999674241315303	0.008637970985494507	0.014087976113308621	0.04529787832085117
0.1864665793998635	0.27144220300612226	0.0260115025378503	0.017864869786364472	0.1612979714003301	0.2901606488590994	0.1897790359853301	0.12061075323387885	0.04500999852899356	0.007512805488203317	0.02657664572876274	0.12339057145939208	0.009421520227370266	0.015430398512213681	0.030462811294437536
0.17679386899928065	0.22973887476296975	0.02591196264684142	0.017185004295702543	0.08496032186272488	0.2548700654031189	0.10808204679476337	0.07440426838107708	0.05950993302942946	0.00530360015241407	0.016548563788319585	0.0688078638668185	0.008839655092025982	0.031004363365866754	0.03554395042116389
0.1508178875674604	0.2761010201438883	0.02266825058764179	0.013768409256749532	0.03869132049994284	0.31884903371773643	0.1131426702142379	0.07783734204305526	0.05297214474274235	0.01511565622686607	0.014966978327345021	0.09825402799031417	0.013108601253559019	0.019174879860389328	0.03318551753401756
0.2550502068524284	0.38992510033356687	0.03155481928233275	0.04248233000423205	0.07289864225116384	0.30729029201920216	0.12535671246373029	0.12006446615483393	0.024337303649405468	0.006873733013545729	0.01414115824835854	0.08734525457348126	0.0062888560382441325	0.03828292040853732	0.04829666348215621
0.243135675994513	0.2901421666464479	0.02037809956909849	0.0331794191910156	0.06854105485785168	0.21383324942306545	0.11436988220286552	0.07100832348975424	0.03778951528087413	0.004508652872011908	0.020757440559215985	0.07855529501703946	0.011218177178581855	0.025223811956042896	0.04879188226239671
0.2147582938153087	0.2948668387583277	0.012446339431450366	0.025912742565462124	0.022133958706657176	0.32936844289013895	0.11988535137473236	0.06212125534542729	0.04424144916227801	0.007239470421932424	0.01192117730599276	0.11741294485611002	0.006285103179358538	0.03026742565581824	0.0506706828027993
0.29260867120190237	0.4014370289333152	0.024890107060593265	0.03653655052430934	0.07622953626849062	0.42875793273246304	0.14211796519329273	0.09020944051601563	0.043680205898213004	0.011172659697921083	0.01912500357909099	0.10977229242642828	0.006994845841218611	0.0333270153780911	0.08436497610472256
0.18132787078033727	0.22230729222747656	0.037406204385076566	0.024862287435813833	0.029499957092948653	0.47821354045117015	0.12032391032590087	0.09005049469433635	0.048762649174599014	0.009615331407602037	0.020261537546121373	0.09481786832718642	0.006638059847799798	0.0289051085958428	0.06114171053313505
0.1600730582287237	0.19414217664099725	0.01753441454857753	0.03273844302727004	0.053341487612423126	0.5619118186626247	0.12295615385186386	0.06710507643628273	0.033272706116961544	0.004428829983318587	0.018903823458381003	0.0784499855324917	0.004099810139814194	0.03287735000414322	0.03225078078849877
0.2989309200377609	0.3430427483571599	0.01243466208429826	0.019780516622022962	0.03563516677224838	0.5318691134026602	0.1612616433135177	0.07499525366387882	0.04655640741353301	0.008672913641405388	0.014505064323384505	0.0922951256739231	0.005718271252189551	0.030212782990766296	0.02897714836987577
0.11347159263678408	0.15650249579986844	0.016375025581553886	0.04865333653621391	0.0360580099555103	0.34391144268726753	0.12878896578029203	0.041859366368095965	0.03317505890676266	0.006243678552360153	0.01656957513455775	0.12252474762565613	0.008397971114705274	0.05151252559420559	0.04461778401624756
0.0970861152562401	0.160983561582425	0.019911975325517035	0.01638907883020126	0.05663306022919687	0.37276607275326534	0.12578899409738276	0.04961126017721639	0.039364010199930625	0.007375896787304411	0.016508011417197984	0.07829675639842096	0.008449479654384343	0.018200287367416742	0.045168995933002665
0.14258058405850493	0.18637370044344265	0.013036476901747836	0.03387197067597847	0.08348801669480603	0.7301045004234455	0.12182592692611896	0.10005294294766241	0.06448160114499364	0.005089005357395708	0.017843954515371647	0.11139247281629902	0.008710265962115313	0.03828657263658094	0.051750466554978426
0.17802956320470745	0.25171311962862747	0.013093821157377348	0.033441218031166196	0.0426038604585283	0.6498794312369686	0.14624912948243207	0.07494455258793457	0.034151889848762544	0.0032122688865855397	0.015632684290675092	0.09305142061021397	0.011651863324058037	0.027297260963979633	0.03501063898350583
0.15847546206223442	0.17948501540400422	0.02195090156863672	0.028463201088487093	0.06804531486506953	0.4632009560071555	0.15128993572701588	0.06972039334301215	0.034558626507480754	0.007801165678156459	0.01804990183000308	0.08708979161246799	0.003992192973534013	0.02426709049865566	0.029010606267440796
0.27234796937248534	0.22468897490607187	0.011178395935259555	0.02358795574453153	0.0230302459921228	1.0031602652865905	0.15204079183777724	0.10784609195164688	0.03646211897318816	0.006521032312459143	0.024996889198187974	0.17769373002338626	0.009065590639123927	0.03658901660606107	0.06397909953887194
0.22447059962501287	0.2252816063371145	0.01037620191183091	0.03867464443002748	0.06275470976988634	0.9790375567521652	0.13441524507056526	0.13171477557343056	0.05850110705006986	0.005958165846565488	0.030335743221809944	0.17305853525229115	0.009553408464570309	0.03350562641827404	0.03797181446551924
0.11314113575006647	0.20505802189414152	0.01269567293942528	0.05597013195663534	0.06080863671914872	0.5666343896927413	0.1320030284060677	0.08445290332397416	0.061230911777210593	0.006156585368521692	0.011102502947157611	0.1070128130577303	0.00478004217228572	0.046079242445964015	0.05050966524794661
0.09978115821354236	0.1042372863560575	0.015619167550288157	0.029243789389836055	0.03923250126329227	0.4896494898588166	0.10166638263994723	0.10158766137235127	0.0318790770333991	0.007361314761023728	0.018951157609773797	0.10979569187638677	0.0047193803254557964	0.04392279748048564	0.055166023369527445
0.23315737497353314	0.22293808895394768	0.013450753745949267	0.02535507541044797	0.050281407679657136	0.9814442503920964	0.09677063985899165	0.11187305995159241	0.07221263249872308	0.0050240733513312	0.021021048650696983	0.13896456949220423	0.004358365614827757	0.02494061063725459	0.04082504776766698
0.22403185811996867	0.2504532039747437	0.023789293241603796	0.036472383685024506	0.028725170798956808	0.8921071896758571	0.0750132395981729	0.116947126082289	0.051304043799691564	0.005785617317825021	0.013950164605127666	0.14808353181498618	0.005202948798113019	0.02861332721720503	0.03673829925344601
0.20407453313997514	0.304987895744835	0.02178916281877624	0.03569440492225959	0.031379947889989865	0.9479073834855604	0.08391622744232681	0.1755647958525636	0.05134018697219828	0.009895146377152412	0.03920852757469887	0.1144428570453463	0.03038006454168921	0.026950724596924675	0.04117263397009477
0.12447807902471636	0.24181138529214619	0.01005754508890249	0.04650935706248789	0.051691874009460057	0.4699118199000355	0.09310259594585285	0.09536206702855457	0.09171975514246258	0.00474002081189041	0.033161494259527836	0.145620655323003	0.015410119741036706	0.0415283726638295	0.05783959188665277
0.248484144748877	0.30963404580390425	0.011431268498910432	0.04249578158016201	0.06188623276027117	0.9967804659535533	0.08721422270448223	0.10630194240975906	0.07035171638081705	0.00692663258700276	0.019877049097418185	0.1205597131929782	0.011562581303188553	0.04296760566207795	0.03280155660024061
0.10324225210991156	0.23269473572949284	0.007306012872712056	0.029820798982952666	0.06611870088102788	0.8730061181856469	0.09120929270311395	0.19167470997666317	0.04443923862175267	0.0063322533251778225	0.03582071716653201	0.11386028296104282	0.005904389482466702	0.02270079289758084	0.034474397441930364
0.13290142409262665	0.23696969015374317	0.010245936301562808	0.02124203139586903	0.035312351443911365	1.056910384150387	0.08438802718531735	0.09471645345258188	0.059363284933238086	0.01267274570497928	0.04141329255282376	0.08675835808012229	0.012863193563665337	0.030568823652307293	0.051532465802902515
0.14023866077872	0.19498008329590139	0.0120554411446258	0.013718671769137733	0.06927063123367617	1.3254856360370184	0.09863256922789738	0.0874643757873438	0.09100760348530536	0.01005901124304209	0.03488723887942008	0.1049015979505586	0.010438255316736837	0.014299571167605012	0.04164796914250119
0.09656862096136859	0.16070695805154586	0.01149588645395157	0.02434364161387098	0.10037631497349166	1.0232237956627317	0.09609624116681442	0.07548726486203668	0.04443963498830746	0.0068990832261769525	0.024218196389537944	0.11728913284596727	0.009687443331682226	0.016662286742205545	0.03614238886059951
0.12818893220293986	0.2559088925852519	0.008284769692129853	0.01815531321589911	0.11005147959019809	1.1144817927235273	0.09496899518984084	0.057868861135996666	0.04165608214090518	0.007190517572113618	0.022026045888437186	0.07948628538643235	0.01610429049064949	0.029137923088768246	0.026154077856267784
0.14697238159450612	0.22829562097960432	0.012319069049151508	0.034400059130178545	0.04938598225495503	0.7696429978363786	0.08858108042670412	0.07459595246668363	0.03191891377344065	0.005420308071599529	0.025071280919649507	0.09259298586097552	0.009080213847272263	0.042924774783753346	0.029663275849912275
0.13407759372449402	0.19493481620693912	0.008387180161861203	0.02797209917821766	0.08828865131728729	0.7229389269212269	0.08524925893006739	0.047652743891187274	0.04346669652787413	0.007445326290857602	0.026778680053121652	0.08613552211143477	0.010985660939280483	0.032464118125864215	0.03710641191491561
0.107947463331925	0.20218466397473142	0.008960229570183602	0.028710088599636793	0.05919064769386114	0.6578778116682371	0.08233213698611887	0.08766601508363692	0.04475688945261969	0.004373780382265625	0.02260566297990241	0.08632955802601093	0.016735857081204453	0.02071073753358829	0.027241204914306455
0.10416070360518814	0.15700763520441066	0.010980466664052205	0.014426274279133585	0.09690344316509134	0.5837112627056283	0.07803007670311704	0.08847119754066067	0.0314715697926489	0.005400852031471675	0.010423010921969093	0.10939683891646007	0.004265136456211132	0.01755644911938343	0.05354600376520614
0.10443743455435346	0.15354191274882467	0.008977906686641285	0.031233632354396575	0.07000697372068675	0.503373167389586	0.070428323407985	0.08521654904833234	0.037313106807873246	0.0041040488407213345	0.017554543577579705	0.10326157755620181	0.006420623315358132	0.03377224497614877	0.043289905068048855
0.1514344401105934	0.24317090111213	0.007005724833711682	0.015453585031387702	0.08037470440847838	0.4564889048288142	0.06730003188026902	0.0857526954060653	0.03635880787835909	0.004541846312808582	0.02529872847966962	0.10113140549291993	0.011409329643399588	0.009305426909761683	0.017863061637494553
0.14593992519061047	0.183151019833772	0.011988488651003758	0.018566281768294324	0.05452067708382964	0.5464125386184666	0.07364203827586698	0.13509722153042714	0.038395370837476614	0.007013773580278945	0.012092192701997186	0.0929881113408177	0.006949735303643842	0.008985051417562066	0.034389290467153125
0.17894563797184868	0.2194796247777563	0.00488572442378839	0.03425297787158301	0.05738318709870106	0.4293443533744169	0.08523008501261332	0.07778564057263589	0.028089228090766943	0.004272024242295294	0.01626711376047164	0.08003512832005523	0.0017763771123533807	0.016608257812777968	0.06576453415389337
0.23944826152954815	0.22024896122972798	0.019283781993987576	0.033627387701090194	0.06550476946691264	0.5395774056457525	0.08996464357197141	0.08453991292568634	0.032307817245445576	0.007857925729808089	0.014147409584412293	0.13753476374435425	0.0069130739391443175	0.02618229820392031	0.04676309177180297
0.24460323336529552	0.27029538580788526	0.021547083142260757	0.02361053694115202	0.06367734916084926	0.5088874050027175	0.1205487816697331	0.08543272822665743	0.03430639859197376	0.006364046687347347	0.026457473989521724	0.12856175536981723	0.0030040334470982574	0.01403038330892379	0.03784307652223469
0.22048469086070246	0.2625629145642905	0.018778668397883856	0.05095664519756144	0.0532003339535473	0.5648218202787866	0.08726023802273376	0.08730436295610099	0.023680900001261607	0.0046848126770324275	0.0144931937640507	0.12778497254962687	0.004313150872050603	0.05346239809230339	0.05742712636453875
0.1585972781804356	0.2281471644315723	0.015987001597519365	0.03749305164707249	0.0584209452216942	0.43090556417458703	0.09371732794914162	0.09025158054263098	0.026526096969968625	0.006185043374155919	0.026855384426588635	0.14044261537840705	0.00693142522630996	0.02413952979451448	0.039225782968632696
0.24198862501499263	0.3112698248245056	0.014197842199899162	0.0161633601124532	0.06879329862701304	0.6536183027235729	0.08317348145429512	0.09660619702165488	0.04811842731796119	0.002459989912060569	0.02557239599590668	0.14791257118198037	0.005481365984130678	0.018124388394559238	0.02570708755650241
0.208616795164888	0.2794926793477398	0.019821876798702922	0.04795306324599324	0.0739201978413564	0.3558489472017712	0.07314182252672946	0.06523336063077104	0.03209511334197692	0.001834586397200751	0.02031025114632848	0.1218018259828962	0.004418442038856937	0.0360227223003713	0.035478574841698106
0.12084347600327923	0.13014025916435593	0.013701387832756639	0.06299305654403851	0.052295207471982456	0.361711153720161	0.09566685120107697	0.09854050372329162	0.04044651478982379	0.0034936522912523585	0.017773727951722	0.14185124637406196	0.002254781011399735	0.028326879056886054	0.06669660266595243
0.18208615465513153	0.18792956082443518	0.019606924055839532	0.04665129041954339	0.06791582522944863	0.3599955400445911	0.07999122061113036	0.11728039110614305	0.05087462637589081	0.006924321159077228	0.017602285535183754	0.17862770926319899	0.004673801773438722	0.024889164025959427	0.046861279281741365
0.20887314522026493	0.22415894849648918	0.024172342587522978	0.041855582978201675	0.09882138753446972	0.6920403153130452	0.11175331218736727	0.195626110361601	0.051026633495886604	0.0033793173576283416	0.018444526524539102	0.13557963397668962	0.004688788384898871	0.03959629999140975	0.061015487542091684
0.19826881786588194	0.2182184900612969	0.015639809696674552	0.018734980218657316	0.12017406874609335	0.31722523850207873	0.11045437011662368	0.1643561451289382	0.03190468008901405	0.007030693337268198	0.015479685788091977	0.15209432349830992	0.00136517642597748	0.017487990774706808	0.03536582947078466
0.13930846877037756	0.20447436195495006	0.013051375266261588	0.012716184185190304	0.07259897103680243	0.26681442628179863	0.1416802805525462	0.14832356502669095	0.031990695409519876	0.008330525987977379	0.01098818374499389	0.11792399699078648	0.0050552891144815554	0.0273613204947009	0.043720085068260875
0.14973174958848728	0.22077252888742863	0.01212083137795188	0.08004716075120151	0.09040753252749516	0.1654372598171962	0.09216926778140122	0.10799728897439298	0.03220417437213344	0.005366448592020421	0.015932462242382598	0.14289250470932077	0.004303499407544877	0.065988305600819	0.058773273645230655
0.1425454036078188	0.15560973386328958	0.015035835803723002	0.06307989436556988	0.08642653303701786	0.1640748834346367	0.06595345204041705	0.09734087493010579	0.022427001593118286	0.009103457187654559	0.01365745375671011	0.14099768038150348	0.009211757950392054	0.05949720351808247	0.058368167526207757
