1	22.745829166666667	21.1607828125
2	19.846933333333332	19.705971875
3	18.952430555555555	19.0987875
4	18.46580833333333	18.829071875
5	18.14452777777778	18.6341828125
6	17.94825416666667	18.513071875
7	17.741806944444445	18.388115625
8	17.687672222222222	18.390125
9	17.511511111111112	18.35070625
10	17.43882222222222	18.3223875
11	17.334233333333334	18.319290625
12	17.285479166666665	18.39669375
13	17.19925	18.34115625
14	17.113104166666666	18.431275
15	17.061547222222224	18.4166
16	16.94165277777778	18.504003125
17	16.86185972222222	18.51415
18	16.767125	18.5880546875
19	16.772661111111113	18.5784140625
20	16.650319444444445	18.603684375
21	16.631634722222223	18.7216875
22	16.5550625	18.8045703125
23	16.458406944444445	18.7783453125
24	16.373019444444445	18.893834375
25	16.307758333333332	18.9598046875
26	16.259606944444446	18.974325
27	16.16906527777778	19.1163296875
28	16.093622222222223	19.1292625
29	16.03661388888889	19.1845609375
30	15.962058333333333	19.223059375
31	15.902502777777778	19.308159375
32	15.82028888888889	19.38955
33	15.759675	19.4629140625
34	15.740709722222222	19.434921875
35	15.647329166666667	19.516728125
36	15.613833333333334	19.552246875
37	15.598083333333333	19.6167
38	15.5223	19.6010203125
39	15.424794444444444	19.6601875
40	15.367868055555556	19.76724375
41	15.287190277777778	19.847525
42	15.212129166666667	19.854753125
43	15.140533333333334	19.95285
44	15.160484722222222	19.9153015625
45	15.164902777777778	19.9077359375
46	15.052973611111112	19.9858984375
47	14.908713888888888	20.076696875
48	14.880720833333333	20.1198515625
49	14.9543375	20.13930625
50	15.014380555555556	20.1621875
51	14.818497222222222	20.133040625
52	14.737048611111112	20.271328125
53	14.694247222222222	20.2844765625
54	14.726011111111111	20.282590625
55	14.682641666666667	20.2994
56	14.600319444444445	20.3824171875
57	14.650044444444445	20.323025
58	14.603309722222223	20.38359375
59	14.516904166666666	20.40889375
60	14.507227777777778	20.4087484375
