mass_1	mass_2	phase	time	distance	a_1	a_2	tilt_1	tilt_2	phi_12	phi_jl	theta_jn	psi	ra	dec
0.9271763123316505	0.25355127079536127	0.06567239077570736	0.11130874417539724	0.08025685601181129	1.1011237924829176	1.2045632588630908	0.15232849905559276	0.1029945760184108	0.01762758790277452	0.20783670545349361	0.7151798631646646	0.017336123680559843	0.1126950998748908	0.06289329351994162
1.0340888632293557	0.5754850305853784	0.022310685091970418	0.08796794084214496	0.2281468600910594	1.075868471106722	1.4483262338399707	0.18816553646084866	0.1274052004202231	0.1405560976901086	0.14293420706984986	0.5720227697703462	0.041842589994227346	0.06724807468392693	0.051287233644415654
0.8841208215565519	0.8744970395592789	0.05139896030113085	0.18444675743767422	0.11262027509559613	1.6776176264172447	1.3922224015987268	0.17458911832225404	0.11787383298473308	0.11376090662451403	0.05705764985231036	0.6745363550328279	0.06475972418387675	0.09768436483830517	0.059879177655817135
0.6980887603136313	0.5007325189855909	0.07522232437908123	0.24511000207139325	0.11419460144186357	1.9989806502095986	1.5366775139208775	0.19243273783934364	0.1808431866456513	0.028423033858317764	0.08304036140215415	0.507230142883736	0.03932487380026071	0.08305472161540628	0.0736542205619
0.8433028602411499	0.9594296163040718	0.06298999768992547	0.03794356126758157	0.15483558284555568	1.1834519505130612	1.6727916361246054	0.3492646839436792	0.1623771244646784	0.06527558575085303	0.10653916670329143	0.3229080430282998	0.05024862740082066	0.08044741023917526	0.05611055586307171
0.8752295138255496	0.6225790640082371	0.03469271746241478	0.32579869523677063	0.20462446159817427	1.7333131596420415	1.3984060561548786	0.09197789504443786	0.14487094256736258	0.12931109303888227	0.08823665317152943	0.5588294032835865	0.025358456812876323	0.07366384716417827	0.04368927233800879
0.8179996886579001	1.2705494996137432	0.040605010270831174	0.1600202866536478	0.17471771595343386	1.72801776602019	1.4847716825546597	0.20460412722938978	0.11104766882822302	0.06738133328322617	0.0558924558304879	0.6557532860054948	0.02051260806878992	0.09937135229417302	0.052262351022218295
0.8290073885292744	1.2083211889939107	0.05725147274212941	0.04439062729061079	0.35885349426731744	1.7441397979684923	1.367954169890718	0.10918997117718757	0.16547992511639223	0.11887004108714445	0.0628972192006482	0.48088291926466226	0.01795134168318857	0.0995644702682095	0.08528142152187686
0.7357778519404795	1.1302786689511184	0.03407762982239331	0.10026399956139823	0.19599356720403027	1.131147684645858	1.4209169518417089	0.10373998312552671	0.0959989748772242	0.029546090350667895	0.07084789969289977	0.7442328442310806	0.045159966582561724	0.08884851255819537	0.06605167728915795
0.8425912105968847	0.5851393817582096	0.043902864878554416	0.08682692771262464	0.08743623506229542	0.9019263250821208	1.4075237600893415	0.11528535565823396	0.20981439040921693	0.0477146147776245	0.021110234246348503	0.4872770508243443	0.012417559200409597	0.0917236673180608	0.06213125827541859
0.6630701079814632	0.6286751003919511	0.034176268013040446	0.20542669940773026	0.4482019961646223	1.558669058080921	1.459610612673971	0.12100019932147693	0.15869338885327303	0.02049983171047159	0.05380565069264067	0.5669668328610984	0.014761496225046513	0.05990087828960407	0.05942739611601973
0.7370620202468294	0.6637861789038936	0.03152341026138969	0.14828496847474504	0.20417614943336473	1.2658025898174465	1.5421832987348374	0.09323206726386231	0.2783820053374064	0.031206105775671903	0.059755535415778875	0.6832453708039804	0.017466363818530034	0.062122676495877535	0.05660589820355203
0.4782910399814875	0.5270046356780974	0.07133589786821815	0.03927666923150634	0.14945212281739492	1.2675788247204298	1.52478066724341	0.10995963077974194	0.377901256021436	0.04739741478523321	0.04614237477067497	0.8027401810373684	0.02181862147276849	0.05262129212841796	0.045230539917383364
0.6201653482305999	0.648343342829877	0.0586325245800894	0.04478075310562101	0.08093853299177912	0.834116031362444	1.3767462048387404	0.15952343204990868	0.4891734173903354	0.04729178508791084	0.03476927120598696	0.6359991449959819	0.028148558524800645	0.0555490362330696	0.051441135540933915
0.7147281078523076	0.4653346222794821	0.025725266583187474	0.03778769146503395	0.14300195798833853	0.9970759763771319	1.6115117771433154	0.05132118293955932	0.4829776701962392	0.09502658148307014	0.051550564872851076	0.5424372708640566	0.034434937624830464	0.06939123336243355	0.0685889108864737
0.4907252350843116	0.5709105065322689	0.024462404629198513	0.1114933135428172	0.3042869107152615	1.0182168160693483	1.4769654247557071	0.1301165256237654	0.40296675104769	0.06252994061025371	0.07185251808172666	0.5696464502714461	0.027823464496566076	0.1004840488031728	0.07313500796106855
0.4836316493439385	0.6695551924733555	0.031930355181009236	0.09124237524548974	0.137626724944856	0.8053825340775849	1.527078310496733	0.13001617385046213	0.36388851807064226	0.09452081058850516	0.04568785646751802	0.6993645626436962	0.022862294677566675	0.057986149379361904	0.053165197907212074
0.9753639370147061	0.33460694259977003	0.04623422526934147	0.10949292484485625	0.14847906881871106	0.8301634028041317	1.4407978298354722	0.08519630345772876	0.23758132474325397	0.047142448384882005	0.051923744279092104	0.5376472051031689	0.016934127779405513	0.133717202161096	0.06805671359247203
0.7462307107478754	0.3204476471314368	0.05187090489039836	0.1191514965451155	0.12394432828291846	0.7836541819539612	1.4153154541522743	0.10469291245654963	0.2780711356483579	0.06829313794231273	0.03359619462692053	0.5002900707772177	0.025796725783433356	0.07701168856107111	0.050855925741994046
0.46207671299946196	0.5209917066588494	0.01780194069423745	0.06490355186287589	0.17076762578601987	0.8032322402878975	1.3985065008526456	0.14024140057253576	0.20893550866359592	0.14420485652393605	0.07298955748727491	0.656883036705003	0.01776408110787375	0.06721932299774631	0.061780107823864804
0.40631924108120726	0.3497033528571876	0.012847919123659752	0.0711456084069287	0.1792670709084302	0.8319717422409029	1.3884681159420584	0.0777879257761408	0.18457223484264926	0.036749999693308937	0.041317531628151036	0.4693004445944059	0.017709855405468964	0.0837271608971006	0.06184913532244729
0.5244315940793985	0.5243517880263703	0.021031592776093986	0.15047572120238878	0.31358471776477814	0.8739029544223164	1.359743529070718	0.06891587954407741	0.1723988023773278	0.0966519900101452	0.02655172169495529	0.6598506533958532	0.03738285542058373	0.0714303252508386	0.05998733250343954
0.5617295817916952	0.5950000213320614	0.17720069607391545	0.1336481711329705	0.2332095187098498	0.6359105534600338	1.1449737164313463	0.1090811987944699	0.2130690236099362	0.10557719436802633	0.0477660216345067	0.4682945360712712	0.00638167533118399	0.06632973291055086	0.055407040414207305
0.4637598498635082	0.7195569111641905	0.01920636964192599	0.11316873664668659	0.15669977216010977	0.6964151463997167	1.0212508437380596	0.16328979141151145	0.2682842136086447	0.04866367654951333	0.041455388827093737	0.43420796774864473	0.016951501777820368	0.091468450940952	0.07764623526042881
0.3624475427542149	0.5009527242193379	0.018554441936097506	0.22981417065804313	0.13857872995311488	0.8422595657447453	0.9618204469387804	0.23969005797237122	0.1601829482924678	0.15146005715074437	0.05549960386543999	0.5459642056531675	0.027367617637435115	0.0777534511934766	0.0718900819305949
0.5972119767123731	1.1414544573804675	0.008995988382353468	0.20091895254207756	0.22746380529218402	0.8005900138853568	1.0027096605292891	0.10984114965592404	0.22308120653568292	0.10044631607364941	0.04717703372967856	0.5052617630668144	0.028723065206111238	0.058135939800353094	0.06144449053726847
0.48275300671303356	0.6208861809975764	0.01374083920224273	0.07715485110096879	0.525680614254783	0.7686686294513307	1.1432284048004207	0.205728752055978	0.13162542556542223	0.09792598894764215	0.03974281031009451	0.4427442489711076	0.04222642633759765	0.08902395251275634	0.06806111751533774
0.8144694903391302	0.9359436878283164	0.008819404255760733	0.0446543636162304	0.25902696928217184	0.8740431441152218	1.2524858485366104	0.0961398832456413	0.1460022351454189	0.08609751491385727	0.03233347691221483	0.6546255431203263	0.016410441317987367	0.07467361011010701	0.061337523295681214
0.4156148002520391	0.7370879562268656	0.014654937638881163	0.09007931924127989	0.25888596354939697	1.1187949963912986	1.2010835623700165	0.13212563092106477	0.11159626669846456	0.08520758049406164	0.04038560496517845	0.5147435789704906	0.019202297008434666	0.09089918348579323	0.07766103300587397
0.5451258135694232	0.8745522557077561	0.021040110963471612	0.08260503980730635	0.1536856227581721	1.2912190786876783	1.1698144752755526	0.19713939209888107	0.0970333498549836	0.10416011322007633	0.038991715803855326	0.4772949974333478	0.021866200816055364	0.059715455226022465	0.06853378128519942
0.5401121612223888	0.8088295829074779	0.019106150164453908	0.0681160580747739	0.29476328062350515	1.6811726919146783	0.9790145930279044	0.1627853417782149	0.08543406735071896	0.18758095667980595	0.07159499800231603	0.5410326085650704	0.011154068992936871	0.08781450348204392	0.0830216416434639
0.7183105381374567	0.8582259439989645	0.01393692803002767	0.07892783568356276	0.22882257740048995	1.5170026236004797	1.1301016474312893	0.13415955094105061	0.06532313373825914	0.10602983742056717	0.10687210618364625	0.42044364481318564	0.01923824534975404	0.08034017135085703	0.06266137871246885
0.9183472455935111	0.9840155105107057	0.012993554189808743	0.06582731754542326	0.24790582765210653	2.0225204115898836	1.4922028466196617	0.08219160151098923	0.2580765373204208	0.041154985661195805	0.07825969832595706	0.4596984975778611	0.022266588362108663	0.06421382335811501	0.06809437130020214
0.8379498139528653	0.9427130528805376	0.013889261332269039	0.12681481704786762	0.1175492501227527	2.8581615906889004	1.3086556112951724	0.11291984338662232	0.30372262131265515	0.030873263004836938	0.05795433688253164	0.47011019664797277	0.008882972657168493	0.07480983926313532	0.06772557945046023
0.8679610056116849	0.632226817769209	0.01816983003041401	0.09951864523340505	0.149335615413533	2.1005235990130933	1.3960909533304362	0.1559657161000478	0.24511323387525544	0.009924369619785687	0.02299655866960691	0.5374274537669715	0.014304443563088892	0.04788084013562807	0.05087415923413357
0.9998299108038083	0.6583776567768923	0.042824569757430174	0.06350318248026013	0.17149482864484267	1.2250160080777117	1.2070668627774546	0.15518620363620006	0.18425524580736613	0.009878840223413737	0.029888438802418375	0.5524068331101933	0.01535873495869158	0.09924821062181526	0.049562165348788205
0.7204910170553671	0.8170405935286384	0.01464332791553211	0.07395209028009875	0.22145858448139866	1.1479570119138451	1.0085949885355232	0.1372868156685282	0.11519500400179378	0.011617336174469271	0.027291104080144252	0.5087180100252724	0.010601853001873057	0.08604115734577597	0.07019128226066769
0.7643502806815949	0.7653680305118972	0.010098673411754768	0.05187621737305914	0.2561865786713013	1.2182313276699661	0.9229346720170042	0.2008685926495522	0.09084776497336983	0.01096258693024725	0.03405371999089357	0.5303219618335976	0.006157915541222907	0.05955409135484059	0.057170138066852685
0.9951977000341089	0.6658742535604245	0.04478703282765768	0.12720809487221652	0.11058677038031814	1.2051987859080906	1.0020307950097067	0.15044616074498487	0.1236483813164975	0.0506914975410658	0.03397592646791391	0.5314679104310996	0.016997028629277565	0.06124407873506	0.05392789254047859
0.8365167213978676	0.6722088617128732	0.09863409823974105	0.08140571497751822	0.11858569940583691	1.2156499214196337	1.0018640898297178	0.18132504575058447	0.12892159491361382	0.03370676922777552	0.03955160489359927	0.7007277610654806	0.021190043151255552	0.10213668281738972	0.08048629593973769
0.6851558572385815	0.9953404876412227	0.01816782071750153	0.16707134748915337	0.18754510304675656	1.5057954295834823	1.0361375539171465	0.21409394711689164	0.08655807473613499	0.03178877712163434	0.03286808962765008	0.7836999555056319	0.019363632648745133	0.10442936770445226	0.06670687370451905
0.7583289122321554	1.1091358645505203	0.03649491823610406	0.07164023566538219	0.14913884270699324	1.3634955256487384	1.119707489929966	0.2178363401281608	0.08441094290954153	0.02170726448886829	0.031488200320875764	0.7284017236312832	0.023287785982706238	0.1086519403566311	0.05532204342530769
0.8465830060971093	0.8944458334252195	0.01551462248276753	0.04984708585278613	0.1890069783378135	1.2946301953198338	1.356559631450291	0.15396999885047008	0.13029743156906884	0.022002723347983984	0.049143828230065065	0.7479424450502393	0.049624060335902276	0.07233682503692798	0.06894764814785255
0.9342188466597021	0.7788847142742812	0.010177548536411	0.06597331031193322	0.15168435341439054	1.2373906478632637	1.2288148615505865	0.28997952988481424	0.24106664392295415	0.027112203817683887	0.022900073203369415	0.6526540070567354	0.05241340892261536	0.058865921595283165	0.04983567469024045
0.640647233329697	0.5057242705081593	0.009259117226226164	0.04628938096903075	0.1251214362821369	1.4174195696027863	1.3107137214340538	0.23615787500417845	0.27577987080963084	0.04606801760280197	0.0233365305346402	0.49223825153045614	0.026417370256442918	0.04231745004082519	0.057346458797835
0.7068611660497433	0.6858616985808429	0.016723403568738034	0.19531798470885553	0.14844497653375535	1.843753906199132	1.1946179473399807	0.3040889171518885	0.30119175595184833	0.03942078957865455	0.019921613507505567	0.619771485926455	0.011345501737862527	0.06769458003134833	0.07582735203202165
0.581205732644853	1.0434113834036964	0.014479051097465294	0.048176637295775385	0.26988871433819756	1.7849818320909259	1.1269514283436057	0.4486176294855207	0.27535735650354487	0.013204052929229796	0.02497342098035585	0.5862726357896159	0.012848469335634199	0.07458467294439759	0.06258284021482576
0.9282781484968387	0.9850310795983747	0.03143737104724126	0.0664377216578971	0.16971322154031243	1.6710338667301594	1.3077936466005584	0.341636819425775	0.25925937854463516	0.04377134347259725	0.040856866504894056	0.5838088700711147	0.031550770727126344	0.09514596530872686	0.069236406683701
0.8776748846926762	1.0704080626005685	0.014767430268759941	0.11741284914757366	0.28495580945318844	1.6920665235118604	1.2758342009777366	0.2997593778272343	0.28199623336042656	0.02426336259715484	0.028027715752673887	0.5538056154768038	0.024480118872092806	0.09089864363333945	0.09007706819215697
0.7528259361029963	0.6204258450048553	0.056797304771835165	0.05702875231170262	0.08598015838010979	1.3755859915833235	0.9642606779270947	0.3360947439637307	0.23183215078334002	0.04622917079527514	0.022112001439723264	0.7806654974285271	0.010188873615455873	0.09349244814380346	0.07833698563859892
0.5861668710821825	0.5802938419957004	0.041190444590666724	0.03951914825027911	0.15022619141056417	1.6460916686350797	0.9760169589550222	0.25748512979129556	0.23260685893793304	0.08426320271209398	0.017700912633674553	0.9053177302916773	0.02741257826139088	0.08897676818477715	0.10582988178926664
0.5489649655343348	0.531599842895012	0.032141135577394224	0.09576561088170195	0.3818253577266477	1.4689781162497753	0.9486269610376821	0.26814168795029913	0.33556385582074333	0.0408251199032658	0.027925469406882106	1.0256726876641755	0.01690031633250089	0.06528535791868864	0.08460539265968092
0.49724384393731474	0.4011562500046913	0.04262398436728933	0.0440287562205878	0.5965755619241754	1.6902328438677823	0.8904242021100148	0.19813849243397916	0.2994566554582477	0.10753792514066103	0.023924079687363656	0.8864290425643241	0.020959163099072742	0.04287465425065246	0.07093959285547857
0.45252005388537697	0.6027455475634673	0.012830873605146011	0.045247265634629184	0.45436441097602687	1.7603373693244708	0.9989784821752732	0.12373289268851266	0.2770713276311138	0.046425177055527976	0.03108556233225969	0.8753966168220887	0.01617348311171788	0.03608343562713624	0.07807742465834909
0.3433751640864157	0.7811974202743935	0.01703519154379313	0.04552382182482901	0.18884917013172992	1.468816180266715	0.9550535020145362	0.1930407858433141	0.20400833033938476	0.03275548245356054	0.041188437901639355	0.9135507689938516	0.012218865057364798	0.06319958734700115	0.07845097810223924
0.3635002988911892	0.7552074523089379	0.019277992977012017	0.11064262791518807	0.2566882067081044	0.9617060203258941	1.0517189050379765	0.2126232589422285	0.2798538792771878	0.021353156067221837	0.026450877028373482	0.9805384643973719	0.036186711252960475	0.0839115713655063	0.08934112289731636
0.426425357923741	0.7493287967143217	0.022975378150059716	0.07564688303841764	0.2566528120361211	1.2589303098092066	1.1944398258381446	0.1879624497324279	0.19288700051818788	0.03851528855369946	0.02991226006356484	0.9231097148870263	0.023614580024967295	0.06720153911683764	0.07132536607166602
0.48730081758595	0.8125536290088674	0.01424223211471279	0.04241881723674775	0.21536169123091536	1.5709600413050098	1.185362611662658	0.2908726949541179	0.17274748505573959	0.007379981694453084	0.04924476942889762	1.0471217031397155	0.019452428515245528	0.08025028622278227	0.07393401490569057
0.49062134195898816	0.7195123064679312	0.014670267040318674	0.33181065670244225	0.19020062381745717	1.7159191528466868	1.1093780109460518	0.309153666199188	0.16427743100306202	0.01686330132123059	0.06245531594796062	1.0323949644275516	0.029067242963956318	0.10827963472840568	0.07518705804460948
0.44199363642129536	0.5545735006976598	0.034109243981190904	0.10326896756684166	0.14902279130196738	1.331883235105939	1.1142010094120047	0.23934669624964372	0.20799043956307017	0.011131467098973162	0.07316560804108828	0.9288917734053486	0.011279731149457137	0.08121190101755353	0.07935484439652493
0.6450889765897823	0.42713022427774733	0.01193898097353033	0.07793354546743769	0.3447320163383003	0.9103912222461878	1.233406254978567	0.13250011749656426	0.148674057368364	0.029768523405710574	0.08644548699067488	0.8019489583158561	0.03142501127110329	0.07443044191393204	0.07706935559720651
1.4257787760742455	0.35163979402973977	0.005837525189282636	0.10409563387577062	0.2977837522426317	0.8599272684958519	1.2320523809903974	0.12891478803807643	0.204444086585316	0.03851020171211756	0.1372860322416702	0.9069340144343173	0.026457211169947023	0.07835204244046086	0.06761810320194553
1.5937992575757245	0.31818713334982607	0.015766032004264924	0.053968952914181724	0.09629389181555073	1.0121293152872528	1.3737170766099391	0.13948378038083856	0.2669995523443521	0.031014809443941364	0.11685812413672365	0.9473084853820894	0.04892305368108036	0.08643974234581452	0.08047776374960498
1.502833084229706	0.5364913992037686	0.01696770631999127	0.0712207567853045	0.33676873052515754	0.9308580253159652	1.3331725524762923	0.2057453262890521	0.3302468638414313	0.015539728253354597	0.09150572804389885	0.8848126056691834	0.04200006760912341	0.07787137455038431	0.07032841547091526
0.683181977432182	0.5401427560421357	0.0165868239772587	0.2321912263074037	0.23123053789217224	0.972876801441489	1.1435186890558633	0.18553125805586201	0.2730828184243803	0.04094429997169092	0.0569379932027396	0.723528502743945	0.021165912106083724	0.11198266068315617	0.048810856395245635
0.9297618969429309	0.38684165063816606	0.006082940019280306	0.05610033344970431	0.11194731304872371	0.8467059132282884	1.2664426371351045	0.1597985659489337	0.4750876902312857	0.033355414616562565	0.04375201921417865	0.7424508779731338	0.02183208778589102	0.0584251609737498	0.056904140473543446
1.1079398088719383	0.3349639746601046	0.008042170450630808	0.10127006982729396	0.18704812537559662	1.0092815193787648	1.1356945946261225	0.15473625321331794	0.3564918240650817	0.03575602523914195	0.047941207266157616	0.7097249573872679	0.011881788133094926	0.12029229294596287	0.06322930736077356
0.6450462813767289	0.5287098643957856	0.03338386782425863	0.03254751873591873	0.1699989555673236	1.1339849791676848	1.2559567987519311	0.15849526940216593	0.5926536365222144	0.034421833278600156	0.040720696313548715	0.6952904439970327	0.007013090329614726	0.05573987298924053	0.07103456465936712
0.5166971124736143	0.56516874158419	0.04191838913922238	0.19060682538686927	0.2658096577422368	1.3514991379251249	0.9770864238294272	0.14220071324878564	0.5641119656689685	0.026582238781573633	0.03395255640545824	0.6622205555745926	0.018431009128607623	0.1144350538907904	0.07701464345893687
0.6143186717679907	0.6431097054667443	0.006854075426242185	0.07288545427836327	0.2175272848752344	1.4840751050041514	1.0448029164289245	0.07906497612220659	0.547245995620354	0.03759044605634698	0.024926053776934676	0.6586436160563794	0.03181824013700388	0.08825384684348506	0.0592154216064775
0.3751162713953865	0.99146782241069	0.030078958838350125	0.08451915297112508	0.16418880099824254	1.315741442566406	0.8569481013480759	0.0685804615865594	0.4062459920680799	0.028292252126863118	0.01495643913203754	0.6010367387525641	0.030906777091818324	0.1142488673185204	0.06317220901506662
0.35616636885091896	1.1338216826099778	0.007514130477824187	0.21420480793862764	0.12024303067417551	1.1372776245470935	0.8532548165975492	0.05389310958754552	0.28483642434289125	0.04777582187724075	0.020349504116006882	0.6484476290032851	0.020482994201791047	0.07073088490447647	0.061316887096845386
0.4640486016583765	1.987639473015087	0.027675460989113224	0.10446145028384383	0.23663506557001868	1.2059228359818253	0.873186334303698	0.06699533793882197	0.26854054748228634	0.04406785240491612	0.016882493407877976	0.7067831397384222	0.00979084330471349	0.08028542086029838	0.06443633647206126
0.4246178058919015	1.5788672618078707	0.029715335293573956	0.053108246441131775	0.18803091173414335	1.0665522615724334	0.6829279118624708	0.09858493172121037	0.2025178294324538	0.06743198113712065	0.02380420156748758	0.6978706044145991	0.01840241937900167	0.07610038126499827	0.07071802598966485
0.5167079428764185	2.0882712913982453	0.02465225229510119	0.18200180800628893	0.20866947791661666	0.9493733031565154	0.6904788794062938	0.17399009587590844	0.16856480355602455	0.10805554215464534	0.021082881942174232	0.7263368848757874	0.019181521114613836	0.10016074801809284	0.0838773784679242
0.5588639337491376	1.786764762103791	0.01081378447247689	0.23463306670943818	0.11937993206064007	0.9835359034665218	0.6694824369756738	0.23188438210306753	0.18337443551858404	0.08844141479039305	0.034966669486980566	0.7442862692187495	0.01657571890914719	0.11233037806300587	0.06596531236186813
0.48351985853310653	1.611455753352036	0.042699983291005196	0.19725330863306834	0.31308733954103674	1.0985240356883716	0.6775874096950514	0.31583095199635547	0.15912580089316136	0.061146665409370415	0.02387938364444994	0.7501888582787495	0.014796422391285667	0.08297873853111509	0.05142642186021537
0.4385585693111692	1.3933774889841462	0.032861844837302305	0.07636428835908332	0.08007524618399207	1.012825853316968	0.6774135784800496	0.2902199060511767	0.1828166183934631	0.05616008495107209	0.013749329996129898	0.6121848852436409	0.015101545198284893	0.05484034083296627	0.05878839525600934
0.44559559780681274	1.5637592382770533	0.03409960790118066	0.1260957895281091	0.10147791508131591	1.3642609816158966	0.7145593980667753	0.41636926176345546	0.21450408875952945	0.036568604615357436	0.009099684352917543	0.6475751929738336	0.016648754193858434	0.08910305059833667	0.0632464366866873
0.6891167734903314	1.8319352241049904	0.01583953859459541	0.14260082366895468	0.14566030724355747	1.025601097555132	0.6761363066344654	0.3467116578721233	0.21307178276555225	0.05856109146006166	0.016122057747868082	0.43553365531249577	0.03318643544807929	0.1538141456779529	0.05569425482271599
0.7298921775523223	1.6014650379134772	0.01766909634527093	0.08672132843212765	0.3327498708426641	1.067457860776207	0.7168160730094977	0.4017136753705545	0.1180391012559764	0.02534367723479933	0.014866548639059157	0.648281323450696	0.017576014862768326	0.052278503228794584	0.05462156403375962
0.6437592209044682	1.2953510685918976	0.010332600779867395	0.05857219341137521	0.09472893739929962	0.9984574431273886	0.6875789745318714	0.3642922530267404	0.12780279117046203	0.023561686070612573	0.009555580573501478	0.6712240804585025	0.011922532334456674	0.0675599702908737	0.05553259752559363
0.6001962104723305	1.4148748378075033	0.011519758670496982	0.09297460744638768	0.18092669706912995	0.951836906918596	0.6840660728854737	0.38069064475382325	0.19263998437257804	0.012870887776225236	0.01844275905964496	0.7107259217946875	0.03754069398158007	0.056742269799624635	0.06116894548598143
0.5269961489415563	1.5063883067694674	0.014902534335737351	0.07371091539815404	0.4399891475493959	0.8702139047747545	0.7136687960260523	0.47869293787242007	0.15120667038499566	0.030008289185084254	0.03302238393515035	0.7387654361702631	0.016480464825293566	0.06031751798162113	0.061217526074971065
0.6885069754235411	1.354524396443673	0.019604390120274595	0.07380744508282591	0.09847235180517817	1.1970590375153818	0.7841423283700593	0.39428092731611575	0.24680749657950854	0.018556939688143842	0.02370746842644139	0.6743775466183566	0.01870056329911754	0.1123504636145117	0.07328305574632678
0.6812892967811592	1.4059681064848004	0.026009691318082263	0.10363226658839025	0.14717466684424052	1.2662982773629883	0.8448046192891047	0.36862273874042273	0.23552230034226584	0.020868198686732124	0.03282406497750906	0.728292502647434	0.008716091151153562	0.1165442156530705	0.07136938711820348
0.8177144206216647	1.1506028724078552	0.00816623455372251	0.07963400218693255	0.10478027487197551	1.4308520830961815	0.9585498619401246	0.30351303704746924	0.3923083574936275	0.04405952745643211	0.02644599164041281	0.8342015797603487	0.00695031810867828	0.05954647297167441	0.0817317008000547
0.7909875325888712	1.487957963046299	0.02870380179012076	0.2512500587806947	0.23579638148213225	0.9669563642861491	0.8054239667919839	0.23517044931115227	0.3416058472705285	0.029541954905495466	0.028577631744162144	0.7247305970635554	0.018089792511436407	0.053610425495340466	0.061593454680385275
0.720915371924042	1.512549868239175	0.027762179638777258	0.09686013137914208	0.23159949892414486	1.0898607459726455	0.9753985017475796	0.22814489635254043	0.31836338550822124	0.04275384518117051	0.04939094120536701	0.7382681433765204	0.02383445973724083	0.13195951811227827	0.06706969616593425
0.9473058762699605	1.136916603873905	0.016565727911617825	0.16057255829232092	0.262839645759318	1.1947706209621114	0.9012505025039977	0.18038098200812894	0.30266331305994054	0.054072327165739065	0.03248215572029624	0.790238481166287	0.014005552783506521	0.10289650921065939	0.06522838656191719
0.5293447800438247	1.0950986781338323	0.019542231234186476	0.09040494336375274	0.4433650660513539	1.1935273073022947	0.8707215392570962	0.2328528891296194	0.28950789949240197	0.03602379703794544	0.04277377836982097	0.7735552232487624	0.00894026067843175	0.08461368077735883	0.07857711344824493
0.647710174112238	0.9406595633454967	0.025171543444114507	0.1363848494365964	0.3611208760791559	0.9993639107265242	0.8326140745835254	0.15818482419580004	0.23672041804309732	0.037016599486360074	0.03226367371956676	0.7364957450530905	0.032094610280261116	0.09608418038197407	0.08648370198007709
0.5180315736213135	1.2322435528301459	0.01006455630897257	0.11866712909433112	0.3013898829049518	1.3943858477379791	0.8327822883315525	0.2227196141448191	0.27347088933623165	0.038351908952192294	0.04870534167308238	0.8425635180740313	0.0071580505661711724	0.11244106011052084	0.0555921323444687
0.777887976092495	1.3110048101952014	0.008513678311245176	0.046606575595109945	0.2913577570734146	1.2057600856174264	0.8105669246424985	0.17153368021857654	0.23352050961537188	0.042809424692416206	0.03856576204635782	0.7495497208736883	0.023734568452339448	0.05656968855718825	0.07239185218608984
0.5899926281500902	1.5050929865509615	0.013761485618319117	0.09290224041301745	0.20574055212610665	1.2892255376082609	0.8358789554253283	0.21285432301718019	0.23552396349039717	0.04995757329736849	0.04989979376862884	0.6976606863936231	0.018177662705472237	0.07038997150623048	0.0767295312952361
0.5788404916350578	1.7335300439442347	0.045083310990996155	0.09571231301771835	0.2610536278605351	1.4818093805794303	0.840335461339715	0.18472912388845142	0.16450298565549284	0.08750519008516454	0.03504451435544143	0.7769365852432798	0.00954700531159548	0.09608914719917179	0.08063726147206651
0.6097818784860718	1.7426237821694919	0.019223025310970924	0.16798169593165843	0.26887275845262115	1.5511332428353826	0.8252279821784381	0.3129278802216767	0.14104422655744467	0.09202515904063312	0.03789444446747927	0.824246069845968	0.011686271050264528	0.06756493167404494	0.07710380766403466
0.5444987309469952	1.2667865133576452	0.015877822821125053	0.048020826391733704	0.39656708437636595	1.4561012454180953	0.8147895071949962	0.269404550261721	0.17396500586332142	0.09165328924028646	0.04564707022111136	0.8015933663045581	0.02839448505893	0.05240761095500178	0.0694557717096763
0.8023742630232678	1.030595471120262	0.025675329644102105	0.07091882463912105	0.25387656228438615	1.5584273430574955	0.8501523621869047	0.27016257276975564	0.1471545591492228	0.04499100883362537	0.03758039524829772	0.8883810391666241	0.020088710914581746	0.06963477183584771	0.0863253067497324
0.9338028380430393	1.0460977056886769	0.03250869425015126	0.1509905253083794	0.17618182327357623	1.3111354457299988	0.871843994882065	0.2031657534551709	0.16833921722029907	0.06285602321578508	0.03260532150813261	0.8382932816153094	0.026408494112036027	0.09477653640240565	0.10520536915504143
1.0581702125780295	0.9434742838977362	0.031474139778583134	0.0987268983451722	0.17717735684698557	1.3971516246452063	0.8907731637595434	0.17714072875988138	0.18224144814633467	0.03448298023704568	0.044284342184991804	0.9275262242792777	0.026603763616390774	0.08431325116909527	0.08574105612374482
1.0082979547911424	1.0629180728737317	0.030666801143139986	0.07220606570122759	0.27138482755294774	1.7427269427580359	0.9957962918065577	0.2279463837198233	0.19052522910283312	0.040736704706056635	0.05751314791973323	0.9692272479573842	0.025017018363667123	0.086174081039543	0.07955969045398363
0.9124733396583844	0.6857912337050778	0.06178367224451581	0.044938742026695025	0.2941879094219698	1.3171711401115322	0.840823949489881	0.2599618867512177	0.23550376157049685	0.034366866301586994	0.04196576353093658	0.8439149402092754	0.02107395448833778	0.062340205995160575	0.06856020463712283
0.9512144781426899	0.9843665026401205	0.04575346828870718	0.08523995274239052	0.610475144003542	1.8277583707508092	0.9344279103718598	0.2871262260150858	0.23131123976523316	0.06736118943820897	0.07426676637059051	0.8956272186128416	0.010338379559212756	0.09758582687676713	0.08404246644252653
0.9273924820036875	1.3988713940285138	0.025879843923327008	0.05229751488314268	0.3641153879993635	2.275198640909701	0.9345932614011722	0.28254804261889466	0.19045692031486774	0.03996596043528566	0.1010271369783896	0.8958280451155091	0.011667969111470904	0.05844807199350701	0.07876397474582036
0.7653855939991001	0.7918558498902211	0.013272307557934257	0.11429987686859315	0.2627055755164161	1.9722470961258876	1.0769948059464793	0.2313181898830558	0.1705783136604505	0.03555367347275324	0.11897450671049911	0.8026731241864415	0.007464531589907427	0.09696441254450655	0.06606523734412123
0.6437387924577461	0.8074135759601779	0.01758566926355132	0.08077104126226603	0.2001052785160562	2.073721458522206	1.14775293714648	0.1750957015983068	0.15593189018098355	0.029683488743043857	0.19249932241675968	0.7715056054926248	0.014162690140152449	0.07560793420956083	0.07507556293428065
0.8547974531860817	0.8697452203026654	0.0223525370411528	0.11813185393427068	0.4118380963486737	1.7616995063108052	1.1680577538838677	0.22046229062665756	0.153043657678638	0.021047561114949632	0.26484436580791276	0.8319827623517039	0.012216364022942036	0.09283862807639127	0.0858698436511261
0.41783847752130293	0.966354262196601	0.009204966003010833	0.24390574603873724	0.49426543602418954	1.9980623501130328	1.1701047984686859	0.2406490956973586	0.1532969456915059	0.021797952722120005	0.1947763604393392	0.839649430861033	0.019502977070357606	0.0777988329579306	0.08279631906793092
0.5383292153924599	0.6423918466787961	0.007301909906651274	0.03943297464246753	0.15633240842084725	1.742843813137993	1.1301933493136447	0.28057792849222896	0.20965307448945164	0.06337921104468397	0.16559801277492267	0.8066646625520019	0.017327281351768385	0.07411437755104049	0.07617605666846446
0.5920380828985385	0.6859604145802982	0.042413917653960784	0.07248440897636985	0.2964286874970413	1.4515383263220387	1.2525079662868808	0.17463188269020136	0.2140964243747696	0.05730122534785552	0.13835990680398078	0.8538462247527507	0.022948447683342445	0.06269069502426079	0.07370492922509995
0.46971828494550416	0.6040890155786998	0.02239298329067964	0.04081474068253757	0.15906000761860975	1.504486427845953	1.0674170747687224	0.1883702248926624	0.2959136190223492	0.056022403023479155	0.09911754059592517	0.8255288232129838	0.014027453998701638	0.030178069770973464	0.0700668093867396
0.536569137074895	0.7165837839354923	0.04376156307782337	0.05947454055873872	0.3217602897319324	1.5232227723165899	0.993927725311997	0.20783104758735715	0.29253633190020695	0.03703270066235765	0.08736732148361699	0.9121547299791405	0.00945344848942523	0.0562791002511596	0.0713644844261293
0.793868463568718	0.35595611430238183	0.02284811979342299	0.05987696849832861	0.25424324201803467	1.550815237217759	0.9262928517145878	0.1673335967063618	0.2077750957051386	0.03863399180710159	0.03905914970221457	0.8402381921432497	0.02800580095787429	0.058960934390807976	0.06687842916427492
0.5328186793097067	0.5952869723054429	0.005704365355892831	0.07647451970676744	0.22454845973552312	1.8035931787328987	0.9111383431648907	0.2786487467809957	0.17628842717388507	0.05710428065556547	0.05126019719786061	0.8130751531044501	0.022780298724573454	0.10295241500717188	0.056972756922322954
1.2003940490698284	1.1329537432648387	0.024695751864209605	0.029925038553233013	0.14108830447642987	1.9405028574939085	0.9011467957953103	0.2219821790639169	0.290387755800493	0.07414619580840633	0.05269792726350696	0.8804903363882042	0.026086897590781963	0.05026903426807109	0.06286521951556505
1.225120969856686	0.8983432426983015	0.003294742082343733	0.1516654886234182	0.2643630175052174	1.659007656145896	0.9414138278188573	0.18813278685866344	0.34937710436658365	0.06552576596846345	0.05242695917270396	0.8271897852349159	0.014984009099912717	0.06713725249552538	0.07405159773754148
0.6674661205265738	1.0678841240337524	0.010775875102904654	0.036649143985868014	0.28851522562987897	2.2689150681436403	0.808575711074773	0.3094480116818496	0.3202680682370471	0.06098463602991605	0.03802039122015695	0.7824990683342359	0.016218857236198266	0.04883473478111093	0.058145901008936185
1.125645951480081	1.132263935292427	0.015181753194526216	0.17088992991396357	0.2661295791678029	1.8147025182167273	0.8697285485868418	0.25562940876702617	0.31554860032161886	0.092376517078715	0.03731034151316748	0.7042730609569487	0.017259670585789682	0.060635393984739605	0.0785850164221707
0.8937633207331531	1.0189061895464642	0.020459440095718717	0.08131236022613852	0.19154365080750188	1.8092547197038955	0.8577163936543765	0.2856093412538385	0.28158491901319355	0.07083814594842308	0.022381955982393092	0.6689482881388217	0.02297825428970973	0.07687126700106503	0.08198077584427287
0.7848175380329249	1.2735007176387814	0.00325673472631115	0.09058809979186565	0.3047841820390772	1.6398690045720272	0.851540588012297	0.3133754470829395	0.2295993470695482	0.05795653577570723	0.017367195226456304	0.7640305064152363	0.027948949578520746	0.0856426203486719	0.06847911349738672
0.7583248307328341	0.9553990744814661	0.006413689214506434	0.07643258585643971	0.3870805647901105	1.2025092691168173	0.8376224292449755	0.29601857463681996	0.27310100129903375	0.03979343814485546	0.01828582527041067	0.788839334973755	0.033123097083259244	0.08672570842270777	0.08351394746740173
0.7303488409300786	0.880800073801126	0.010561629778715692	0.07482374826599074	0.25912572376556614	1.3080181394328747	0.7143978430817298	0.2619250128361482	0.34027760571423177	0.030877959502103897	0.01554654202982533	0.7102830357649614	0.033063815010724217	0.05150463763031336	0.07236316916891897
0.638646472606893	0.9172167078162502	0.010812598497368674	0.14157743449342017	0.21159011116852808	0.933283475457579	0.7581972423827839	0.2965603355079747	0.32331445057616515	0.01542570088261239	0.015643503784577215	0.7381190947063945	0.026290836386526396	0.0480309441634627	0.06170501125594714
0.5078528571363369	0.8047217729392113	0.006974906994812385	0.06274183637571959	0.5082938155196214	1.3444005922281228	0.8304969786752359	0.3484709701084911	0.46079298634079685	0.02246840790601759	0.014401068711554126	0.8769928357893304	0.01971552009442437	0.0609709007426884	0.06791763083560644
0.5787909364773665	1.3007709198737674	0.0038782533823440795	0.08111054956705537	0.3612889062211058	1.0835799742161667	0.921784571318947	0.27119361177317514	0.4113556202022183	0.02637189451931578	0.011946374035059932	0.7755394055158815	0.023766401314808575	0.07957299284629472	0.07052678583948427
0.8105511981220597	1.2641054572614716	0.005463472191965548	0.11690622403094844	0.5844813772230769	1.1900155412381939	0.9548168138149996	0.2203046694965992	0.48871310380216193	0.020654869310684554	0.018461065028869173	0.8133710274063841	0.023292954157758665	0.09524511515298599	0.08397380719741175
1.1342607458428113	1.5752018330886985	0.007072550935942099	0.13655384277638755	0.574579150531686	0.9834128518246823	0.9863612761290315	0.17448235814784907	0.40048440004885205	0.029995726377280773	0.021894802764194955	0.8488809109049297	0.02388353182779011	0.06606198502599198	0.07874558726119689
0.8549497044190293	1.355106088091795	0.023057674080164087	0.24245040215147132	0.5475343392391334	1.13690160634341	0.9187035186037108	0.18719435087196135	0.45316445391304033	0.03203563416132851	0.01950275187942107	0.852644843688406	0.010413858255861927	0.08034797050709083	0.07830668505818543
0.8727745763371519	1.27957126904502	0.011539937458393972	0.1690590337962942	0.6198576145163809	1.0847239345918847	0.8484227496382777	0.21138718361886474	0.255394549956666	0.036930429620287794	0.02020596213974895	0.7176930164677876	0.021853697939128395	0.07343994739296966	0.07163353583029278
0.9285297608646886	1.482418720881269	0.01051490725459972	0.08807165217426448	0.6623205238966272	1.1363932481509988	0.8222381173968961	0.2521037749508519	0.1769367856623238	0.023208001428233527	0.01969992051578137	0.7554651384617744	0.015316091462119994	0.07275791017587371	0.07121212106415438
0.857035600385192	1.579178528688361	0.011682303217173007	0.13291145626292736	0.3197755320296688	0.9083974870533637	0.7818802260908345	0.2242633894944056	0.1478651679675038	0.023182395901200543	0.022711002685719624	0.7591193764618738	0.024125940201175942	0.1201292605117989	0.06885866902618484
0.7046018463558995	1.549218580188428	0.0017353019566654626	0.09208641957145107	0.4292820577689682	0.8628713070413707	0.774094834419772	0.21177610017227333	0.15142889355519065	0.020763827357275538	0.01601848031051607	0.76631122558783	0.02582994121423259	0.08232883499413125	0.06869104856357816
0.7176697801473622	1.5946414326499936	0.016711664607850424	0.19416538301478792	0.4190343440503788	1.150299666910381	0.8957381737281536	0.27395146694465666	0.18514313764276003	0.015240700599254722	0.02300826713456816	0.7715536992869858	0.01285380506210865	0.20529296900810287	0.06430458697950987
0.7378622542547283	1.9666887199569083	0.00899869249571968	0.12616146534071232	0.29267714382764176	1.3361468595486332	0.8037115686990722	0.3156805408594963	0.2614190180644856	0.018206897082568847	0.024476760626073554	0.7953159780911205	0.00932951628293383	0.11042469458287074	0.06278222339047443
0.6655693963011176	1.4869824275815904	0.015634485538821477	0.11241340632828575	0.2563605963478508	1.2940287624286537	0.8277791431916036	0.4040099188439274	0.3109000627528213	0.02147510785747228	0.019315236420301675	0.8242750188862478	0.012961557773960188	0.12079712717818113	0.06344968394921852
0.6223541730389311	1.4165629451968247	0.01119842565847594	0.10329582866440598	0.22818773329642092	1.2811536697459696	0.8842214114994308	0.29451997218308523	0.376352361977766	0.01948013859307926	0.017768497400414036	0.8240044667160481	0.018206605532993636	0.15977680366206629	0.07033838077080848
0.6877107370514302	1.1863577211452632	0.011429229646894908	0.10644306182941249	0.17906398607663096	1.3307654657533314	0.7547467739401413	0.37465864738836385	0.2658338676091604	0.008012765175069578	0.03180144299522046	0.7159010689155381	0.023478492688574326	0.12396303863203692	0.08599078058338915
0.6959786393898418	1.3474470501161553	0.014896789648321815	0.1446591128900715	0.1937301196263861	1.8216866852667761	0.7995533021547941	0.37333962840371027	0.2853975408947406	0.01703549223808289	0.025951120608122203	0.7221433655417495	0.012729359617829826	0.11217544660004271	0.07384015023630003
0.7971748148665552	1.3426748136788125	0.018815666213853756	0.1504860937031738	0.2752265780987898	1.695374878357548	0.7921382050633701	0.3458172357728054	0.29371923866846616	0.01433348820549621	0.0344715956670288	0.7505002184805752	0.030738401035054857	0.11427096195495777	0.06758302686561207
0.6867286644649341	1.1579763639548346	0.010398736126748322	0.17045147962460128	0.2502656065330707	1.658936172536037	0.9541757014826571	0.35560946092742735	0.20733497975554266	0.02215043538650485	0.062215769380858814	0.8633645807905442	0.020939064383595423	0.11100741402466828	0.07486016424610734
0.5763229187272442	0.9760006890725833	0.007127118286568054	0.09133252686890722	0.16861162896128057	1.6975424877838352	1.0780816418942623	0.4156058069160513	0.19364242124012346	0.0318554455321701	0.10000111058437304	0.8207982763337887	0.021249891222150617	0.08142046310726744	0.07422636099944037
0.8953337641690131	1.2492253893618346	0.015708846088443116	0.0752882106014848	0.20049244920515058	1.8604436906435664	1.0336715446506586	0.33057356881758687	0.17407361123225917	0.005646792940189731	0.09024276808686285	0.8408996801712415	0.019005646523633665	0.08224945093696513	0.0606467302730339
0.5984150707910556	1.2519033549912926	0.012511692941866694	0.1294534445229485	0.23146365566960025	1.8487015853689415	0.9344122739650008	0.3952549451961846	0.190377657249385	0.018572503325879723	0.10784229138694078	0.8702609298835716	0.03177626520837917	0.06333987966886105	0.06959935619376054
0.7048431552393705	1.6747688324845007	0.02288330853036299	0.1296155433533565	0.1834801756740818	2.383223416336306	0.9452534020310174	0.42410260314733517	0.17998586442935427	0.019295982149705154	0.1203794302403914	0.9291618518904896	0.019827209642306234	0.10460149097374812	0.068638430239881
0.6859843245152444	1.5350225952240997	0.03522119924996996	0.08229165389313049	0.1635514567888151	1.95628682722119	0.9057066948849748	0.38505077139349375	0.2245369590477087	0.027066461189516777	0.10566390167293645	0.8210348315434411	0.0180898779559283	0.09790524008753518	0.09034019550178701
0.6253536619287889	1.5736549910884212	0.023528937968115147	0.09784964882638732	0.3238592576705998	1.8292664590299907	0.8497149452838515	0.39387955233429756	0.2989541046082169	0.01694489983054333	0.08141895717011752	0.8347789748152318	0.022959767031358984	0.1175754357294401	0.10375920092059887
0.5743126588865243	1.4955817372769407	0.03522515594506831	0.12849504405091886	0.158408885619849	1.7017138649146972	0.7488933195668349	0.43419915883148424	0.2352694126685967	0.009392398312611485	0.05899600057195899	0.7139021745162508	0.01786324122771077	0.07577419003387209	0.07503756886020836
0.6181380616651412	1.5855186324202493	0.014911648408825091	0.04815655725157375	0.34733723843734404	1.7624030779673312	0.8350910029632908	0.4646669325789276	0.25178926262031404	0.008132022336015558	0.030199078555241603	0.7741192820165591	0.02527531568676706	0.09319097312055526	0.08371677093049942
0.5854869473986823	1.3133714939059664	0.006607096145419509	0.19275379989318614	0.18820229635066307	1.7821195139153219	0.8343160651896058	0.40337780050437494	0.2744460041242598	0.0219889967621644	0.03913118211671254	0.7355849044858335	0.008359932527058345	0.08994053683671292	0.07348960787116841
0.593690047820308	1.2534952553536436	0.008080700730182463	0.11160461411097833	0.21951950861911956	1.5988617362823005	0.8518587391332403	0.4252239672885555	0.2427470104156419	0.018392547237439025	0.07661632440223676	0.6609878830695176	0.005025436299852571	0.06897733016447766	0.07749769368661565
0.4973666471360573	1.1327092771410219	0.011551246412122481	0.2550620319702976	0.32172724949460413	1.4591628990269763	0.8231765579440835	0.5065336626598568	0.19915885342788114	0.017068199807146904	0.08575448045292858	0.7776028812241006	0.023661285366031532	0.07530015301191431	0.08737960687764978
0.5591639626644398	1.315253634462054	0.012883110702065537	0.07126355963065516	0.27793686982674176	1.4418960606856845	0.8857493707353096	0.4529682803285895	0.2281680194705227	0.038457719067614346	0.0952588196172888	0.7391974993084879	0.014380129416171322	0.08432461100476829	0.07472804845191044
0.6758184771604484	2.030870235690991	0.014360442779969769	0.07809479687116443	0.17180415584049324	1.6585466721621778	0.9346350896575897	0.43998655140506354	0.31882028062943424	0.026240038771246324	0.15979821963094154	0.7179897769517225	0.020536712500169522	0.0659538346412405	0.06454813364383763
0.7707234223475019	2.10957513858966	0.012704057892821984	0.07200664427011262	0.32326427904564864	1.0079763501401064	0.903066917398089	0.42470407002244936	0.21739299198251863	0.025273850581691164	0.17365944205512762	0.7715413954372732	0.006817117496097503	0.07339790938195964	0.05775424518679712
0.7821989665405916	1.673036162375235	0.013928062589636898	0.17621674014583433	0.29922598141954937	0.980249503755569	0.9058406333100497	0.4209246996211665	0.23919888807414735	0.01617007370258839	0.13443158489200063	0.7516178967856311	0.018619673959169605	0.06793932762937267	0.06835514348279002
0.626331207315927	1.7231146265767237	0.010900998615767425	0.1533746631182191	0.1894514235825348	1.2088246639679956	0.9199546131171007	0.5291651737188046	0.2157627613776291	0.01013128436541666	0.10803743586511522	0.7711136715842752	0.027448559098803435	0.07163362991163788	0.07807217998678052
0.6239171249564174	1.3552118093202465	0.01467746634903421	0.12019042087341007	0.17658601311684027	1.1906687810047873	0.8581667094751876	0.4964890402298097	0.1171827472175847	0.015486571957814426	0.15678950462779032	0.8687102223989159	0.012113454931932688	0.0916278585250721	0.08135810282500723
0.6003605519008954	1.6502568885331519	0.010485450030313646	0.19331152686918904	0.32328627594672515	1.2322199350835077	0.8441100278639233	0.5204003447899587	0.11317142180293555	0.0119140129609081	0.12402365524002257	0.8473648846681829	0.013754088167879524	0.06277727407891646	0.06506919453813732
0.6247878050521954	2.1027139235579058	0.02261066932623795	0.09347957056586499	0.31575370874398373	1.2526738394813908	0.7604911807521749	0.4196330216365526	0.15871772956632996	0.014285316155410347	0.08863244464490584	0.8858646016176178	0.011757738923349751	0.08365664838349776	0.08056260007693206
0.62605036357335	1.8875281299032367	0.01805853851205704	0.07400039309293914	0.37296466692615377	1.1814095887968998	0.8051755265800303	0.45828491721108566	0.12760565243990987	0.01629722897063857	0.10177722315257094	0.8513082855215388	0.011107685364825865	0.07913349045554864	0.06771806547503535
0.6405467248337602	1.8411564630380974	0.026055417215565643	0.07578059322749223	0.2472816013520837	1.367135433966845	0.8022739977076281	0.5578519388452131	0.16661116038491489	0.02588278228864772	0.03801452120008347	0.8606807720633614	0.011605433312078174	0.06412859221784786	0.07812466539239575
0.6811044264017547	2.7325980986029954	0.019463211078956766	0.103179063855866	0.16930832670183676	1.582537261393236	0.8366077120205471	0.5459948627918602	0.1873605543120818	0.018630109976685072	0.04494787180588396	0.7390101808682463	0.011328276072794427	0.06955742377218234	0.08327633430536277
0.6173363807730248	2.420281282156669	0.020367399705922357	0.12520255137491101	0.19185528973977445	1.5027286193405118	0.8180239699792325	0.5228057372602036	0.2764967653052556	0.030697268039364522	0.03029459616434851	0.764218662321596	0.013777904025379158	0.07241414767923289	0.07801811593319198
0.6545237357162957	2.6903811448886863	0.03803672224634788	0.08818488792060408	0.2760665162930432	1.7474906950087081	0.8307780371817406	0.4787465252835746	0.2370492999224425	0.022389366379012045	0.02965889071965282	0.7097020283552072	0.008786246751950224	0.07279368360985237	0.06970404408372467
0.7280762703209306	2.9049571506602465	0.03948724553665356	0.08542678581455877	0.23600810029487743	1.8022591704621096	0.8578628679813437	0.43663435619852237	0.22467190820869845	0.02603190551381263	0.02451090842404301	0.8144394400746601	0.01731181566409452	0.09265981594875088	0.06582466420791143
0.6191113459125096	2.3744744592243494	0.06042095800048545	0.11295310953848556	0.20645669163003377	1.4930234447107649	0.8167983595366544	0.5600796511181584	0.24204694784489555	0.019655867010439216	0.020441227183175054	0.8211353077196594	0.010369513433658472	0.09032309614100056	0.06781969539314191
0.7296541892661548	2.7393064974449954	0.07162572945391533	0.1036142590955067	0.23331643698936133	1.4507443511614595	0.890195740036247	0.37883245606474514	0.20055456016271078	0.014640069238979984	0.0336939366715088	0.7976143381672586	0.010321201471858643	0.11902864660843578	0.06737628371773126
0.7961148798663784	2.5080858191840565	0.027250242129170987	0.10390773376279294	0.3227115082628889	1.529427333538838	0.9124565328380957	0.46383846769391496	0.1948459366317513	0.0347442650083097	0.040632029160460784	0.7610421902142133	0.0101015764243167	0.08244872777575987	0.07585067360483262
0.6365950510296672	2.2420565104330747	0.02106819754945519	0.1332496111243366	0.13818498870887572	1.5563071532164803	0.839667506532735	0.4241616927942331	0.14215529718556036	0.027944675203543913	0.04389358947393742	0.8236104125566819	0.01806585995938107	0.07727038457713671	0.08367446063164195
0.6499240959361695	1.9258721111500499	0.01827073220072155	0.043184934877760095	0.21608478324458805	1.3661357841237933	0.8349961932526868	0.4181698804349417	0.10204734814933566	0.025498809319814762	0.038155617929616255	0.9581255267273295	0.020709528327806648	0.09359712960470949	0.08147399258932704
0.5194698398911582	2.152413411893087	0.008397852308198072	0.07938252613338977	0.1758150065553754	1.54058117561586	0.9194543100486681	0.476841048400466	0.09060212190867148	0.042270937705879634	0.03497743568534624	0.8368550540668799	0.015878233130668808	0.08637618083131826	0.07701181031118143
0.5504586522957512	2.1131898107367943	0.01058297479330497	0.07282208248858636	0.15449424655676222	1.2653049336413196	0.9170117999340176	0.5058597650797813	0.03353581091233183	0.02891561412220378	0.05619559083017583	0.9673770679553002	0.00825640702862123	0.1022589666726997	0.0771573971138199
0.5804823185974965	2.3078430506934153	0.0102215393448321	0.04519431469808712	0.10610597255363163	1.4527177049880107	0.8507476645912454	0.4591508180073475	0.06401539731367194	0.035517530638167025	0.029899501711324206	1.0155162325932539	0.00546994153768174	0.08345961923805657	0.07699585900099602
0.5462055909503359	2.3373227589185195	0.018162788643201148	0.07938372074500888	0.274736642035495	1.391838580130877	0.8259128120198141	0.41613468339190435	0.0613015505086589	0.051656155976172256	0.038017484748226416	0.9642526283283575	0.016351981641605524	0.13259051731398058	0.07574410173045189
0.6631317184091671	2.207109163520201	0.018564477019090437	0.0989575001531035	0.16555289700572148	1.7240816671862824	0.9419891107965042	0.342116462137464	0.08743109821889287	0.037093957268337495	0.053030828158043344	0.9139106666053851	0.006980812554063862	0.07781232657807138	0.06934183275959643
0.5565290608816381	2.176459096370087	0.014503063683531466	0.08260371874126142	0.11100700851564739	1.412133644862534	0.8838805770637077	0.35844737958566264	0.0879066323773764	0.05641143480541304	0.03146597794343199	0.9187407501919795	0.008523969880996098	0.08357832401671106	0.07284696382809058
0.5629612467564489	2.2110514989748604	0.009097916035620978	0.11127837674430394	0.19406016285493172	1.3610512344515755	0.8716824766163958	0.37659748584044267	0.0912020912518838	0.023115294867275638	0.03670745266997237	0.9975064179986597	0.012061377865319871	0.11381401475925541	0.0649617122046391
0.5573577718589514	2.5482299372255865	0.023707654937747978	0.07844240237741423	0.23938835125642474	1.4681737949355924	0.9322301692177651	0.32430300329856937	0.08705501711362415	0.031766662778921005	0.04101314991569395	0.8997254998120788	0.010465071685500243	0.06733788294309191	0.07928147393152109
0.612909562838491	2.2862919138355986	0.018028117378223095	0.06849364948406521	0.24011631929826918	1.363316229082751	0.903458415849543	0.3166349541599165	0.0978429058749523	0.014142267544815764	0.054778134128130235	0.8608260987213484	0.01759789128939136	0.06976136018036277	0.08801894256377633
0.5519001351222383	2.2228741087062316	0.017268339584762326	0.050388584407699756	0.21720598591573667	1.4890844088630917	0.8258367587696177	0.34504141192632737	0.093613805354934	0.01752987913464354	0.0678775532807974	0.8385363328847738	0.030007898640057876	0.08621880221501299	0.09754473147870771
0.62050875842007	2.1446758331035145	0.015661523306667646	0.05567432527424948	0.2578616232664273	1.413020199333846	0.9274032077625924	0.2989161162208859	0.09048818886933173	0.033219902901567386	0.060208577412403375	0.820428780002326	0.014231808881492954	0.08745029878145155	0.09205548428741164
0.7573061972448872	2.2915074938125564	0.029400520438458578	0.08551100320345166	0.2755841819143163	1.5512079839943669	0.88865548414201	0.2743798115589906	0.09055042804224424	0.010659640930162138	0.13962895952658286	0.8379733960016553	0.01634176316131844	0.10106644984714719	0.07262042193158817
0.6678364258826928	2.0050243341493577	0.019826804196827783	0.07400262108948401	0.1555883861811282	2.1243099789389785	0.8383831275733897	0.2767268092615988	0.08920802978286753	0.011255181403906045	0.1872272967536357	0.9244524552308191	0.012018695408216033	0.10945962453183501	0.07412289401765587
0.6073069397140889	1.846216222136295	0.03668780946696097	0.07727619893583332	0.2261360216730907	2.064434574552097	0.85164588232304	0.2740221251519763	0.08432359918409187	0.0209885615379048	0.14338381962049873	0.8454531035611687	0.014695314015204249	0.08805812359014319	0.07557449504568624
0.6325869646074084	1.5503690321529633	0.03278589012635059	0.07945636920158212	0.28014606384853047	2.0326432172459885	0.860770221872858	0.2510925223379298	0.1034618507843008	0.025998605427077503	0.18816882981168515	0.8178408342936138	0.015444102170503274	0.08542607621894996	0.073936614425843
0.8607413146116495	1.6204285208727602	0.03721691445378943	0.08576854816216913	0.18652635528258582	1.9145613220358275	0.8039236356828015	0.20487238073299402	0.08504257566964715	0.03436839145480591	0.17238254774216127	0.8172498065857208	0.018929594232196256	0.06704714426951726	0.06592305731148812
0.8073528876658304	1.7032820274066411	0.03730119649161895	0.06694351730890077	0.23687274028648458	2.175222084632067	0.7426412129208158	0.26028877457671185	0.10201673654971014	0.04859732871114253	0.2437284568137301	0.8439237196473306	0.02332336638929071	0.09198091738404976	0.0725363093234854
0.9541900460202666	1.9516542635358969	0.04951716607117677	0.09863783307477307	0.19597220956273448	2.0798405718511317	0.7216021418095071	0.2420695679464786	0.09905588675365277	0.011296706401301974	0.2289254363080903	0.7954968551386158	0.011870888828366545	0.11375908901657306	0.06399539304429629
1.1542094050150382	1.39253837592036	0.03711168057310138	0.09804016853940009	0.25803331586737094	1.578121065232885	0.8290335597438611	0.25593408933032996	0.07518194568256614	0.01613649939533126	0.18552532693298698	0.7773108616271083	0.023972582178900526	0.08476444864278053	0.07470977548509458
1.098208636617252	1.3038251302085841	0.030397164970628908	0.10865449087647575	0.1603109615758067	1.8410654349141455	0.9011514746046878	0.35372656454597745	0.1403173662569792	0.022125462954327855	0.12859750038757764	0.7142993677062685	0.01314719724401408	0.09608833588693058	0.0618049376923341
1.2078550454528372	1.2160845845276653	0.02031471566961556	0.07069613435162882	0.22658407103618647	1.7350471793294684	0.8894568910456264	0.3290265687416551	0.1418815971729223	0.037039825302143545	0.12956416564992287	0.8004778543559077	0.010562665355881037	0.11540493166697299	0.0761788536994591
1.0633986065316938	1.140624000412849	0.019251502971532622	0.0528186937691901	0.23423779098528033	1.6083995625481273	0.9139823456711391	0.34122485957172194	0.12126542050031115	0.03638123189279201	0.06370666774618866	0.7768368520466231	0.007425258042786229	0.05117957207502291	0.06656945268602205
1.2140464891136797	1.2590210657978376	0.012286625741846526	0.06755161853952528	0.22192897132289824	1.5446979683735944	0.8824733123006694	0.4126396126391165	0.09500512723236014	0.033131685129828295	0.075586494805965	0.8012643637311105	0.02170939931497255	0.0776360233567706	0.08352269443247477
1.0448283249690171	1.4555204168587763	0.008851148836703262	0.0893161938717866	0.2907123543402417	1.5684800835584047	0.8726349788704733	0.3497051476185437	0.11436573644901314	0.03843962421184877	0.09927053845526658	0.767464756865592	0.01408553392321698	0.07392438214617665	0.08006712025786132
0.8791764385116116	1.3147044880951784	0.009143865437484697	0.10727611501374629	0.155382336740061	1.518180528859172	0.9542428562552692	0.3525448404393248	0.13102945561189333	0.025522001745370917	0.06530071015346267	0.8159725011735021	0.022991095204019603	0.07549490371650128	0.07422762490441576
0.7652652883427905	1.4258668730743982	0.011638916742224734	0.08231837963203745	0.10141024668418828	1.3824093976190792	0.858200045557378	0.31790748376281514	0.11280761868709695	0.030716495354117863	0.07521922358812451	0.8604848674071962	0.016491071726607024	0.07623762792510701	0.08125222894016415
0.553541458580878	1.2361111738712047	0.0206102992229294	0.12070639423219967	0.11327315830239318	1.3296493470080588	0.856929471348802	0.42181897864634565	0.12303873023418634	0.01650578454222507	0.056201128810372085	0.8393212821401046	0.00933062923314466	0.06720873998633425	0.06889428546154627
0.6140589446475392	1.3001959577754314	0.01201364192941751	0.13854269955334036	0.16463102824220244	1.42876230380394	0.8365056743882949	0.36449880388211	0.21740082664549393	0.019449566216904357	0.06982081974977764	0.858521996818997	0.010700175132021499	0.06682115332449413	0.05647589324766771
0.643797035987891	1.357933697380523	0.013243461046771406	0.0604914617835775	0.15133897028708812	1.8254660687286428	0.8437903373676122	0.3852177626038048	0.18294246992928284	0.011548914537698537	0.07393060127306314	0.8638267175164854	0.015679272158794763	0.07393008960692034	0.059167147875053616
0.7783762821471182	1.075411036743252	0.016618968511676834	0.113741636264411	0.14633439448206761	1.5017363591362005	0.9674055343054802	0.4320434378546405	0.2641322777143227	0.02024435079768311	0.05136533701756303	0.8400593128948234	0.020429293831982054	0.07304943969834951	0.07026218657911476
0.9648602791810141	1.5993180893924406	0.013723890529365023	0.05445950019976683	0.1483905423359015	1.3516388588558474	1.05427783446309	0.37302939332393775	0.3032725526945785	0.014309133083004737	0.09113928020912498	0.8381791602338009	0.00786937364818438	0.07365163598307015	0.06606827546960152
0.880041910597765	1.2849318888336154	0.016206185309866037	0.056555076134129446	0.18002477103776984	1.295923156706586	1.141639862990124	0.514435085658603	0.3448066286799038	0.013873289630768408	0.0399959946213594	0.834514146665843	0.024245721239926615	0.07657385094021846	0.06738191953161464
0.9285847723899897	1.3644847987105526	0.03746374146656049	0.09986709866272	0.2147998730137053	1.4618016671354406	1.1148582179491335	0.6267877288734031	0.2916614927690535	0.014191879377741475	0.03682456817628515	0.8784897707062185	0.013990640606445823	0.08916403115054167	0.07022642003907696
0.9402808005969404	1.3793779926571392	0.03940955950986361	0.11690484994224849	0.16260721568320732	1.1588886214208851	1.1142955648551678	0.7245126914950857	0.30132759438218165	0.022090894946952103	0.04541610737083518	0.7459023883631148	0.014120844281888726	0.07647793666474619	0.07365696333448003
0.9705469485600611	1.1885774552784276	0.050028651166893603	0.14312900004773338	0.14656534359174908	1.0247932315276143	1.141876526522157	0.7021762024292536	0.3274447637769603	0.017139471107441514	0.029970238819058605	0.763904848740084	0.022651576260582937	0.09107844380858116	0.06690132461991533
0.942310078049196	1.1797077370678466	0.027177899925228295	0.14991184069433744	0.18091576909623228	1.2392500237359345	1.0943608236951308	0.5821485785970628	0.2674983338411833	0.014344701073459792	0.05211578329593774	0.8617683068306683	0.015789117586787593	0.09272935683129764	0.0649880778545551
0.9868464682281786	0.8593691825602647	0.017614359987676013	0.10043850017608927	0.2778785199420731	1.3757254888883041	1.1243188435203895	0.5292002611726042	0.27894262353917393	0.029107213987312586	0.052378297810029964	0.8098026163208981	0.013334011200595599	0.07717704643576372	0.06353408405016749
0.9179803843021119	0.9110517019106285	0.018835891342257202	0.07373611685565476	0.22223523575621038	1.185660278853513	1.1758368050953756	0.46319994147261434	0.2469372529600578	0.02712878737800797	0.0437742122856806	0.8335778680327677	0.007510344454600215	0.08074905332656485	0.06366810176351158
