mass_1	mass_2	phase	time	distance	a_1	a_2	tilt_1	tilt_2	phi_12	phi_jl	theta_jn	psi	ra	dec
0.27791	0.10249	0.00702	0.01037	0.02228	0.10048	0.1765	0.03445	0.01243	0.00424	0.02294	0.02367	0.0031	0.01087	0.00921
0.1456	0.09091	0.00388	0.00346	0.01884	0.14021	0.16319	0.04771	0.01057	0.00346	0.01369	0.04051	0.00278	0.0073	0.00692
0.12991	0.09757	0.00355	0.00527	0.00961	0.11012	0.11639	0.04273	0.00873	0.00326	0.0118	0.03105	0.00196	0.00534	0.00424
0.07718	0.04407	0.00569	0.01024	0.01773	0.08841	0.10153	0.0528	0.0081	0.00312	0.00857	0.02251	0.00414	0.00839	0.01021
0.07502	0.10015	0.00323	0.00699	0.0233	0.1057	0.0803	0.04007	0.00876	0.00405	0.0139	0.03496	0.00428	0.01698	0.01489
0.11155	0.12358	0.04829	0.00596	0.01515	0.13861	0.08633	0.04526	0.0073	0.0025	0.01481	0.04041	0.0034	0.01101	0.01193
0.05193	0.08342	0.06083	0.0094	0.01646	0.08954	0.06615	0.03146	0.0156	0.003	0.01757	0.03392	0.00562	0.01401	0.00992
0.07199	0.1096	0.00513	0.02488	0.03466	0.0935	0.0634	0.03601	0.0135	0.0021	0.01522	0.0323	0.00174	0.02609	0.02029
0.07159	0.10836	0.02007	0.00467	0.02191	0.07514	0.05855	0.03383	0.00928	0.00308	0.01522	0.0254	0.00278	0.01526	0.00985
0.13085	0.12827	0.01579	0.00768	0.02693	0.11261	0.04978	0.03382	0.00896	0.00766	0.01534	0.0464	0.00166	0.01389	0.01027
0.08156	0.11782	0.01426	0.01759	0.01899	0.08071	0.0482	0.02624	0.00604	0.00196	0.0118	0.04843	0.0035	0.02955	0.01745
0.10528	0.10358	0.03685	0.02184	0.0273	0.1127	0.0396	0.03107	0.00675	0.00245	0.01508	0.03007	0.0024	0.02511	0.02418
0.0954	0.1008	0.01039	0.00528	0.01421	0.09534	0.03102	0.02846	0.00847	0.00351	0.01417	0.02939	0.00106	0.00523	0.00493
0.09024	0.12051	0.00883	0.00961	0.02049	0.09582	0.03118	0.03927	0.00563	0.00372	0.01291	0.04505	0.00089	0.00978	0.0088
0.06318	0.07878	0.03719	0.0035	0.0097	0.08145	0.04084	0.02592	0.00487	0.00351	0.01541	0.03871	0.00351	0.00612	0.00844
0.0815	0.0759	0.01839	0.0073	0.0208	0.05759	0.03303	0.03234	0.00355	0.00167	0.01394	0.04738	0.00204	0.00673	0.00792
0.06301	0.06303	0.00414	0.00553	0.02133	0.04957	0.02438	0.04206	0.00414	0.00192	0.00769	0.0413	0.00172	0.00732	0.00879
0.0746	0.0681	0.00723	0.00965	0.02984	0.06963	0.03203	0.03019	0.00519	0.00198	0.02104	0.04626	0.00191	0.02016	0.0118
0.1072	0.10551	0.00694	0.01224	0.02383	0.0701	0.02799	0.02543	0.00549	0.00381	0.01327	0.03668	0.00187	0.01587	0.01172
0.04596	0.0463	0.02047	0.00709	0.01593	0.06006	0.02792	0.02182	0.00482	0.00192	0.0083	0.04914	0.00163	0.01389	0.00917
0.06388	0.08824	0.00292	0.00833	0.01668	0.10417	0.0283	0.04611	0.00265	0.00263	0.02182	0.0383	0.00224	0.01395	0.00696
0.06923	0.08188	0.00163	0.01449	0.01	0.10555	0.03135	0.04879	0.00486	0.00143	0.00538	0.0274	0.00226	0.01541	0.02036
0.05784	0.06815	0.00148	0.00638	0.01675	0.07191	0.03007	0.0261	0.00437	0.00121	0.01077	0.03967	0.00086	0.01366	0.01122
0.07472	0.09001	0.00242	0.00957	0.03681	0.10728	0.0275	0.04945	0.00396	0.00232	0.02502	0.03338	0.00271	0.01304	0.00819
0.08632	0.10604	0.00275	0.01391	0.02264	0.0875	0.02468	0.03482	0.0033	0.00096	0.01979	0.03148	0.00115	0.01434	0.01395
0.09217	0.10703	0.00155	0.00448	0.014	0.13062	0.02253	0.05046	0.00448	0.00125	0.00945	0.01955	0.00122	0.00793	0.00352
0.04554	0.073	0.00252	0.00507	0.02948	0.06484	0.02039	0.03399	0.00208	0.00158	0.01081	0.01779	0.00327	0.00902	0.00578
0.04523	0.07382	0.0029	0.00529	0.01864	0.0674	0.02204	0.03673	0.00321	0.0019	0.01524	0.05132	0.0031	0.01812	0.01143
0.05116	0.0523	0.00233	0.0133	0.02437	0.08728	0.01508	0.03207	0.00442	0.00104	0.00839	0.04168	0.00187	0.01536	0.01337
0.07871	0.08832	0.00269	0.00835	0.02832	0.06458	0.01289	0.02699	0.01243	0.00166	0.01519	0.03886	0.00114	0.01646	0.00716
0.04539	0.07526	0.00334	0.01111	0.01433	0.05921	0.01823	0.03085	0.0065	0.00123	0.00904	0.02441	0.00106	0.01176	0.00625
0.06887	0.08159	0.00164	0.01034	0.01646	0.08483	0.01465	0.0243	0.00573	0.0013	0.00844	0.01817	0.00077	0.01166	0.01049
0.08842	0.0788	0.00153	0.00332	0.01568	0.07774	0.01494	0.02017	0.00762	0.00146	0.01606	0.01466	0.00459	0.00504	0.00637
0.10862	0.13368	0.00183	0.00595	0.02704	0.09355	0.01339	0.03242	0.00337	0.00137	0.01356	0.02784	0.00413	0.01277	0.00766
0.06929	0.08156	0.00268	0.01195	0.01558	0.05944	0.01354	0.02208	0.00363	0.0016	0.01301	0.03113	0.00275	0.01693	0.01473
0.05273	0.05646	0.00274	0.00392	0.01438	0.08443	0.01048	0.02765	0.0049	0.00126	0.00702	0.01888	0.00174	0.01196	0.00299
0.06479	0.0727	0.0018	0.00851	0.03318	0.11085	0.01415	0.02624	0.00565	0.00161	0.00645	0.01271	0.00041	0.00837	0.01112
0.07135	0.08145	0.00344	0.00916	0.01079	0.07808	0.01579	0.03405	0.00571	0.00191	0.01795	0.03737	0.00298	0.01153	0.00841
0.1103	0.12897	0.00363	0.0116	0.02566	0.09278	0.01536	0.03382	0.00385	0.00184	0.01013	0.01595	0.00176	0.01846	0.01754
0.07302	0.0753	0.0047	0.01762	0.01584	0.08583	0.01573	0.01866	0.00905	0.00119	0.01012	0.03103	0.00143	0.01769	0.01233
0.07141	0.07137	0.00326	0.00495	0.02066	0.108	0.01279	0.03678	0.00479	0.00123	0.00718	0.02184	0.00268	0.02116	0.01391
0.06398	0.07606	0.00373	0.00592	0.02439	0.1076	0.01515	0.02195	0.00987	0.00137	0.00863	0.03256	0.00205	0.01006	0.01019
0.07499	0.06852	0.00277	0.00223	0.0121	0.06886	0.01456	0.02619	0.00543	0.00122	0.01223	0.02748	0.00113	0.00674	0.00546
0.066	0.05595	0.00277	0.00443	0.02082	0.06925	0.01002	0.02294	0.00306	0.00166	0.01473	0.04794	0.0024	0.01195	0.014
0.08068	0.07107	0.00206	0.00563	0.03156	0.08506	0.01067	0.01551	0.00923	0.00151	0.01892	0.03828	0.00251	0.02025	0.0132
0.11659	0.11868	0.00252	0.01088	0.02711	0.1236	0.01417	0.02953	0.00476	0.00183	0.00535	0.05793	0.00325	0.01336	0.01321
0.09588	0.09798	0.00231	0.01414	0.0282	0.117	0.01326	0.02692	0.006	0.00181	0.01061	0.0513	0.00148	0.0132	0.01556
0.07881	0.07965	0.00212	0.00973	0.03385	0.10378	0.01352	0.02516	0.00743	0.0012	0.00732	0.03281	0.00277	0.01457	0.01899
0.11423	0.10942	0.00205	0.00946	0.01724	0.10249	0.01341	0.02961	0.0036	0.00135	0.00753	0.03501	0.00173	0.01371	0.01245
0.04499	0.04717	0.00157	0.01748	0.01454	0.06239	0.01104	0.02385	0.00268	0.0014	0.00798	0.02025	0.00338	0.01773	0.01651
0.08718	0.0806	0.00236	0.01464	0.01751	0.08233	0.01211	0.0152	0.00726	0.00097	0.01014	0.02838	0.00435	0.00988	0.00908
0.10594	0.09691	0.00237	0.00917	0.01803	0.09245	0.01059	0.01527	0.0055	0.00142	0.01506	0.03896	0.00321	0.01686	0.00952
0.06241	0.05082	0.00307	0.00576	0.01656	0.11246	0.01005	0.02898	0.00357	0.00166	0.0093	0.02153	0.00247	0.01211	0.00856
0.0814	0.08573	0.00257	0.01028	0.019	0.08261	0.00933	0.02502	0.00383	0.00216	0.01149	0.05004	0.00179	0.0087	0.00587
0.09261	0.08203	0.00436	0.00706	0.01817	0.10645	0.01603	0.01377	0.00509	0.0016	0.01703	0.04184	0.00153	0.0114	0.01733
0.07322	0.09903	0.00312	0.00956	0.01442	0.09612	0.01826	0.02272	0.00333	0.00254	0.02205	0.02787	0.00156	0.01552	0.01159
0.07515	0.06612	0.00273	0.00177	0.01713	0.12026	0.01555	0.03094	0.00734	0.00162	0.01207	0.02329	0.00439	0.0071	0.0096
0.07035	0.07471	0.00334	0.00808	0.02842	0.07048	0.01465	0.02362	0.00958	0.00231	0.0166	0.0364	0.00164	0.00965	0.0074
0.108	0.10678	0.00356	0.00858	0.01495	0.11965	0.01537	0.03215	0.00741	0.00141	0.01025	0.02773	0.00161	0.00953	0.0083
0.12954	0.12929	0.00205	0.00293	0.02213	0.14051	0.01568	0.03903	0.011	0.0018	0.00986	0.04624	0.00232	0.0075	0.00274
0.11181	0.12243	0.00263	0.0084	0.00822	0.09328	0.01453	0.0302	0.0138	0.00135	0.02993	0.06589	0.00542	0.01174	0.00877
inf	0.12276	0.00219	0.00162	0.01157	0.07504	0.01586	0.02549	0.00646	0.00125	0.00746	0.02127	0.00188	0.00273	0.00252
0.10125	0.09078	0.00245	0.01199	0.012	0.07431	0.01396	0.02589	0.00456	0.00142	0.00763	0.04081	0.00249	0.01778	0.01293
0.10817	0.06874	0.00215	0.00225	0.01294	0.10705	0.01406	0.04161	0.00684	0.00073	0.0126	0.04629	0.00234	0.0084	0.00605
0.09897	0.08385	0.0038	0.00778	0.01172	0.08051	0.01536	0.03157	0.00581	0.00096	0.01931	0.055	0.00073	0.01441	0.01083
0.12803	0.13349	0.00318	0.00627	0.02727	0.09397	0.01289	0.02889	0.00725	0.00246	0.01884	0.03316	0.00274	0.01073	0.00649
0.08114	0.09816	0.00477	0.00329	0.00932	0.09521	0.01041	0.03007	0.00763	0.0016	0.01914	0.03417	0.00172	0.00839	0.00876
0.09175	0.08998	0.00414	0.01602	0.02748	0.09013	0.01061	0.02235	0.00543	0.00119	0.01732	0.06425	0.00597	0.01623	0.01515
0.08184	0.08779	0.00506	0.00502	0.0162	0.07989	0.00988	0.02707	0.00433	0.00139	0.01275	0.03282	0.003	0.00646	0.00367
0.07737	0.08813	0.00395	0.00444	0.00922	0.06515	0.00944	0.02866	0.00349	0.00168	0.01418	0.03914	0.0035	0.00658	0.00704
0.07347	0.08287	0.00312	0.00586	0.02219	0.0886	0.01042	0.03403	0.00709	0.00118	0.00803	0.05631	0.00235	0.01298	0.00961
0.08094	0.11309	0.00391	0.00703	0.01782	0.08715	0.01086	0.03421	0.00508	0.00211	0.01126	0.05143	0.00195	0.00988	0.00737
0.10638	0.09929	0.00222	0.0061	0.01784	0.07342	0.01108	0.0277	0.00506	0.00192	0.00954	0.03649	0.00202	0.01322	0.00686
0.06647	0.06715	0.00227	0.01271	0.02405	0.06554	0.01081	0.02748	0.00303	0.00256	0.00504	0.03184	0.0012	0.01656	0.01302
0.10244	0.11725	0.00184	0.00436	0.01937	0.08292	0.01235	0.02391	0.006	0.00122	0.00476	0.04758	0.00075	0.00608	0.00306
0.13773	0.13199	0.00189	0.00479	0.01349	0.08909	0.01028	0.02356	0.00289	0.00173	0.01141	0.04303	0.00168	0.00555	0.00567
0.1431	0.17061	0.0027	0.00389	0.00603	0.0734	0.00999	0.02301	0.00687	0.00234	0.00564	0.03462	0.00142	0.00327	0.00357
0.10101	0.09047	0.00306	0.01191	0.03165	0.03798	0.00752	0.01573	0.00389	0.00213	0.00466	0.01408	0.002	0.01071	0.01082
0.11346	0.08969	0.00227	0.01439	0.01674	0.0594	0.01125	0.02219	0.00388	0.00091	0.00477	0.03213	0.00128	0.01489	0.00901
0.12873	0.1194	0.00117	0.00558	0.01381	0.06856	0.0105	0.02008	0.00284	0.00128	0.00392	0.03916	0.00135	0.01096	0.0082
0.10629	0.12124	0.00214	0.00747	0.02387	0.08759	0.01227	0.02041	0.00593	0.00074	0.00886	0.05881	0.00101	0.00517	0.00827
0.10807	0.11298	0.00211	0.01009	0.0174	0.07834	0.01206	0.01937	0.00442	0.00139	0.00267	0.0293	0.00185	0.00834	0.00835
0.10922	0.08606	0.00241	0.00666	0.01322	0.0992	0.01112	0.01743	0.00595	0.00052	0.00652	0.03076	0.00172	0.00804	0.00705
0.10646	0.10395	0.00266	0.00476	0.009	0.08479	0.01452	0.02495	0.00449	0.00164	0.01115	0.03848	0.00231	0.00693	0.00767
0.0617	0.06816	0.00363	0.0049	0.01311	0.05849	0.01021	0.02161	0.00274	0.0012	0.00323	0.03525	0.00424	0.00965	0.00441
0.09318	0.10773	0.00319	0.01207	0.02061	0.10033	0.01201	0.02505	0.00509	0.00136	0.00718	0.02877	0.00367	0.01595	0.01046
0.07998	0.08193	0.00343	0.00145	0.00498	0.0864	0.01012	0.01468	0.00929	0.00124	0.00534	0.03876	0.00219	0.00633	0.00445
0.07806	0.05823	0.00321	0.01434	0.02288	0.06878	0.01128	0.01227	0.00331	0.00144	0.00697	0.03029	0.00247	0.01946	0.01715
0.12129	0.10585	0.00361	0.00891	0.01519	0.09134	0.01014	0.02615	0.00325	0.0012	0.00949	0.04848	0.00075	0.02404	0.01242
0.08794	0.10807	0.00387	0.01309	0.00755	0.07089	0.0111	0.01817	0.0023	0.00236	0.01054	0.04612	0.00138	0.01611	0.01213
0.09751	0.1008	0.00419	0.01707	0.02266	0.09402	0.01127	0.03012	0.0043	0.00157	0.00244	0.03229	0.00082	0.02664	0.01632
0.10091	0.13385	0.00238	0.00986	0.01307	0.0791	0.01026	0.02198	0.00514	0.00275	0.01528	0.05298	0.00084	0.01125	0.00922
0.04863	0.0446	0.00374	0.01296	0.01665	0.11058	0.01054	0.02915	0.00635	0.00148	0.00164	0.04148	0.00196	0.02125	0.01255
0.06024	0.0554	0.00491	0.01828	0.03344	0.04319	0.00789	0.01707	0.00238	0.00135	0.00957	0.03771	0.00305	0.02096	0.01536
0.10264	0.09857	0.00631	0.01436	0.03497	0.13571	0.01186	0.04255	0.0047	0.00191	0.00619	0.07901	0.00144	0.01939	0.0103
0.05468	0.05594	0.0064	0.00434	0.02285	0.08	0.0136	0.03161	0.0052	0.00144	0.00671	0.06096	0.00121	0.00444	0.00368
0.08041	0.09161	0.00566	0.01315	0.01709	0.09301	0.01227	0.04521	0.00553	0.00124	0.00476	0.05676	0.0014	0.01551	0.01198
0.0534	0.05964	0.00352	0.00755	0.0266	0.06828	0.01112	0.02806	0.00282	0.00116	0.00397	0.032	0.00264	0.01257	0.00747
0.10106	0.10735	0.00335	0.00465	0.01579	0.12491	0.01093	0.03601	0.00323	0.00184	0.00523	0.04364	0.00206	0.0123	0.00304
0.10664	0.09052	0.00271	0.00315	0.01641	0.09313	0.0155	0.0293	0.00346	0.00117	0.00531	0.06726	0.00098	0.00984	0.00569
0.09437	0.0899	0.00238	0.00559	0.01875	0.10122	0.01022	0.0359	0.00434	0.00128	0.00758	0.05824	0.00064	0.01783	0.00846
0.08634	0.08825	0.00231	0.0084	0.01808	0.08454	0.00952	0.02087	0.00442	0.00107	0.00785	0.03091	0.00076	0.0152	0.00693
0.07867	0.08508	0.00237	0.00616	0.01723	0.06983	0.00935	0.02597	0.00438	0.00165	0.00415	0.05206	0.00218	0.01857	0.01171
0.08038	0.08277	0.00276	0.00956	0.0193	0.07999	0.00864	0.02453	0.00484	0.00112	0.00433	0.04118	0.00406	0.02273	0.0115
0.10236	0.115	0.00165	0.00824	0.0223	0.06834	0.00754	0.02871	0.0037	0.0024	0.01118	0.07795	0.0027	0.0111	0.00717
0.09499	0.11077	0.00185	0.0075	0.03246	0.08458	0.00852	0.04391	0.00408	0.00153	0.0154	0.05621	0.00193	0.02149	0.0081
0.12262	0.1164	0.00255	0.01427	0.02229	0.09864	0.01023	0.03185	0.0032	0.0016	0.00422	0.03303	0.0011	0.01996	0.01199
0.12645	0.17369	0.00181	0.00607	0.01737	0.10917	0.01122	0.03194	0.00396	0.00377	0.01052	0.0142	0.00062	0.00777	0.0033
0.05573	0.06578	0.00347	0.0072	0.01128	0.08695	0.009	0.02962	0.00507	0.0023	0.00549	0.03634	0.00608	0.0225	0.01373
0.13034	0.13069	0.00212	0.00394	0.01241	0.08163	0.01053	0.03797	0.00511	0.00301	0.01017	0.04992	0.00104	0.03052	0.01789
0.1116	0.13784	0.00447	0.00402	0.01207	0.08547	0.01036	0.02336	0.00956	0.00486	0.00363	0.03755	0.00239	0.01344	0.00845
0.08101	0.09398	0.00282	0.00551	0.02226	0.06843	0.00923	0.02085	0.00692	0.00162	0.00755	0.0416	0.00088	0.01116	0.0079
0.09181	0.09809	0.00472	0.00503	0.01089	0.0594	0.01009	0.02953	0.00417	0.00196	0.00683	0.02994	0.00122	0.00706	0.00507
0.11745	0.13318	0.00254	0.01125	0.01583	0.0601	0.00614	0.02954	0.00403	0.00173	0.00907	0.04646	0.00161	0.0185	0.0155
0.13182	0.15182	0.0049	0.00449	0.026	0.10996	0.00796	0.02676	0.01374	0.00269	0.01071	0.05185	0.00237	0.0074	0.00786
0.1071	0.10903	0.00315	0.00629	0.0128	0.0961	0.00846	0.02205	0.01193	0.00168	0.00649	0.03194	0.00245	0.00962	0.01049
0.11697	0.12558	0.00233	0.00412	0.02554	0.10312	0.00939	0.02375	0.01496	0.00136	0.00608	0.05197	0.00166	0.00776	0.00434
0.10678	0.10898	0.00198	0.00962	0.01874	0.09917	0.01043	0.02981	0.01602	0.00138	0.00413	0.05165	0.00337	0.00993	0.00763
0.11485	0.12963	0.00371	0.00382	0.01826	0.08864	0.0108	0.03103	0.00753	0.00186	0.00519	0.03321	0.00286	0.01988	0.01188
0.1582	0.14975	0.00249	0.00157	0.02323	0.09307	0.01127	0.02928	0.00999	0.00094	0.00536	0.02847	0.00313	0.01059	0.00906
0.16768	0.17062	0.00314	0.00283	0.01073	0.11507	0.01432	0.02394	0.01679	0.00158	0.01066	0.0366	0.00245	0.01135	0.00557
0.09684	0.09787	0.00279	0.00755	0.01978	0.10338	0.0125	0.02609	0.01494	0.00168	0.00381	0.04734	0.002	0.01249	0.00663
0.10162	0.12727	0.00386	0.00645	0.02878	0.12026	0.01325	0.03072	0.01016	0.00163	0.00785	0.03207	0.00351	0.01869	0.0108
0.11141	0.10887	0.00415	0.0058	0.00986	0.10637	0.0132	0.03507	0.01796	0.00149	0.00511	0.03261	0.00257	0.01199	0.00889
0.08529	0.10196	0.00295	0.00602	0.0152	0.14402	0.01316	0.03155	0.01537	0.00221	0.00411	0.02945	0.00167	0.00842	0.00721
0.09582	0.13345	0.00345	0.00352	0.02041	0.11512	0.00976	0.03172	0.01271	0.00352	0.00436	0.03938	0.00188	0.0127	0.00837
0.08574	0.1198	0.00279	0.0113	0.03284	0.07857	0.00976	0.03202	0.00921	0.00319	0.00899	0.04534	0.00583	0.02066	0.01037
0.08043	0.10154	0.00237	0.01033	0.01753	0.06397	0.00932	0.02652	0.00785	0.00331	0.00728	0.0327	0.00286	0.01507	0.011
0.06507	0.08253	0.00321	0.00487	0.01764	0.04964	0.00817	0.02935	0.0062	0.00226	0.0061	0.04942	0.00219	0.02065	0.01324
0.06709	0.08149	0.00295	0.00228	0.00952	0.05673	0.00998	0.03684	0.00566	0.00119	0.00557	0.03128	0.00244	0.01045	0.00564
0.07593	0.0856	0.00508	0.00484	0.01302	0.07875	0.00999	0.02368	0.01178	0.00122	0.01362	0.02992	0.00354	0.01209	0.01196
0.06938	0.08373	0.00522	0.00304	0.00802	0.06857	0.00716	0.02317	0.00514	0.00392	0.0087	0.03664	0.00278	0.00397	0.00219
0.09828	0.12299	0.00351	0.01814	0.0194	0.07684	0.00895	0.02644	0.00679	0.00309	0.00873	0.04343	0.00153	0.01421	0.00972
0.09647	0.11535	0.00274	0.00764	0.01354	0.06809	0.01024	0.02828	0.00259	0.00287	0.00773	0.03372	0.00466	0.0062	0.00455
0.10819	0.1384	0.00389	0.00772	0.01567	0.06464	0.00977	0.0381	0.00538	0.00165	0.01186	0.03215	0.00243	0.00901	0.00394
0.11771	0.14591	0.00369	0.00327	0.01319	0.0944	0.00842	0.03808	0.00731	0.00275	0.00448	0.03127	0.00232	0.00657	0.00625
0.10929	0.11883	0.00281	0.00464	0.01908	0.07896	0.01001	0.03338	0.0052	0.00206	0.00387	0.02718	0.00427	0.01053	0.01109
0.12969	inf	0.00498	0.00219	0.01606	0.06923	0.01253	0.03174	0.00671	0.00234	0.01273	0.03169	0.00182	0.00408	0.00295
0.10377	0.12303	0.00222	0.00403	0.01081	0.07847	0.01546	0.0261	0.00609	0.00125	0.00494	0.03934	0.00347	0.00814	0.00545
0.08283	0.09968	0.00364	0.00579	0.0075	0.06215	0.01122	0.0262	0.00479	0.00297	0.00592	0.02975	0.00279	0.0068	0.00351
0.10645	0.13015	0.00224	0.0038	0.01645	0.05037	0.01096	0.01851	0.00741	0.00343	0.00368	0.02845	0.00115	0.00513	0.00328
0.08894	0.11905	0.00243	0.00751	0.01387	0.03836	0.00958	0.02296	0.00611	0.00161	0.00331	0.02469	0.00188	0.0075	0.00618
0.06487	0.09981	0.00388	0.00153	0.0065	0.0686	0.00923	0.03666	0.0051	0.00265	0.00366	0.03074	0.00337	0.00643	0.00425
0.08014	0.11388	0.00225	0.00972	0.01259	0.03074	0.00918	0.0232	0.00557	0.00117	0.00473	0.02791	0.00254	0.00987	0.00363
0.08786	0.09914	0.00206	0.00449	0.02024	0.03172	0.00784	0.02368	0.00388	0.00195	0.00514	0.02479	0.00242	0.00541	0.00282
0.07901	0.08638	0.00224	0.00676	0.01681	0.03963	0.01048	0.01807	0.00432	0.00206	0.00487	0.03454	0.00222	0.00898	0.01191
0.08116	0.09655	0.00251	0.00559	0.01249	0.04606	0.01044	0.02223	0.00426	0.00158	0.00596	0.02519	0.00184	0.0077	0.00711
0.05854	0.06713	0.00212	0.00459	0.01498	0.03005	0.00624	0.01493	0.00487	0.00134	0.00377	0.02041	0.00215	0.00977	0.00771
0.06285	0.06894	0.00124	0.00952	0.01933	0.02869	0.00551	0.02026	0.00295	0.00123	0.00357	0.02713	0.00165	0.01178	0.00592
0.0686	0.07945	0.00137	0.01006	0.01524	0.05116	0.00715	0.03063	0.00393	0.00188	0.00639	0.03524	0.00035	0.01644	0.01502
0.0547	0.06979	0.00179	0.00889	0.01784	0.03413	0.00868	0.02105	0.00434	0.00112	0.00554	0.03211	0.00118	0.01589	0.01743
0.07006	0.07799	0.00125	0.00617	0.0143	0.03636	0.00779	0.021	0.0047	0.00129	0.00615	0.04	0.00044	0.00704	0.0067
0.06569	0.07121	0.00145	0.00494	0.01261	0.0387	0.00638	0.0229	0.00328	0.00149	0.00306	0.04348	0.00182	0.00889	0.00387
0.08395	0.09844	0.00248	0.00859	0.01329	0.03506	0.00755	0.02101	0.0043	0.00271	0.00481	0.04108	0.00333	0.01024	0.00652
0.07737	0.09107	0.00186	0.00348	0.01619	0.03009	0.00754	0.01861	0.00449	0.00111	0.0038	0.03648	0.00142	0.00868	0.00373
0.09554	0.11373	0.00245	0.00783	0.01257	0.03999	0.01056	0.023	0.00652	0.00211	0.01299	0.04292	0.0014	0.00981	0.00864
0.0374	0.04615	0.00179	0.00589	0.01304	0.02445	0.00803	0.01891	0.003	0.00165	0.00482	0.04043	0.00205	0.00875	0.00489
0.05175	0.05534	0.00339	0.00321	0.02468	0.02834	0.00724	0.01906	0.00457	0.0016	0.00656	0.06853	0.00209	0.00681	0.00234
0.07158	0.08124	0.00186	0.00751	0.0094	0.0463	0.00636	0.02354	0.00576	0.00164	0.0128	0.05406	0.00304	0.00854	0.00528
0.04588	0.04386	0.00358	0.00835	0.01138	0.02914	0.00659	0.01901	0.00576	0.00159	0.00519	0.03974	0.00217	0.01255	0.00644
0.06307	0.0638	0.00288	0.01224	0.01517	0.03395	0.00583	0.02263	0.00842	0.00146	0.00644	0.05277	0.00055	0.01525	0.00487
0.07134	0.06657	0.00294	0.00431	0.0159	0.03379	0.00649	0.01665	0.00869	0.00116	0.00506	0.0371	0.00406	0.00411	0.00474
0.06753	0.05929	0.00311	0.0057	0.00996	0.03147	0.00562	0.01694	0.0042	0.00081	0.00675	0.03855	0.00154	0.01249	0.00607
0.05374	0.05724	0.00229	0.00263	0.00905	0.03632	0.00577	0.0172	0.00607	0.00124	0.00454	0.03296	0.00168	0.00523	0.00514
0.05763	0.05685	0.00323	0.00542	0.00485	0.03807	0.00564	0.01766	0.0071	0.00164	0.00583	0.03295	0.00279	0.0067	0.0066
0.06904	0.08246	0.00276	0.00708	0.01131	0.05884	0.00767	0.01945	0.01076	0.00203	0.00603	0.02934	0.00058	0.00725	0.00818
0.06115	0.06575	0.00253	0.00583	0.01131	0.0571	0.00706	0.02056	0.00786	0.00162	0.00671	0.04232	0.00099	0.00813	0.00444
0.05989	0.0548	0.00228	0.00123	0.0092	0.06195	0.00511	0.01617	0.00993	0.00112	0.00412	0.03285	0.00129	0.00381	0.00205
0.05445	0.06028	0.0024	0.00507	0.01213	0.04619	0.00531	0.01459	0.00724	0.00288	0.00478	0.03827	0.00344	0.0136	0.00445
0.05321	0.06248	0.00179	0.00471	0.00858	0.04909	0.00544	0.0196	0.00603	0.002	0.00604	0.03863	0.00564	0.00504	0.00411
0.07127	0.08907	0.00137	0.00397	0.0099	0.06197	0.00785	0.01914	0.0079	0.00187	0.00602	0.02613	0.0017	0.00797	0.00546
0.06115	0.07621	0.00119	0.00306	0.0073	0.05612	0.0057	0.02061	0.00938	0.00151	0.0028	0.03396	0.00158	0.00538	0.00434
0.04914	inf	0.00136	0.00822	0.01125	0.05114	0.00519	0.02234	0.00686	0.00147	0.00533	0.03953	0.00281	0.00925	0.00559
0.06622	0.07552	0.00138	0.00691	0.00824	0.05539	0.00621	0.02122	0.0108	0.00194	0.00459	0.02899	0.00242	0.01236	0.00644
0.07179	0.07264	0.00189	0.00233	0.00865	0.08225	0.00504	0.02537	0.0099	0.00156	0.00727	0.03445	0.0032	0.00663	0.00479
0.04699	0.05646	0.00169	0.00282	0.01853	0.08526	0.00502	0.02115	0.01092	0.00153	0.00608	0.03366	0.00097	0.0084	0.00675
0.05755	0.07588	0.002	0.00871	0.01627	0.06577	0.00392	0.02279	0.01547	0.00142	0.0029	0.02723	0.00131	0.00941	0.00681
0.06272	0.07102	0.00183	0.00431	0.01068	0.05455	0.00372	0.02271	0.0048	0.00125	0.00361	0.0332	0.00197	0.0077	0.00408
0.05905	0.0707	0.00155	0.00199	0.01092	0.06451	0.00428	0.02074	0.0074	0.00161	0.00325	0.02951	0.001	0.00288	0.0023
0.05101	0.0543	0.00178	0.00531	0.01349	0.04364	0.00445	0.0178	0.00436	0.00184	0.00334	0.01847	0.00091	0.015	0.01195
0.07251	0.09326	0.00213	0.00526	0.01113	0.05595	0.00447	0.01574	0.0062	0.00222	0.00361	0.0254	0.00178	0.00862	0.00687
0.03935	0.04784	0.00389	0.00451	0.00954	0.03777	0.0042	0.02023	0.00331	0.00212	0.00281	0.02357	0.00058	0.00947	0.00629
0.04723	0.05616	0.00196	0.00733	0.00792	0.04775	0.00364	0.01905	0.00451	0.00203	0.00334	0.02807	0.00066	0.011	0.00748
0.03738	0.04651	0.00297	0.0055	0.01308	0.04409	0.00407	0.01771	0.00231	0.00172	0.00279	0.03308	0.00123	0.00795	0.005
0.04608	0.05395	0.00277	0.00298	0.00851	0.03193	0.00474	0.02088	0.00365	0.00197	0.004	0.04398	0.00183	0.00893	0.00431
