1	20.8048	19.43511875
2	18.03069861111111	18.1047984375
3	17.19322777777778	17.6679765625
4	16.81198472222222	17.418296875
5	16.584316666666666	17.2428109375
6	16.396840277777777	17.161303125
7	16.38356111111111	17.151215625
8	16.414729166666667	17.1106828125
9	16.155722222222224	16.960628125
10	16.03461111111111	16.98801875
11	16.02079861111111	17.0232078125
12	15.917486111111112	16.9209109375
13	15.957618055555555	17.024825
14	15.8704375	17.020846875
15	15.817851388888888	17.189515625
16	16.214708333333334	16.988290625
17	15.875811111111112	17.0415078125
18	15.734090277777778	17.0760125
19	15.678819444444445	17.093759375
20	15.613769444444445	16.990659375
21	15.596990277777778	17.0849703125
22	15.463295833333333	17.21768125
23	15.422743055555555	17.139290625
24	15.359979166666667	17.2608421875
25	15.337968055555555	17.18306875
26	15.273288888888889	17.2244609375
27	15.233156944444444	17.1879453125
28	15.257743055555556	17.28346875
29	15.1928375	17.242146875
30	15.092044444444445	17.348359375
31	15.051458333333333	17.415178125
32	15.041095833333333	17.431965625
33	14.973220833333333	17.48440625
34	14.931713888888888	17.4780671875
35	14.865369444444445	17.468384375
36	14.824822222222222	17.534484375
37	14.777188888888888	17.5812953125
38	14.740254166666666	17.6288
39	14.731719444444444	17.57589375
40	14.726940277777778	17.5536078125
41	14.639723611111112	17.6931171875
42	14.593043055555556	17.61013125
43	14.56655	17.7293171875
44	14.632855555555556	17.7326890625
45	14.552333333333333	17.8222328125
46	14.517020833333333	17.6889234375
47	14.4305875	17.7417078125
48	14.463016666666666	17.855303125
49	14.4232375	17.85895
50	14.352677777777778	17.951225
51	14.437076388888888	17.9202046875
52	14.291765277777777	17.885125
53	14.265963888888889	17.912584375
54	14.278654166666668	17.917540625
55	14.153	17.9259640625
56	14.156741666666667	18.046234375
57	14.136763888888888	18.01318125
58	14.100698611111111	18.060246875
59	14.086525	18.0468203125
60	14.042893055555556	18.118640625
61	14.102573611111112	18.1050375
62	14.050480555555556	17.961215625
63	13.994109722222221	18.1713171875
64	14.007173611111112	18.1454953125
65	13.985065277777778	18.0832
66	13.878144444444445	18.18675
67	13.814327777777779	18.117225
68	13.752952777777777	18.221815625
69	13.764330555555556	18.21288125
70	13.699702777777778	18.406609375
71	13.693740277777778	18.319540625
72	13.606093055555556	18.2614484375
73	13.612334722222222	18.322028125
74	13.57371388888889	18.42775
75	13.528670833333333	18.459759375
76	13.517755555555556	18.492740625
77	13.55786111111111	18.4639578125
78	13.512833333333333	18.389871875
79	13.574681944444444	18.486571875
80	13.515201388888888	18.4832296875
81	13.434331944444445	18.4494640625
82	13.382616666666667	18.50904375
83	13.320440277777777	18.498421875
84	13.206958333333333	18.4414875
85	13.18634861111111	18.635046875
86	13.112911111111112	18.61738125
87	13.202372222222222	18.5918
88	13.270765277777778	18.6312625
89	13.144322222222222	18.5095453125
90	13.005027777777778	18.530625
91	12.979134722222222	18.7455578125
92	12.974469444444445	18.70818125
93	13.0425	18.6557125
94	12.951736111111112	18.75495625
95	12.875706944444444	18.758540625
96	12.998369444444444	18.734503125
97	13.019804166666667	18.7407140625
98	13.158522222222222	18.7029
99	13.074155555555556	18.5497921875
100	12.88655	18.7667625
101	12.805890277777777	18.767053125
102	12.742908333333334	18.862990625
103	12.694756944444444	18.8615828125
104	12.660093055555556	18.7330453125
105	12.545134722222222	18.941765625
106	12.569204166666667	19.005525
107	12.55295138888889	18.949878125
108	12.717576388888888	18.926128125
109	12.548259722222221	18.9982875
110	12.386925	18.999884375
111	12.442427777777779	19.054915625
112	12.463594444444444	19.0876578125
113	12.308602777777777	19.1426453125
114	12.287223611111111	19.18449375
115	12.28955	19.173575
116	12.3146375	19.098403125
117	12.239920833333333	19.205284375
118	12.163766666666668	19.2239125
119	12.100861111111112	19.269171875
120	12.119397222222222	19.3223828125
121	12.191002777777777	19.3357140625
122	12.181130555555555	19.28023125
123	12.158475	19.274603125
124	12.080319444444445	19.421325
125	12.125105555555555	19.250990625
126	12.262597222222222	19.375428125
127	12.099991666666666	19.306084375
128	11.974773611111111	19.36035
129	11.856422222222223	19.37846875
130	11.866330555555555	19.4126890625
131	11.82115	19.3359703125
132	11.777152777777777	19.432365625
133	11.81781111111111	19.27313125
134	11.861348611111111	19.4195828125
135	11.66785138888889	19.4144234375
136	11.658765277777778	19.5105640625
137	11.686080555555556	19.41166875
138	11.566921527777778	19.6535375
139	11.561861805555555	19.533328125
140	11.549504166666667	19.552975
141	11.533066666666667	19.74109375
142	11.677744444444444	19.645715625
143	11.530040972222222	19.5605125
144	11.53452986111111	19.749946875
145	11.517477777777778	19.5991453125
146	11.428290277777778	19.709921875
147	11.303359722222222	19.6963859375
148	11.280835416666667	19.76613125
149	11.190375694444445	19.723415625
150	11.174345833333334	19.755465625
151	11.217109722222222	19.8153625
152	11.251265972222223	19.7848796875
153	11.26222361111111	19.8170203125
154	11.204563888888888	19.7767046875
155	11.144854166666667	19.8020375
156	11.068634027777778	19.883728125
157	11.006870138888889	19.81826875
158	10.968542361111112	19.819340625
159	10.94219513888889	19.832271875
160	10.854821527777778	19.862515625
161	10.88491736111111	19.870621875
162	10.921932638888888	19.918728125
163	10.741323611111111	19.9984703125
164	10.80708263888889	19.97046875
165	10.765084027777778	19.8764375
166	10.638134722222222	20.066765625
167	10.59185625	19.961696875
168	10.538905555555555	20.1246609375
169	10.504145833333334	20.1589171875
170	10.492476388888889	20.172925
171	10.515134722222221	20.111075
172	10.437028472222222	20.19069375
173	10.357932638888888	20.133878125
174	10.354895833333334	20.2437625
175	10.33676736111111	20.22964375
176	10.298195833333333	20.2617734375
177	10.426550694444444	20.108134375
178	10.275573611111112	20.12550625
179	10.234945833333333	20.2110265625
180	10.156672916666666	20.16799375
181	10.17833888888889	20.2990078125
182	10.06653125	20.4250203125
183	10.041021527777778	20.283859375
184	10.055261111111111	20.3957203125
185	9.940952083333332	20.4202453125
186	9.971334722222222	20.426453125
187	10.007605555555555	20.5131796875
188	9.964219444444444	20.3876625
189	9.953941666666667	20.3495484375
190	10.055770138888889	20.44785
191	9.969776388888889	20.493321875
192	9.830911805555555	20.5462765625
193	9.749061805555556	20.607625
194	9.639115972222223	20.5134546875
195	9.61593263888889	20.5977828125
196	9.689211111111112	20.461175
197	9.589306944444445	20.681275
198	9.52034861111111	20.692296875
199	9.512418055555555	20.7245
200	9.440127083333334	20.716625
201	9.483668055555556	20.684428125
202	9.365003472222222	20.681696875
203	9.345627083333333	20.796209375
204	9.451504861111111	20.751340625
205	9.352061805555556	20.833190625
206	9.335399305555555	20.858028125
207	9.395767361111112	20.765959375
208	9.36717013888889	20.8070859375
209	9.259133333333333	20.92371875
210	9.216666666666667	20.78295625
211	9.168188888888888	20.823975
212	9.338129166666667	20.758375
213	9.306016666666666	20.9319234375
214	9.097423611111111	20.928221875
215	9.026672916666667	20.9787671875
216	9.005765972222223	21.0324546875
217	9.038470138888888	20.983715625
218	8.991197222222223	20.97570625
219	8.933996527777778	20.9244875
220	8.8718	20.9921875
221	8.845863194444444	20.9871859375
222	8.856665972222222	21.05705
223	8.82425138888889	21.0405859375
224	9.026472222222223	21.0939734375
225	8.950607638888888	21.1128515625
226	9.036641666666666	20.99020625
227	8.799778472222222	21.0395734375
228	8.635459027777777	21.056128125
229	8.6640625	21.15471875
230	8.671372916666666	21.040509375
231	8.657836805555556	21.256275
232	8.527111805555556	21.2447375
233	8.53270625	21.19779375
234	8.462114583333333	21.283590625
235	8.403466666666667	21.293015625
236	8.383505555555555	21.2824078125
237	8.35970625	21.4269125
238	8.340790277777778	21.358934375
239	8.263978472222222	21.4150625
240	8.274727083333334	21.3473546875
241	8.152877777777778	21.3998859375
242	8.161863194444445	21.4837140625
243	8.11051875	21.505275
244	8.07360763888889	21.5250890625
245	8.057644444444444	21.390375
246	7.989022916666666	21.51963125
247	8.183890277777778	21.526453125
248	8.03491388888889	21.4471125
249	7.941901388888889	21.6089984375
250	7.8660701388888885	21.5529171875
251	7.876526388888889	21.499675
252	7.7867	21.56483125
253	7.71436875	21.664578125
254	7.6924875	21.627840625
255	7.733110416666666	21.64634375
256	7.750309722222222	21.755040625
257	7.684147222222222	21.75853125
258	7.6163236111111114	21.6164125
259	7.690898611111111	21.609146875
260	7.525404861111111	21.66021875
261	7.484268055555556	21.856553125
262	7.490313194444444	21.697334375
263	7.444304861111111	21.7560453125
264	7.456033333333333	21.74903125
265	7.486175	21.8651734375
266	7.381294444444444	21.766765625
267	7.306197222222222	21.756803125
268	7.2710229166666664	21.94235
269	7.224280555555556	21.8878296875
270	7.1403131944444445	21.864121875
271	7.114509027777777	21.98293125
272	7.098095833333334	22.0023828125
273	7.049109722222222	22.065353125
274	7.004200694444444	22.0142453125
275	6.961965972222222	21.934434375
276	6.934007638888889	21.9935140625
277	6.9470479166666665	21.982096875
278	6.897423611111111	22.035134375
279	6.795647222222223	22.19526875
280	6.784638888888889	22.1700671875
281	6.7426375	22.0646390625
282	6.680704166666667	22.1417015625
283	6.6147583333333335	22.201515625
284	6.659255555555555	22.1850203125
285	6.64804375	22.16425
286	6.587331944444444	22.17813125
287	6.592209722222222	22.24045
288	6.496482638888889	22.259921875
289	6.439551388888889	22.124425
290	6.3628736111111115	22.281234375
291	6.384930555555556	22.3343921875
292	6.3149951388888885	22.395771875
293	6.33495	22.374421875
294	6.270799305555555	22.429971875
295	6.2357458333333335	22.41218125
296	6.2057722222222225	22.38833125
297	6.231704861111111	22.4154296875
298	6.128834027777778	22.4334625
299	6.201033333333333	22.5028171875
300	6.157049305555556	22.4085
301	6.093015972222222	22.458875
302	6.068625694444444	22.5567625
303	6.026588888888889	22.43085
304	6.06225	22.4064765625
305	6.014890972222222	22.5607609375
306	5.925471527777778	22.52174375
307	5.87315	22.490221875
308	5.904920833333334	22.623303125
309	5.839995833333333	22.63843125
310	5.814436805555555	22.557678125
311	5.815545138888889	22.705775
312	5.817147569444445	22.602478125
313	5.74959375	22.7175984375
314	5.730058333333333	22.69586875
315	5.686672222222223	22.653228125
316	5.722968402777778	22.6685421875
317	5.616336805555555	22.6172609375
318	5.582927083333334	22.7460125
319	5.556960416666667	22.777984375
320	5.556041666666666	22.6221234375
321	5.525881597222222	22.750825
322	5.449795486111111	22.844703125
323	5.470158333333333	22.8202734375
324	5.465881597222222	22.97128125
325	5.449904861111111	22.9673640625
326	5.374006944444444	22.9751484375
327	5.33004375	22.907496875
328	5.341970138888889	22.8108
329	5.313968055555556	22.9270390625
330	5.242906944444444	23.01533125
331	5.285140972222222	22.9465265625
332	5.22834375	23.0380109375
333	5.206845486111111	23.010125
334	5.178078472222222	23.00616875
335	5.20611875	23.07561875
336	5.112784027777778	22.975615625
337	5.147985069444444	23.028415625
338	5.078035416666666	23.077615625
339	5.033008680555556	23.00283125
340	5.027311805555556	23.1763375
341	4.990243402777778	23.1373
342	4.977939236111111	23.136953125
343	4.972954861111111	23.0551390625
344	4.9658444444444445	23.053665625
345	4.9177875	23.1217453125
346	4.903664583333334	23.097315625
347	4.883117013888889	23.1204390625
348	4.874682638888889	23.139421875
349	4.844866666666666	23.233421875
350	4.828571875	23.1098078125
351	4.837646875	23.1714125
352	4.80114375	23.3340921875
353	4.81085	23.2301265625
354	4.750662847222222	23.189946875
355	4.750554513888889	23.22536875
356	4.7561583333333335	23.268075
357	4.717380208333333	23.302096875
358	4.719671180555555	23.360528125
359	4.70934375	23.2421265625
360	4.676856944444444	23.2400546875
361	4.668177083333333	23.2225546875
362	4.665852430555556	23.289134375
363	4.670717013888889	23.2787125
364	4.649757291666667	23.29458125
365	4.622078819444445	23.2659171875
366	4.630392013888889	23.320065625
367	4.578489236111111	23.3206734375
368	4.621605208333333	23.2518046875
369	4.581439583333333	23.2562125
370	4.582670833333333	23.229878125
371	4.5702847222222225	23.1886359375
372	4.564697569444444	23.35219375
373	4.586787152777778	23.4114015625
374	4.5698461805555555	23.3058109375
375	4.5450486111111115	23.3698125
376	4.544402083333333	23.3589109375
377	4.539210416666666	23.3214375
378	4.536354513888889	23.3072265625
379	4.525935416666667	23.320546875
380	4.525702777777778	23.454215625
381	4.531816666666667	23.409278125
382	4.495548611111111	23.3649953125
383	4.529789930555555	23.294475
384	4.519303472222222	23.368484375
385	4.5279059027777775	23.2857859375
386	4.5120177083333335	23.32688125
387	4.522261805555556	23.2489859375
388	4.525844444444444	23.2805515625
389	4.516979861111111	23.398315625
390	4.510074305555555	23.313340625
391	4.4956805555555555	23.254721875
392	4.496940972222222	23.39040625
393	4.488769791666667	23.360128125
394	4.470526041666667	23.363346875
395	4.482216666666667	23.3018328125
396	4.491124305555555	23.373990625
397	4.511833680555555	23.43339375
398	4.500359722222222	23.34766875
399	4.4952427083333335	23.2946109375
400	4.48866875	23.411390625
