mass_1	mass_2	phase	time	distance	a_1	a_2	tilt_1	tilt_2	phi_12	phi_jl	theta_jn	psi	ra	dec
0.22572	0.18489	0.00473	0.01853	0.02413	0.07146	0.15383	0.02743	0.01116	0.00991	0.02101	0.05433	0.00236	0.02259	0.0169
0.15527	0.16185	0.00551	0.00813	0.01474	0.10651	0.14065	0.04128	0.02167	0.00264	0.04332	0.03424	0.00449	0.0107	0.00961
0.0556	0.05604	0.00567	0.00487	0.0105	0.0935	0.06468	0.05127	0.00946	0.00169	0.04663	0.037	0.0031	0.01419	0.00965
0.0849	0.08435	0.00402	0.00785	0.0079	0.13013	0.06191	0.0472	0.01352	0.00236	0.04271	0.03583	0.00223	0.01592	0.01013
0.06157	0.0714	0.00263	0.00638	0.00872	0.12104	0.03858	0.04972	0.00647	0.00087	0.02643	0.02341	0.00113	0.01614	0.00488
0.05788	0.05596	0.0019	0.0086	0.03215	0.08038	0.02924	0.02993	0.01193	0.00237	0.02852	0.03213	0.00136	0.01638	0.00994
0.06083	0.07455	0.00396	0.00421	0.01105	0.12104	0.02467	0.03648	0.02029	0.00158	0.0326	0.04081	0.00226	0.01235	0.00199
0.04918	0.05698	0.00292	0.00599	0.0365	0.07072	0.02297	0.02479	0.01196	0.00169	0.01923	0.02925	0.00361	0.01334	0.00808
0.05129	0.05512	0.00582	0.00714	0.00985	0.06388	0.01658	0.02464	0.01429	0.00321	0.02399	0.02186	0.0045	0.00819	0.00302
0.11535	0.09411	0.00333	0.00269	0.00948	0.10859	0.00884	0.02353	0.01486	0.00383	0.03307	0.02985	0.00365	0.01335	0.00496
0.05272	0.06467	0.00272	0.00707	0.02108	0.07184	0.01879	0.03121	0.00388	0.00312	0.02174	0.04251	0.00349	0.01381	0.01244
0.09776	0.09855	0.00472	0.00409	0.02233	0.08643	0.01074	0.02873	0.00811	0.00323	0.01545	0.02566	0.00387	0.00613	0.00449
0.03091	0.04373	0.00349	0.00593	0.00983	0.07429	0.01428	0.03042	0.00798	0.00271	0.00965	0.02673	0.00261	0.00944	0.00471
0.05607	0.04813	0.00299	0.00957	0.01456	0.0777	0.00685	0.01995	0.01139	0.00315	0.01482	0.0284	0.00227	0.01222	0.0069
0.05489	0.06484	0.00214	0.0054	0.0274	0.08012	0.00714	0.02265	0.00701	0.00407	0.01308	0.04873	0.0025	0.0112	0.00621
0.0357	0.04671	0.00604	0.01255	0.02069	0.07138	0.00639	0.0235	0.00508	0.00229	0.01461	0.06957	0.00158	0.01774	0.0128
0.04943	0.05488	0.00317	0.00781	0.01871	0.07442	0.00867	0.02564	0.00465	0.00201	0.01023	0.03191	0.00156	0.01207	0.00623
0.0614	0.07531	0.00274	0.00854	0.01698	0.11332	0.00796	0.02011	0.00785	0.00162	0.02176	0.04554	0.00204	0.01419	0.00911
0.0978	0.10594	0.00382	0.0049	0.01634	0.08396	0.00589	0.02089	0.00644	0.00087	0.02379	0.0499	0.00178	0.01407	0.00392
0.09493	0.08039	0.00313	0.00869	0.00604	0.11244	0.0055	0.02812	0.00374	0.00107	0.02111	0.03256	0.00329	0.02223	0.01113
0.1083	0.10952	0.00364	0.00804	0.01948	0.07426	0.00276	0.03071	0.00468	0.00166	0.02459	0.02722	0.00358	0.02012	0.00876
0.08634	0.08309	0.00228	0.00403	0.0313	0.08557	0.00423	0.02083	0.00342	0.00228	0.02304	0.04724	0.00345	0.01215	0.00597
0.07557	0.07228	0.00189	0.00539	0.0335	0.10827	0.00428	0.0355	0.00542	0.00172	0.01821	0.04808	0.00337	0.00683	0.00562
0.08686	0.07622	0.00178	0.00755	0.01933	0.07457	0.00585	0.02554	0.00414	0.00181	0.02554	0.0598	0.00326	0.01407	0.00605
0.06109	0.06827	0.002	0.00565	0.0146	0.05573	0.00578	0.03062	0.00615	0.00271	0.01973	0.06484	0.00222	0.01182	0.00611
0.07429	0.07118	0.00175	0.00755	0.01874	0.0555	0.00484	0.02125	0.00677	0.00102	0.01517	0.04169	0.00169	0.01139	0.01072
0.12206	0.11681	0.0018	0.01514	0.01784	0.06858	0.00478	0.02704	0.00736	0.00123	0.01442	0.0355	0.00223	0.02014	0.01178
0.08124	0.07657	0.00161	0.01072	0.01633	0.0595	0.00622	0.02661	0.00483	0.00163	0.02113	0.02797	0.00329	0.02007	0.00706
0.11869	0.13817	0.002	0.01571	inf	0.08619	0.00588	0.03157	0.00679	0.00134	0.03754	0.06342	0.00165	0.02736	0.00513
0.10617	0.10317	0.00162	0.00741	0.02528	0.06294	0.006	0.02504	0.00525	0.00115	0.01956	0.0288	0.0017	0.01331	0.00615
0.07035	0.0794	0.00162	0.01648	0.02056	0.06566	0.01072	0.02296	0.0055	0.00226	0.02506	0.04387	0.00214	0.02901	0.0084
0.05597	0.05857	0.00164	0.01377	0.02016	0.04812	0.00951	0.01714	0.0056	0.0019	0.00795	0.05266	0.00275	0.01595	0.00915
0.10828	0.11719	0.00185	0.00895	0.03503	0.06831	0.01136	0.02685	0.00482	0.00123	0.01877	0.05819	0.0005	0.02214	0.00819
0.0718	0.07272	0.00267	0.00916	0.05663	0.07657	0.00684	0.03087	0.0107	0.00043	0.01565	0.07967	0.00149	0.01638	0.00511
0.07654	0.08201	0.00348	0.00586	0.02091	0.07813	0.00373	0.03328	0.0056	0.00097	0.01484	0.03654	0.00123	0.00758	0.00324
0.0632	0.06544	0.0032	0.00904	0.01259	0.06396	0.00408	0.02259	0.00764	0.00168	0.01993	0.03514	0.00269	0.01222	0.00397
0.03894	0.05118	0.00336	0.02126	0.05404	0.06712	0.00625	0.02823	0.00772	0.00193	0.01352	0.04755	0.00133	0.02503	0.00483
0.0698	0.06626	0.00244	0.00736	0.02483	0.0823	0.00589	0.02777	0.00846	0.00204	0.0084	0.0287	0.00303	0.01467	0.00773
0.10396	0.11597	0.00294	0.00432	0.01287	0.09269	0.00331	0.03466	0.00833	0.00239	0.01422	0.03819	0.00111	0.01322	0.00568
0.04796	0.04801	0.00309	0.01267	0.04422	0.08782	0.00379	0.03074	0.01312	0.00189	0.00895	0.05485	0.00236	0.02111	0.00757
0.05379	0.06722	0.00206	0.00698	0.0155	0.06217	0.00614	0.02289	0.00701	0.00132	0.01229	0.0244	0.00144	0.00647	0.00521
0.02198	0.02677	0.00181	0.00651	0.01912	0.07675	0.00689	0.02909	0.00519	0.00184	0.00697	0.04916	0.00165	0.00718	0.00458
0.05362	0.05044	0.00265	0.01269	0.04725	0.07581	0.00582	0.02174	0.00535	0.00134	0.01006	0.05525	0.00201	0.01517	0.00542
0.04125	0.04858	0.00367	0.00559	0.0212	0.0624	0.00612	0.02187	0.00594	0.00137	0.00927	0.03354	0.00216	0.00559	0.00433
0.0581	0.05956	0.00225	0.00801	0.03529	0.06993	0.00667	0.02795	0.00343	0.00184	0.00625	0.02694	0.00193	0.01209	0.00795
0.05812	0.05341	0.00136	0.00578	0.05428	0.08736	0.00404	0.02344	0.00511	0.00161	0.00743	0.05585	0.00323	0.00924	0.00465
0.05384	0.04997	0.00262	0.00596	0.03316	0.09526	0.00428	0.03553	0.00375	0.0023	0.01031	0.03497	0.00329	0.00949	0.006
0.07759	0.08218	0.00539	0.01502	0.01715	0.08178	0.00415	0.02992	0.00228	0.00254	0.01682	0.04902	0.00199	0.02335	0.00815
0.05438	0.06687	0.00314	0.005	0.02882	0.0848	0.00472	0.03662	0.00231	0.00209	0.01957	0.04735	0.00101	0.01508	0.00698
0.05737	0.05607	0.0018	0.00496	0.03012	0.06702	0.00547	0.02122	0.00494	0.00168	0.00903	0.02983	0.00094	0.01652	0.00569
0.07119	0.07898	0.00478	0.0072	0.01947	0.06017	0.00478	0.02646	0.00314	0.00144	0.01176	0.04057	0.00533	0.01715	0.009
0.06832	0.0737	0.00283	0.00828	0.01988	0.06828	0.00765	0.02618	0.00444	0.00099	0.00644	0.03028	0.00275	0.02022	0.00955
0.04601	0.0558	0.00438	0.01222	0.02213	0.08067	0.00419	0.03509	0.00237	0.00151	0.00947	0.04007	0.00172	0.01723	0.01003
0.04071	0.04274	0.00434	0.01548	0.04164	0.04691	0.00555	0.02298	0.00312	0.00147	0.00946	0.04727	0.00106	0.0201	0.00676
0.06617	0.06447	0.00316	0.00786	0.02622	0.10153	0.00475	0.03671	0.00456	0.0009	0.00847	0.02317	0.00268	0.0221	0.00721
0.05027	0.04626	0.00329	0.00961	0.04617	0.08831	0.00733	0.02813	0.00274	0.00057	0.01789	0.04364	0.0011	0.01202	0.00446
0.03179	0.03126	0.00238	0.00537	0.01407	0.07682	0.00712	0.03097	0.00505	0.00079	0.01116	0.03265	0.00315	0.01281	0.00479
0.05063	0.05315	0.00337	0.00567	0.02823	0.07007	0.00536	0.02103	0.00416	0.00046	0.0177	0.0578	0.00365	0.01242	0.00767
0.06436	0.06165	0.00309	0.01309	0.02165	0.07183	0.00743	0.03239	0.00556	0.00075	0.01718	0.03413	0.0021	0.01659	0.006
0.04095	0.04816	0.00214	0.0058	0.01391	0.07611	0.00574	0.04351	0.00235	0.00058	0.01137	0.03441	0.00187	0.00841	0.00437
0.08468	0.08882	0.00254	0.0082	0.02907	0.09	0.01233	0.03142	0.00395	0.00053	0.02541	0.04651	0.0021	0.01292	0.00415
0.05865	0.06295	0.00376	0.00443	0.02093	0.06898	0.01017	0.03649	0.00337	0.00049	0.01227	0.05132	0.0018	0.01006	0.00339
0.05279	0.05755	0.00333	0.00487	0.01373	0.05083	0.01248	0.02926	0.00387	0.00053	0.01609	0.04941	0.00188	0.01093	0.00618
0.0642	0.06197	0.00305	0.00554	0.03748	0.07543	0.00422	0.0368	0.00209	0.00088	0.02156	0.06694	0.00309	0.01316	0.00773
0.0654	0.06435	0.00268	0.00528	0.03024	0.06553	0.00462	0.03169	0.00225	0.00044	0.01611	0.04257	0.00181	0.01519	0.00613
0.05911	0.05853	0.00485	0.00363	0.02144	0.06283	0.00571	0.02553	0.00244	0.00095	0.01131	0.03251	0.00159	0.01111	0.00454
0.07077	0.06469	0.0028	0.00821	0.01004	0.07257	0.01388	0.03102	0.00297	0.00126	0.01509	0.02506	0.00239	0.02187	0.01173
0.03181	0.02527	0.00271	0.00762	0.03338	0.06434	0.00837	0.03269	0.00174	0.00069	0.00392	0.03656	0.00176	0.01614	0.00769
0.04111	0.03886	0.00287	0.00782	0.028	0.06247	0.0144	0.03226	0.00352	0.00085	0.00691	0.03082	0.00283	0.0139	0.00277
0.02712	0.02663	0.00173	0.01045	0.03593	0.06662	0.01445	0.0332	0.00402	0.00069	0.00858	0.0356	0.00155	0.01822	0.00777
0.06246	0.06645	0.00212	0.01483	0.03195	0.08323	0.00775	0.03246	0.00791	0.00074	0.01799	0.06184	0.00078	0.02609	0.01002
0.08818	0.08198	0.00352	0.0054	0.02458	0.09437	0.01297	0.02536	0.00897	0.00143	0.01048	0.02589	0.00267	0.00716	0.00451
0.05947	0.06148	0.002	0.00841	0.0201	0.08178	0.00601	0.03942	0.00715	0.00155	0.00951	0.03016	0.00282	0.0185	0.00909
0.03746	0.03721	0.00203	0.00995	0.02584	0.06602	0.01567	0.03279	0.00421	0.00107	0.00844	0.02184	0.00135	0.00961	0.00754
0.04223	0.04267	0.00325	0.00539	0.0296	0.07299	0.00974	0.03247	0.0044	0.00109	0.01202	0.04924	0.00328	0.02068	0.01161
0.03331	0.02935	0.00247	0.00624	0.02174	0.05619	0.00678	0.02222	0.00633	0.00068	0.00569	0.04088	0.00224	0.00778	0.00706
0.03565	0.03338	0.00166	0.0114	0.01966	0.03607	0.00932	0.01992	0.00789	0.00074	0.01004	0.03259	0.002	0.01722	0.00556
0.03577	0.03315	0.00212	0.00973	0.01189	0.06095	0.00748	0.02586	0.00378	0.00058	0.00935	0.03575	0.00366	0.01526	0.00195
0.03154	0.03036	0.00242	0.00754	0.03532	0.0706	0.00452	0.03489	0.00371	0.00083	0.00984	0.03611	0.00288	0.01048	0.00329
0.02004	0.01747	0.00254	0.00516	0.02878	0.04955	0.00991	0.02618	0.00961	0.00086	0.00801	0.0293	0.00219	0.00971	0.00803
0.04607	0.04354	0.00274	0.00679	0.01879	0.06234	0.01903	0.03236	0.00695	0.00093	0.01287	0.03829	0.00347	0.0139	0.00576
0.03947	0.03531	0.00318	0.00405	0.01935	0.07028	0.00921	0.02577	0.00585	0.00076	0.00811	0.04506	0.00372	0.00615	0.00379
0.01908	0.01953	0.00203	0.01068	0.02486	0.05424	0.00742	0.02592	0.00602	0.00031	0.00469	0.03769	0.00252	0.01514	0.00299
0.02419	0.0249	0.00226	0.00743	0.01172	0.06337	0.00272	0.03575	0.00522	0.00079	0.00359	0.03349	0.00489	0.01554	0.00946
0.02309	0.02841	0.00216	0.00664	0.01672	0.04816	0.00613	0.03503	0.00287	0.00074	0.00622	0.03398	0.00273	0.00922	0.0074
0.03104	0.03136	0.00306	0.00549	0.02698	0.06418	0.00481	0.03592	0.00216	0.00087	0.00962	0.04736	0.00293	0.0111	0.00462
0.01579	0.01715	0.00188	0.00574	0.02585	0.06408	0.00578	0.02727	0.00944	0.00135	0.0078	0.04782	0.00234	0.0101	0.00538
0.04447	0.04547	0.00184	0.00599	0.03195	0.0669	0.00695	0.03129	0.00398	0.00076	0.00721	0.04155	0.00154	0.00388	0.00269
0.0481	0.0462	0.00274	0.00514	0.01728	0.0663	0.00742	0.03334	0.0056	0.00101	0.00849	0.04248	0.00221	0.00641	0.00344
0.02454	0.02731	0.00251	0.00581	0.02849	0.07289	0.01541	0.03067	0.00841	0.00113	0.00313	0.03742	0.00169	0.00803	0.00504
0.02619	0.02889	0.00256	0.00299	0.02157	0.06801	0.00626	0.03388	0.00463	0.00113	0.00251	0.03398	0.00044	0.00525	0.00313
0.06816	0.06524	0.00302	0.00557	0.00929	0.06726	0.00433	0.03425	0.00551	0.00124	0.00953	0.03458	0.0014	0.01187	0.00697
0.04367	0.04764	0.00251	0.00847	0.02946	0.08549	0.0068	0.03019	0.00872	0.0019	0.00955	0.04328	0.00435	0.01762	0.00998
0.04692	0.0467	0.00283	0.00549	0.01944	0.07973	0.00852	0.03062	0.0062	0.00088	0.01244	0.04541	0.00113	0.00995	0.00706
0.0771	0.07397	0.00393	0.0082	0.02034	0.07398	0.00447	0.03292	0.0043	0.00078	0.0137	0.04618	0.00087	0.01087	0.0084
0.06065	0.06748	0.00227	0.00212	0.01719	0.08017	0.00583	0.02736	0.00511	0.00247	0.01038	0.04272	0.00128	0.00983	0.01046
0.05403	0.04913	0.0021	0.00815	0.02215	0.09199	0.00587	0.04946	0.00271	0.00159	0.00699	0.03747	0.00046	0.01277	0.00532
0.02653	0.03047	0.00183	0.00437	0.01152	0.06918	0.01195	0.04189	0.00216	0.00167	0.00971	0.04161	0.00216	0.01201	0.00774
0.0453	0.05078	0.00141	0.00239	0.01143	0.06052	0.00636	0.03644	0.00206	0.00133	0.00656	0.03207	0.00135	0.00443	0.00293
0.03746	0.03876	0.00177	0.00504	0.02621	0.0615	0.00616	0.03191	0.00185	0.00107	0.0097	0.05794	0.00067	0.0096	0.00424
0.08165	0.0898	0.00285	0.00829	0.01996	0.07094	0.00917	0.03746	0.00244	0.00164	0.01886	0.04354	0.00177	0.01568	0.0101
0.08265	0.08613	0.00361	0.0055	0.03675	0.08536	0.00576	0.02374	0.0053	0.00137	0.01258	0.05146	0.00382	0.0119	0.00409
0.05762	0.04969	0.0025	0.00784	0.01991	0.06031	0.00661	0.02334	0.00454	0.0014	0.00581	0.04209	0.0023	0.00978	0.00585
0.01985	0.02107	0.00275	0.00292	0.0096	0.05112	0.00839	0.02341	0.00563	0.0008	0.00364	0.03806	0.00249	0.00585	0.00289
0.0466	0.05008	0.00246	0.00501	0.02505	0.06353	0.00935	0.02694	0.00281	0.00238	0.01552	0.0695	0.00341	0.01441	0.00577
0.08976	0.08658	0.0021	0.00143	0.0221	0.07875	0.01046	0.02619	0.00309	0.00144	0.00686	0.03385	0.00209	0.00404	0.00223
0.05511	0.05524	0.00197	0.00185	0.03302	0.07517	0.00777	0.0277	0.00335	0.00136	0.01228	0.05075	0.00224	0.00546	0.00386
0.05566	0.06202	0.00197	0.00896	0.01725	0.07071	0.00594	0.02709	0.00297	0.00124	0.0152	0.0445	0.00258	0.0168	0.00712
0.04993	0.05036	0.00226	0.00419	0.01878	0.07566	0.00714	0.02657	0.00373	0.00121	0.00572	0.04934	0.00337	0.00888	0.00467
0.03247	0.03799	0.00286	0.01053	0.01157	0.04128	0.00494	0.02576	0.00333	0.00099	0.00865	0.04445	0.00196	0.02133	0.01363
0.06156	0.06536	0.00168	0.00276	0.01483	0.07634	0.0122	0.0247	0.00383	0.00084	0.0079	0.0342	0.00306	0.01682	0.00841
0.03558	0.03622	0.00211	0.00782	0.01732	0.04836	0.00659	0.0205	0.00231	0.00067	0.00821	0.04144	0.00144	0.01064	0.00978
0.04223	0.0461	0.0019	0.00517	0.02753	0.06936	0.00647	0.02623	0.00299	0.00078	0.00838	0.03658	0.0017	0.00734	0.00375
0.08494	0.09031	0.00222	0.00349	0.02051	0.04487	0.0112	0.02651	0.00294	0.001	0.01416	0.02671	0.00235	0.00345	0.00413
0.05757	0.05587	0.00256	0.00302	0.00612	0.0552	0.01096	0.02696	0.0027	0.00074	0.00953	0.03958	0.00262	0.00324	0.00453
0.07228	0.07623	0.00167	0.00163	0.01576	0.07457	0.01759	0.02925	0.00274	0.00099	0.00832	0.03456	0.00147	0.00332	0.00251
0.05102	0.05236	0.00241	0.0021	0.01467	0.04927	0.01091	0.02239	0.00404	0.00184	0.00946	0.04563	0.00203	0.00386	0.00345
0.06531	0.07437	0.00195	0.00451	0.02261	0.05584	0.00517	0.02145	0.00251	0.00173	0.00815	0.04412	0.00171	0.00776	0.00419
0.05739	0.06306	0.0017	0.00557	0.02331	0.04663	0.01406	0.01918	0.00198	0.00082	0.00795	0.03591	0.00068	0.01181	0.00686
0.05653	0.05731	0.00134	0.00435	0.02095	0.06512	0.00526	0.02253	0.00231	0.00094	0.009	0.04101	0.00036	0.00857	0.00441
0.05886	0.06	0.00133	0.00253	0.02936	0.06592	0.00938	0.03064	0.00185	0.00128	0.00937	0.04569	0.00131	0.00502	0.00429
0.06302	0.0659	0.00304	0.00525	0.01764	0.07928	0.00664	0.03308	0.00219	0.00074	0.00797	0.03699	0.0039	0.00618	0.00665
0.06798	0.07538	0.00147	0.00529	0.0266	0.0642	0.01019	0.02842	0.00178	0.00103	0.00927	0.04146	0.00258	0.00687	0.00333
0.07005	0.0653	0.00252	0.001	0.02582	0.05691	0.00617	0.02297	0.00155	0.00041	0.01034	0.04455	0.00117	0.00265	0.00212
0.06223	0.06649	0.00151	0.00424	0.00788	0.05504	0.00627	0.02566	0.00136	0.00104	0.00756	0.02555	0.00206	0.00566	0.00362
0.05068	0.04864	0.00368	0.00681	0.02715	0.0521	0.00787	0.01973	0.00179	0.00065	0.01462	0.03481	0.00176	0.00761	0.00626
0.0688	0.07103	0.0027	0.01061	0.01219	0.06178	0.00684	0.02383	0.00296	0.00184	0.00858	0.02868	0.00128	0.01032	0.01007
0.04685	0.04614	0.00326	0.00552	0.01613	0.05956	0.00999	0.02061	0.00327	0.00096	0.0101	0.01936	0.00072	0.00665	0.00649
0.0498	0.04965	0.00244	0.00432	0.03281	0.06252	0.00912	0.02061	0.00273	0.0011	0.01225	0.03475	0.00207	0.00362	0.00218
0.03495	0.02912	0.00285	0.00399	0.01859	0.03506	0.01014	0.01587	0.00248	0.00081	0.0117	0.03941	0.0025	0.00676	0.00184
0.04464	0.04513	0.00297	0.00111	0.01189	0.03845	0.00582	0.02112	0.00226	0.00082	0.00615	0.03949	0.00136	0.0076	0.00358
0.05849	0.0633	0.00288	0.00374	0.01591	0.06109	0.0093	0.01821	0.00619	0.0015	0.01206	0.04835	0.00151	0.00496	0.00435
0.06713	0.08221	0.00222	0.00279	0.02089	0.05711	0.00509	0.03038	0.00364	0.00103	0.01166	0.04585	0.00121	0.00298	0.00273
0.10227	0.10746	0.00194	0.00448	0.01645	0.05987	0.00736	0.02657	0.004	0.00116	0.02253	0.03921	0.00135	0.00576	0.00297
0.07399	0.08252	0.00244	0.00516	0.01182	0.05746	0.00773	0.02717	0.00237	0.00099	0.01953	0.03184	0.00226	0.00539	0.00289
0.05524	0.055	0.00179	0.00354	0.02029	0.0416	0.00732	0.02303	0.00276	0.00108	0.01102	0.03869	0.00159	0.00605	0.00298
0.06368	0.07044	0.00225	0.00079	0.01666	0.08443	0.0109	0.03791	0.00399	0.00087	0.01695	0.0482	0.0021	0.00823	0.00517
0.05848	0.06834	0.00247	0.00178	0.01792	0.06082	0.00422	0.03074	0.00417	0.0009	0.01702	0.02927	0.00096	0.0044	0.00272
0.07562	0.07933	0.00184	0.00244	0.02729	0.06877	0.0049	0.03417	0.0024	0.00086	0.01842	0.05635	0.00164	0.0057	0.00576
0.09641	0.10366	0.00188	0.00259	0.01494	0.04822	0.0108	0.02394	0.00233	0.00091	0.01189	0.03185	0.00345	0.00559	0.00716
0.06039	0.07044	0.00205	0.00551	0.0138	0.05667	0.00576	0.02583	0.00209	0.0008	0.01332	0.038	0.00305	0.01041	0.00602
0.05735	0.05992	0.00156	0.00587	0.01735	0.06015	0.00568	0.02843	0.0013	0.00132	0.01365	0.04112	0.00287	0.00499	0.00346
0.06733	0.07284	0.00188	0.0022	0.01325	0.05596	0.00434	0.02637	0.00198	0.00104	0.01373	0.03876	0.00166	0.00688	0.00463
0.04859	0.05347	0.00187	0.00301	0.00985	0.04829	0.00607	0.02249	0.00199	0.0009	0.01149	0.03152	0.00189	0.00868	0.0067
0.06386	0.07194	0.00164	0.00171	0.01811	0.0466	0.00392	0.02528	0.0017	0.0007	0.01022	0.03041	0.00141	0.00763	0.00383
0.09031	0.09621	0.00211	0.00368	0.01647	0.07822	0.00705	0.02614	0.00185	0.00098	0.01361	0.03434	0.00167	0.00648	0.00304
0.07218	0.0807	0.00212	0.00182	0.00825	0.07011	0.00782	0.02897	0.00167	0.00067	0.00935	0.02379	0.00178	0.00493	0.00653
0.08293	0.08822	0.00146	0.0066	0.01409	0.07511	0.00776	0.03477	0.00233	0.0008	0.0119	0.03147	0.0019	0.00838	0.00603
0.05095	0.05413	0.00306	0.0014	0.01619	0.05775	0.00982	0.02523	0.00361	0.00064	0.00815	0.03249	0.00268	0.00597	0.00361
0.04096	0.04517	0.00265	0.00128	0.01784	0.06339	0.00923	0.03011	0.00176	0.00086	0.00609	0.0315	0.00095	0.00803	0.00443
0.09515	0.09863	0.00175	0.00286	0.01206	0.08163	0.00594	0.02741	0.00247	0.00157	0.0163	0.03504	0.0034	0.01209	0.00276
0.03846	0.03955	0.00159	0.00317	0.00979	0.06724	0.00636	0.0291	0.00361	0.00051	0.00794	0.02272	0.00192	0.00723	0.00669
0.03597	0.0367	0.00182	0.00112	0.01082	0.08439	0.00911	0.0344	0.00154	0.00113	0.00924	0.02584	0.00128	0.0053	0.00263
0.05785	0.05811	0.00206	0.00305	0.00781	0.08217	0.00408	0.03227	0.00153	0.00125	0.0091	0.02664	0.00298	0.00493	0.00651
0.03734	0.03479	0.0015	0.00207	0.01463	0.0573	0.00611	0.02895	0.00186	0.00108	0.00992	0.03305	0.00225	0.0087	0.00649
0.07288	0.08054	0.00153	0.00147	0.01385	0.09126	0.00505	0.03273	0.00252	0.00113	0.00727	0.01992	0.00233	0.00327	0.00322
0.02811	0.03599	0.00183	0.00185	0.01502	0.04781	0.0091	0.02604	0.00137	0.00097	0.00995	0.01999	0.00161	0.00176	0.00203
0.0509	0.06798	0.00221	0.00275	0.01412	0.07612	0.00546	0.03786	0.00117	0.00166	0.01032	0.0275	0.00141	0.00335	0.00316
0.04527	0.04811	0.00163	0.01883	0.01283	0.07726	0.00581	0.03709	0.00096	0.00104	0.01387	0.04861	0.00129	0.0207	0.01326
0.07044	0.07877	0.00279	0.00591	0.01165	0.0691	0.00429	0.03203	0.00155	0.00174	0.01948	0.03181	0.00167	0.00773	0.00553
0.05825	0.05808	0.00184	0.00409	0.01182	0.06907	0.00445	0.02243	0.00184	0.0008	0.01255	0.03481	0.00197	0.0145	0.00657
0.07138	0.08295	0.00206	0.00252	0.01734	0.08597	0.00704	0.02919	0.00318	0.0011	0.00866	0.02466	0.00172	0.00933	0.00599
0.05937	0.06519	0.00189	0.00111	0.01096	0.07752	0.00384	0.02432	0.00222	0.00117	0.01661	0.03058	0.00307	0.00516	0.00283
0.05168	0.05569	0.00189	0.00233	0.01506	0.05038	0.00836	0.02275	0.00182	0.00122	0.01534	0.02922	0.00107	0.01057	0.00505
0.0667	0.08047	0.00181	0.00255	0.01207	0.07031	0.00579	0.03102	0.00075	0.00106	0.01451	0.03373	0.00227	0.00712	0.00305
0.07722	0.08157	0.00134	0.00199	0.00777	0.07691	0.00478	0.0259	0.00198	0.00086	0.0129	0.03158	0.00134	0.00731	0.00285
0.04622	0.05154	0.00119	0.00611	0.00831	0.05951	0.00529	0.0223	0.00171	0.00108	0.01442	0.03001	0.0008	0.00694	0.00576
0.06052	0.06773	0.00184	0.00262	0.02671	0.05239	0.00748	0.01553	0.00316	0.00103	0.01244	0.02693	0.00284	0.00639	0.00478
0.06774	0.07047	0.00161	0.00453	0.01722	0.05334	0.006	0.02021	0.00191	0.00121	0.00825	0.01765	0.00074	0.00712	0.00261
0.07296	0.07607	0.0018	0.00236	0.00972	0.06572	0.00548	0.02063	0.00336	0.00067	0.00856	0.02727	0.00197	0.00659	0.00479
0.03511	0.04249	0.00211	0.00221	0.01465	0.05342	0.00503	0.02025	0.00161	0.00094	0.00812	0.02163	0.00137	0.00883	0.00511
0.07036	0.06659	0.00196	0.00573	0.0164	0.05224	0.00725	0.02269	0.00292	0.00128	0.01256	0.03278	0.00086	0.00787	0.00581
0.08016	0.08918	0.00139	0.00531	0.02608	0.07683	0.00321	0.02278	0.00219	0.00084	0.01839	0.0251	0.00057	0.00632	0.00513
0.06629	0.06609	0.00168	0.00223	0.02627	0.06759	0.00585	0.01712	0.0021	0.00091	0.011	0.0304	0.00122	0.00335	0.00298
0.07417	0.08443	0.00143	0.00282	0.01781	0.0948	0.00611	0.02757	0.00571	0.00113	0.01336	0.03077	0.00092	0.00252	0.0024
0.04289	0.04893	0.00124	0.00213	0.02263	0.07439	0.00467	0.02436	0.00361	0.00101	0.01288	0.02214	0.00041	0.00567	0.0023
0.10947	0.10469	0.00183	0.00107	0.0243	0.10951	0.00713	0.03201	0.0057	0.00106	0.0155	0.03022	0.00118	0.00289	0.00153
0.08007	0.07638	0.00159	0.003	0.01776	0.06819	0.00629	0.01811	0.00743	0.00102	0.01002	0.0321	0.00109	0.00567	0.00405
0.09215	0.09144	0.00209	0.00345	0.01971	0.07082	0.00638	0.02516	0.00913	0.0014	0.02232	0.02969	0.00103	0.00736	0.00266
0.102	0.1018	0.00142	0.00157	0.01957	0.08609	0.00675	0.02683	0.00603	0.00067	0.01368	0.02836	0.0013	0.00475	0.0029
0.09	0.10049	0.00142	0.00475	0.01432	0.07062	0.00609	0.02185	0.00406	0.00127	0.01095	0.02586	0.00159	0.00712	0.00559
0.09576	0.09559	0.00141	0.00341	0.01171	0.08011	0.00641	0.02893	0.00366	0.00105	0.00569	0.01844	0.00129	0.00548	0.00284
0.11312	0.11059	0.00174	0.00155	0.01874	0.07004	0.00569	0.01924	0.00396	0.00089	0.00723	0.01985	0.00103	0.00512	0.00327
0.08773	0.09958	0.00135	0.00458	0.0217	0.08186	0.00504	0.0284	0.00235	0.00132	0.0046	0.02264	0.00055	0.00961	0.00804
0.07629	0.08857	0.00164	0.00118	0.01924	0.0565	0.00756	0.02687	0.00353	0.00082	0.00521	0.02316	0.00097	0.00355	0.00225
0.07498	0.07475	0.00182	0.00683	0.02267	0.05808	0.00574	0.02055	0.00298	0.00054	0.00459	0.02727	0.00053	0.01127	0.00871
0.06395	0.06772	0.00135	0.00452	0.02724	0.06137	0.00546	0.02489	0.00314	0.00072	0.00486	0.02469	0.00101	0.00828	0.00539
0.07952	0.08206	0.00162	0.00259	0.01846	0.06985	0.0094	0.02406	0.00187	0.00104	0.00612	0.02171	0.00062	0.00827	0.00424
0.05932	0.06076	0.00236	0.00258	0.01526	0.06549	0.01042	0.02341	0.00199	0.00066	0.00446	0.02479	0.00197	0.00699	0.00318
0.07676	0.07941	0.00133	0.00211	0.02087	0.07872	0.00737	0.02788	0.00221	0.0008	0.00638	0.02363	0.00062	0.00656	0.00319
0.06314	0.07712	0.00195	0.00094	0.01528	0.05417	0.00742	0.02266	0.00185	0.00078	0.003	0.02657	0.00136	0.00329	0.00295
0.0557	0.06575	0.00165	0.00127	0.01796	0.06666	0.00909	0.02819	0.00169	0.00086	0.00233	0.02012	0.00137	0.00194	0.00128
0.06534	0.08255	0.00214	0.00155	0.02002	0.06041	0.01461	0.02144	0.00189	0.0014	0.00385	0.02183	0.00118	0.0041	0.00194
0.0745	0.09166	0.00219	0.00349	0.01984	0.06316	0.00648	0.025	0.00261	0.00079	0.00418	0.01793	0.00083	0.00607	0.0045
0.08268	0.08983	0.00278	0.00265	0.02132	0.07868	0.0078	0.0259	0.00179	0.00094	0.00275	0.02746	0.00096	0.00591	0.00269
0.0767	0.08876	0.00195	0.00208	0.01949	0.055	0.00848	0.01989	0.00315	0.00134	0.00322	0.01882	0.00181	0.00372	0.00154
0.05585	0.06344	0.00154	0.00171	0.0175	0.05957	0.00576	0.02303	0.00265	0.00082	0.00289	0.02306	0.00154	0.00462	0.0015
0.0718	0.08574	0.00194	0.00617	0.01453	0.0631	0.00568	0.02216	0.00129	0.00077	0.00427	0.02066	0.00135	0.01193	0.00746
0.0536	0.05663	0.00224	0.00182	0.01672	0.0505	0.00652	0.0182	0.00218	0.00087	0.00302	0.0239	0.00088	0.00544	0.00107
0.08349	inf	0.0026	0.00056	0.02142	0.09027	0.00821	0.02555	0.00272	0.00099	0.00356	0.0231	0.00184	0.00374	0.00203
0.05438	0.06586	0.00217	0.00155	0.01296	0.06252	0.00429	0.01992	0.00146	0.0007	0.0018	0.01884	0.00186	0.00617	0.00295
0.08067	0.0816	0.00166	0.00066	0.01543	0.05855	0.00401	0.01731	0.00199	0.0007	0.00597	0.01961	0.00073	0.00381	0.00245
0.07756	0.07426	0.00152	0.00323	0.0158	0.07523	0.00523	0.01775	0.0027	0.00072	0.00427	0.0276	0.00149	0.01097	0.00444
0.08041	0.08974	0.00233	0.00166	0.02285	0.07527	0.00607	0.02098	0.00337	0.00086	0.00238	0.02726	0.00257	0.00512	0.00227
0.08285	0.07867	0.00178	0.0059	0.01859	0.0746	0.00456	0.02049	0.00284	0.00099	0.00419	0.02081	0.0021	0.012	0.00553
0.0714	0.07764	0.00244	0.00491	0.01709	0.07347	0.00671	0.0163	0.00172	0.00096	0.00385	0.02135	0.00108	0.00755	0.0049
0.0832	0.08602	0.00177	0.00226	0.02211	0.06484	0.00448	0.0179	0.00307	0.0006	0.00277	0.02733	0.00073	0.00298	0.00117
0.08149	0.08913	0.00184	0.00318	0.01636	0.06569	0.00514	0.02373	0.00266	0.00102	0.00271	0.02938	0.00064	0.00589	0.00231
0.07265	0.06782	0.002	0.00107	0.0173	0.06487	0.00701	0.01834	0.00446	0.00081	0.0038	0.02556	0.00139	0.00213	0.00109
0.06318	0.06983	0.00296	0.00207	0.01326	0.08134	0.00649	0.02463	0.00195	0.00069	0.00494	0.02393	0.00087	0.00622	0.00227
0.08569	0.0871	0.00209	0.00656	0.01682	0.06856	0.00539	0.01673	0.00472	0.00077	0.0045	0.02662	0.00035	0.01022	0.00528
0.06777	0.07692	0.00134	0.00847	0.01766	0.05792	0.00455	0.0192	0.00251	0.00093	0.00228	0.01939	0.00112	0.00926	0.00574
0.07482	0.07587	0.00173	0.00221	0.01874	0.05282	0.0065	0.01821	0.00245	0.00063	0.00503	0.03025	0.00082	0.00487	0.00349
0.08295	0.09345	0.00141	0.00242	0.0202	0.0741	0.00482	0.02547	0.00273	0.00078	0.00609	0.02366	0.00107	0.00628	0.0025
0.09675	0.10451	0.00148	0.00259	0.02669	0.08679	0.00536	0.02573	0.00174	0.00126	0.00469	0.0364	0.0012	0.0048	0.00232
0.11349	0.11154	0.00184	0.00162	0.01957	0.11294	0.00651	0.03007	0.00255	0.00115	0.00597	0.02834	0.00074	0.00325	0.00301
0.06194	0.07286	0.00195	0.00332	0.01967	0.09038	0.00595	0.03115	0.00162	0.00144	0.00349	0.04034	0.00091	0.00594	0.00384
0.06205	0.06866	0.00236	0.00091	0.03106	0.09423	0.01011	0.03062	0.00177	0.00131	0.00305	0.03277	0.00174	0.00282	0.0032
0.07488	0.08783	0.00217	0.00133	0.02189	0.08017	0.00532	0.02451	0.00264	0.00193	0.00577	0.02145	0.00076	0.00157	0.00215
0.06781	0.07915	0.00207	0.00126	0.01675	0.078	0.0062	0.02835	0.00192	0.0009	0.0035	0.02074	0.00085	0.00238	0.00191
0.08581	0.09361	0.00272	0.00394	0.02029	0.07241	0.00636	0.02727	0.00185	0.00117	0.00522	0.02952	0.00134	0.0057	0.00222
0.0537	0.06436	0.00252	0.00188	0.02347	0.07039	0.00867	0.02624	0.00181	0.001	0.00432	0.03525	0.00124	0.00402	0.00211
0.05274	0.04998	0.00215	0.0039	0.02668	0.07178	0.00864	0.02315	0.00174	0.00077	0.00258	0.03249	0.00135	0.00469	0.00252
0.06981	0.08375	0.00309	0.00457	0.0226	0.0779	0.00472	0.02408	0.00235	0.00157	0.00383	0.02336	0.00165	0.00437	0.0035
0.08407	0.08123	0.00185	0.00289	0.01924	0.06807	0.00581	0.01686	0.00182	0.00116	0.00366	0.01625	0.001	0.00525	0.00383
0.10071	0.10891	0.00245	0.00215	0.0248	0.09019	0.00635	0.02242	0.00166	0.00144	0.00348	0.02292	0.00084	0.00557	0.00517
0.0739	0.08777	0.00208	0.00253	0.02169	0.07762	0.00662	0.02102	0.00142	0.00151	0.00312	0.02073	0.00058	0.00447	0.00275
0.05626	0.06133	0.00205	0.00151	0.02401	0.06956	0.00602	0.01969	0.00103	0.00121	0.00323	0.02797	0.0009	0.00354	0.00166
0.07627	0.09304	0.00216	0.0043	0.02173	0.08515	0.00545	0.02385	0.00233	0.00131	0.002	0.0216	0.0013	0.00429	0.00262
0.07346	0.07949	0.00165	0.00334	0.02013	0.07089	0.00482	0.01828	0.00159	0.00135	0.00325	0.01777	0.00082	0.00665	0.00322
0.07443	0.08572	0.0019	0.00457	0.02146	0.09303	0.00456	0.02368	0.00138	0.00173	0.00436	0.02216	0.00119	0.00676	0.00412
0.04632	0.05362	0.00167	0.00249	0.02264	0.08094	0.00501	0.02856	0.00138	0.0013	0.00165	0.02477	0.00061	0.00485	0.00216
0.05083	0.0594	0.00196	0.00254	0.01977	0.05936	0.0041	0.01938	0.00149	0.00116	0.00221	0.01624	0.00163	0.00425	0.00182
0.06865	0.07118	0.00157	0.00482	0.02567	0.08377	0.00339	0.02409	0.00178	0.00136	0.00389	0.0203	0.00138	0.00722	0.00313
0.08496	0.08509	0.0016	0.00301	0.02682	0.07726	0.00451	0.02081	0.00147	0.00146	0.00445	0.02333	0.0021	0.00643	0.00292
0.09721	0.09982	0.00164	0.00333	0.02071	0.09579	0.00602	0.02707	0.00146	0.00123	0.00587	0.02839	0.00102	0.00688	0.00303
0.08319	0.08204	0.00157	0.00536	0.0197	0.07695	0.00443	0.02003	0.00152	0.00152	0.00599	0.02296	0.00096	0.00745	0.00562
0.08616	inf	0.00204	0.0028	0.02985	0.08218	0.00511	0.02173	0.00142	0.00156	0.00577	0.02427	0.00076	0.00566	0.00338
0.05171	0.05668	0.00148	0.00273	0.02738	0.06697	0.005	0.02528	0.00096	0.0014	0.00301	0.03111	0.00056	0.00364	0.00302
0.06126	0.06051	0.00172	0.00124	0.02206	0.08228	0.00382	0.02743	0.00136	0.00172	0.00336	0.02289	0.00165	0.00262	0.00116
0.08328	0.08346	0.00149	0.00312	0.01671	0.08117	0.00419	0.02233	0.00144	0.00159	0.00437	0.02422	0.00153	0.00661	0.00527
0.06768	0.07354	0.00165	0.00502	0.01994	0.07221	0.00676	0.01984	0.00141	0.00165	0.0046	0.02325	0.00113	0.00595	0.00247
0.07891	0.07939	0.00163	0.00304	0.01791	0.0772	0.00722	0.01984	0.00315	0.00183	0.00717	0.02182	0.0005	0.00272	0.00184
0.06386	0.07021	0.00186	0.00437	0.0228	0.07709	0.00677	0.0226	0.00249	0.0015	0.00435	0.02912	0.00084	0.00511	0.0027
0.05917	0.05454	0.00126	0.00592	0.02594	0.07746	0.0069	0.0298	0.00246	0.00161	0.00434	0.03537	0.00089	0.0062	0.00405
0.07249	0.07279	0.00183	0.00634	0.02633	0.08109	0.00497	0.02437	0.00404	0.00158	0.00486	0.02731	0.00068	0.00486	0.00438
0.06237	0.06114	0.00207	0.00647	0.01754	0.08614	0.00481	0.02789	0.00402	0.0021	0.00394	0.02751	0.00145	0.008	0.00523
0.07947	0.08283	0.00133	0.00146	0.0224	0.08458	0.00439	0.02386	0.00521	0.00214	0.00459	0.02551	0.00123	0.00178	0.00134
0.08034	0.09057	0.00195	0.00137	0.0196	0.08714	0.00692	0.0208	0.00366	0.00156	0.00417	0.02475	0.00241	0.00405	0.00355
0.08636	0.08762	0.00177	0.00232	0.02165	0.09046	0.00819	0.02702	0.00579	0.00203	0.00477	0.0239	0.00117	0.00398	0.00158
0.07363	0.07496	0.00189	0.00574	0.02126	0.08227	0.01081	0.02195	0.00611	0.00157	0.00472	0.0307	0.00107	0.00675	0.00593
0.0955	0.0934	0.00211	0.00825	0.02901	0.08184	0.0071	0.02403	0.00617	0.00176	0.00477	0.03317	0.00084	0.00884	0.00683
0.06563	0.07518	0.00189	0.00307	0.02059	0.05439	0.00618	0.02243	0.00497	0.00138	0.00341	0.02861	0.00173	0.00474	0.00216
0.06806	0.07434	0.00174	0.00402	0.01616	0.05342	0.00651	0.01729	0.0058	0.00158	0.00383	0.03347	0.00148	0.00433	0.00387
0.08556	0.09157	0.00225	0.00455	0.02192	0.07505	0.00737	0.02222	0.0045	0.00185	0.00586	0.04131	0.00059	0.0077	0.0058
0.06914	0.07644	0.00224	0.00391	0.0201	0.0718	0.00859	0.02225	0.00473	0.00151	0.00488	0.03222	0.00036	0.0052	0.00467
0.06905	0.06503	0.00234	0.00422	0.01781	0.06801	0.00856	0.02263	0.00296	0.00168	0.00562	0.03472	0.00096	0.00514	0.00347
0.0833	0.08202	0.00257	0.00726	0.02383	0.07475	0.00589	0.02666	0.00247	0.00155	0.00598	0.03492	0.00233	0.00716	0.00441
0.08101	0.08084	0.00209	0.00331	0.0261	0.0689	0.00768	0.02256	0.00288	0.00209	0.0054	0.03613	0.00127	0.0049	0.00409
0.0716	0.07706	0.00278	0.00398	0.01847	0.07708	0.00937	0.02669	0.00199	0.00111	0.00517	0.0332	0.00128	0.00576	0.00335
0.08161	0.08259	0.00236	0.00624	0.018	0.09092	0.00718	0.03028	0.00279	0.00163	0.00545	0.03317	0.00162	0.00556	0.00512
0.08565	0.09407	0.00285	0.00322	0.01479	0.07652	0.0095	0.0267	0.00285	0.00145	0.00596	0.03209	0.00097	0.00392	0.00259
0.08441	0.08324	0.0023	0.00403	0.02009	0.06961	0.00764	0.01986	0.00227	0.0014	0.00579	0.03342	0.00177	0.00402	0.00281
0.06256	0.06799	0.00225	0.00557	0.01837	0.06473	0.00917	0.02299	0.00189	0.00131	0.00436	0.03085	0.00164	0.00486	0.00412
0.06234	0.06614	0.00181	0.00259	0.01826	0.05741	0.0095	0.01887	0.00205	0.00109	0.00518	0.03399	0.00206	0.00176	0.00196
0.07848	0.07047	0.00187	0.00573	0.01909	0.07327	0.01047	0.02162	0.00221	0.00135	0.00448	0.03306	0.00211	0.00713	0.00566
0.07161	0.07353	0.00214	0.00356	0.01766	0.06244	0.01268	0.01828	0.00279	0.00121	0.00451	0.02946	0.00167	0.00546	0.00224
0.05327	0.0544	0.00228	0.00419	0.01667	0.06984	0.01225	0.02458	0.0018	0.00123	0.0032	0.03333	0.00097	0.00523	0.00371
0.06814	0.0623	0.00261	0.00382	0.01487	0.07895	0.01016	0.02577	0.00288	0.0013	0.00362	0.02526	0.00053	0.00747	0.00378
0.08236	0.08811	0.00278	0.00363	0.01508	0.07603	0.01092	0.02431	0.00225	0.00107	0.00478	0.0263	0.00101	0.00436	0.00264
0.06734	0.06945	0.00274	0.00512	0.01605	0.08413	0.01079	0.0262	0.00329	0.00137	0.0039	0.02917	0.00113	0.00682	0.00395
0.06672	0.06684	0.00246	0.00361	0.01828	0.05646	0.00955	0.01835	0.00348	0.00119	0.00369	0.02583	0.00122	0.00438	0.00237
0.0802	0.086	0.00295	0.00324	0.01953	0.08392	0.00862	0.02574	0.0035	0.00136	0.0037	0.03487	0.001	0.00615	0.00264
0.07966	0.07285	0.00274	0.00452	0.01641	0.06803	0.01079	0.02292	0.00437	0.00144	0.00393	0.02811	0.00028	0.00731	0.00359
0.07133	0.06871	0.00279	0.00274	0.01402	0.07588	0.00771	0.02312	0.00325	0.00105	0.00261	0.02867	0.00036	0.00499	0.00185
0.0638	0.06519	0.00215	0.00452	0.01867	0.07769	0.00865	0.02701	0.00267	0.00113	0.003	0.02542	0.00103	0.00758	0.00308
0.06784	0.07085	0.0029	0.00432	0.01394	0.07432	0.00827	0.02746	0.00295	0.00115	0.00328	0.02737	0.001	0.00569	0.00287
0.04815	0.04041	0.00211	0.00528	0.01468	0.0697	0.00703	0.02732	0.00269	0.00131	0.00242	0.02757	0.00061	0.00658	0.00446
0.06167	0.05491	0.00274	0.00277	0.02146	0.06799	0.00782	0.02239	0.00337	0.00092	0.00347	0.03398	0.00098	0.00354	0.00144
0.04985	0.05439	0.00308	0.00835	0.01492	0.06539	0.00693	0.02057	0.00492	0.00109	0.0033	0.0262	0.0006	0.00748	0.00602
0.05587	0.05809	0.00218	0.00678	0.01442	0.06847	0.00921	0.02081	0.00433	0.00121	0.00333	0.02648	0.00215	0.00926	0.00682
0.06789	0.06827	0.00242	0.00546	0.01789	0.07015	0.00705	0.02433	0.00361	0.00142	0.00341	0.02523	0.00126	0.00831	0.0041
0.0568	0.05024	0.0025	0.00646	0.01548	0.06534	0.00918	0.02753	0.00224	0.00093	0.00287	0.02494	0.0011	0.00913	0.00438
0.0538	0.05315	0.00261	0.00373	0.01714	0.07122	0.00905	0.02987	0.00364	0.00112	0.00377	0.03679	0.00098	0.00862	0.0023
0.0639	0.06879	0.00229	0.00507	0.01623	0.0724	0.01136	0.02462	0.00474	0.00119	0.0042	0.03548	0.00124	0.00526	0.00284
0.06178	0.06766	0.00242	0.006	0.01502	0.06484	0.01216	0.02129	0.00467	0.00119	0.00469	0.02803	0.00147	0.00809	0.00413
0.07883	0.08553	0.00259	0.00366	0.01231	0.07034	0.00981	0.02386	0.00519	0.00125	0.00487	0.02828	0.00108	0.00414	0.00206
0.06197	0.0569	0.00299	0.0036	0.0195	0.06909	0.01311	0.02335	0.00467	0.00117	0.00409	0.03138	0.00149	0.00484	0.00291
0.06304	0.06397	0.00242	0.00217	0.02016	0.07422	0.01299	0.02616	0.00394	0.00132	0.00443	0.03132	0.00067	0.00395	0.00201
0.05789	0.06341	0.00201	0.00482	0.01904	0.06444	0.01207	0.02635	0.00419	0.00107	0.00261	0.03036	0.00101	0.00501	0.0036
0.06204	0.05694	0.00235	0.00284	0.01681	0.06701	0.0157	0.02508	0.00493	0.00099	0.00368	0.02932	0.00134	0.00464	0.00246
0.06764	0.06312	0.00253	0.00392	0.0175	0.07741	0.01402	0.02522	0.00611	0.00155	0.00373	0.0315	0.00172	0.00543	0.00269
0.07708	0.07871	0.00263	0.00371	0.0178	0.06401	0.01328	0.02387	0.00664	0.00149	0.00344	0.03158	0.00108	0.0052	0.0016
0.07281	0.07369	0.00246	0.00482	0.01694	0.07177	0.01511	0.02365	0.00614	0.00116	0.00327	0.02966	0.00119	0.0074	0.00403
0.07157	0.0725	0.00254	0.00296	0.02098	0.06635	0.01234	0.02176	0.0075	0.00139	0.00345	0.03593	0.00105	0.00492	0.00299
0.07506	0.07519	0.00245	0.00332	0.0221	0.06574	0.01429	0.02227	0.00761	0.00112	0.00375	0.03744	0.00162	0.00507	0.00291
0.0726	0.06844	0.00256	0.00381	0.01906	0.07275	0.0139	0.02366	0.00676	0.00133	0.0037	0.03285	0.00101	0.00594	0.00405
0.07723	0.07362	0.00246	0.00378	0.01882	0.067	0.01092	0.02454	0.00608	0.00103	0.00355	0.03574	0.00151	0.00683	0.00422
0.06419	0.06307	0.0018	0.00406	0.02038	0.06753	0.01181	0.02615	0.00479	0.0012	0.00341	0.03773	0.00178	0.00545	0.00299
0.08365	0.08321	0.00206	0.0043	0.01784	0.07681	0.01172	0.02655	0.00517	0.00114	0.00522	0.03383	0.00102	0.00818	0.00338
0.08209	inf	0.00214	0.00441	0.01751	0.07387	0.01127	0.0247	0.00511	0.00125	0.00508	0.0294	0.0013	0.00681	0.00477
0.07161	0.07332	0.0025	0.00266	0.01761	0.06927	0.01488	0.02806	0.00484	0.00118	0.00403	0.03201	0.00117	0.00578	0.00334
0.0725	0.07676	0.00218	0.00371	0.01918	0.06338	0.01451	0.02324	0.0034	0.00115	0.00471	0.03198	0.00105	0.00578	0.0042
0.08221	0.07572	0.00252	0.00334	0.01873	0.06579	0.01351	0.02498	0.00562	0.00121	0.00547	0.03536	0.0012	0.00599	0.00465
0.08179	0.07724	0.00193	0.00402	0.02224	0.06191	0.01398	0.02353	0.00495	0.00128	0.00494	0.03536	0.00092	0.00555	0.0043
0.08463	0.08746	0.00209	0.00493	0.01923	0.07557	0.01198	0.02581	0.00458	0.00109	0.00474	0.03149	0.00045	0.00735	0.00434
0.08437	0.08671	0.00216	0.00538	0.01998	0.07002	0.01307	0.0223	0.00499	0.00115	0.00417	0.03021	0.00097	0.00634	0.00469
0.07825	0.07143	0.00167	0.00519	0.01751	0.07917	0.01377	0.0259	0.0048	0.00106	0.00462	0.03589	0.0011	0.00877	0.00615
0.08024	0.0795	0.00187	0.0044	0.01989	0.07726	0.01116	0.02466	0.00436	0.00095	0.0051	0.03645	0.00109	0.00796	0.00376
0.09011	0.09308	0.00228	0.00316	0.01886	0.07951	0.01129	0.02209	0.00456	0.00105	0.00518	0.03341	0.00128	0.00664	0.00292
0.08963	0.09645	0.00215	0.0034	0.01969	0.0805	0.01159	0.02393	0.00498	0.00107	0.00556	0.03289	0.00119	0.00765	0.00454
0.07883	0.08725	0.00202	0.00238	0.0171	0.07643	0.01217	0.02336	0.00479	0.00095	0.00481	0.02946	0.00078	0.00686	0.00326
0.09546	0.10226	0.00198	0.0029	0.01386	0.08594	0.00929	0.02485	0.00531	0.00128	0.00579	0.02827	0.00072	0.00659	0.00259
0.10115	0.11034	0.00166	0.00407	0.01661	0.08436	0.00813	0.02334	0.0049	0.00132	0.00528	0.02893	0.00089	0.0086	0.00485
0.08466	0.08736	0.00218	0.00383	0.01728	0.08383	0.00983	0.02552	0.00335	0.00115	0.00487	0.03007	0.0007	0.00873	0.00413
0.08059	0.08198	0.00228	0.00532	0.0168	0.0808	0.00886	0.02317	0.00303	0.0008	0.00528	0.02957	0.00062	0.01054	0.00457
0.10184	0.09754	0.00226	0.00341	0.01668	0.08659	0.00943	0.02328	0.00482	0.00108	0.00508	0.03055	0.00099	0.00755	0.00351
0.08599	0.09496	0.00187	0.00565	0.01918	0.08605	0.00913	0.02469	0.00415	0.00135	0.00421	0.03093	0.00069	0.0098	0.00415
0.08279	0.0785	0.00211	0.00498	0.01963	0.08111	0.00718	0.02328	0.00272	0.00088	0.00453	0.0283	0.00091	0.00767	0.00484
0.08589	0.09085	0.00199	0.00581	0.01681	0.08825	0.00725	0.02547	0.00424	0.00097	0.0048	0.02742	0.00053	0.01083	0.00543
0.08423	0.09379	0.00184	0.00494	0.01815	0.08687	0.00619	0.02492	0.00312	0.00129	0.00415	0.02867	0.0005	0.00838	0.00434
0.08257	0.07645	0.00223	0.00501	0.01819	0.08216	0.00667	0.02395	0.00355	0.00104	0.00392	0.02682	0.00067	0.00804	0.00391
0.0904	0.10179	0.00186	0.00441	0.01921	0.08425	0.00758	0.02422	0.00318	0.00113	0.00406	0.02868	0.00052	0.00859	0.00481
0.09142	0.10019	0.00222	0.0038	0.02126	0.08084	0.00831	0.0247	0.00302	0.001	0.00402	0.03058	0.00056	0.00937	0.00351
0.08396	0.08564	0.00208	0.0038	0.02001	0.07913	0.00905	0.02322	0.0031	0.0011	0.00377	0.02721	0.00084	0.00821	0.00365
0.08037	0.08158	0.00229	0.00351	0.01968	0.0791	0.01039	0.02556	0.00274	0.00117	0.00386	0.02769	0.00076	0.00677	0.00293
0.08688	0.09127	0.00204	0.00395	0.01756	0.07395	0.00916	0.02405	0.00327	0.00091	0.0041	0.02892	0.00096	0.00827	0.00357
0.07428	0.0714	0.00221	0.00495	0.02046	0.07292	0.00773	0.02565	0.00207	0.00098	0.00326	0.02599	0.00073	0.00892	0.00471
0.08525	0.08689	0.0024	0.00575	0.02425	0.07795	0.00948	0.02522	0.00323	0.00112	0.00397	0.02998	0.00101	0.00888	0.00474
0.07763	0.08503	0.00197	0.00446	0.01961	0.07268	0.00945	0.02307	0.00271	0.001	0.00357	0.02871	0.0006	0.00774	0.00449
0.0761	0.07986	0.00221	0.00378	0.01781	0.07566	0.00984	0.02576	0.00298	0.00113	0.0035	0.03051	0.00076	0.00786	0.00392
0.07538	0.0838	0.00198	0.00468	0.0199	0.07467	0.01229	0.02488	0.00305	0.00117	0.00317	0.03004	0.00072	0.0076	0.00421
0.08036	0.08593	0.00195	0.00508	0.02163	0.08105	0.00927	0.02721	0.00285	0.00118	0.0037	0.02868	0.00105	0.00863	0.0041
0.08038	0.08104	0.00195	0.0037	0.02012	0.07095	0.00932	0.0234	0.00296	0.00109	0.00324	0.0308	0.00083	0.00654	0.00397
0.07773	0.08112	0.00254	0.00373	0.01654	0.07053	0.00938	0.02471	0.00287	0.00111	0.00323	0.02856	0.00095	0.00666	0.00447
0.07434	0.0835	0.00246	0.00408	0.01791	0.06995	0.01117	0.02581	0.00292	0.001	0.00324	0.02821	0.00087	0.00659	0.00478
0.06877	0.06938	0.00216	0.00478	0.01905	0.07059	0.01063	0.02474	0.00309	0.00116	0.00317	0.02774	0.00059	0.00799	0.00424
0.06761	0.07754	0.00257	0.00392	0.01794	0.07232	0.01211	0.02543	0.003	0.00097	0.00353	0.02918	0.00053	0.00714	0.00354
0.06796	0.06398	0.00212	0.00479	0.01863	0.07236	0.01102	0.02562	0.00221	0.00114	0.00366	0.02995	0.00064	0.0078	0.00339
0.07676	0.08516	0.00251	0.00366	0.01971	0.07543	0.01129	0.02416	0.00384	0.00124	0.00395	0.02849	0.00104	0.0064	0.00297
0.08645	0.09362	0.00283	0.00355	0.01984	0.07742	0.00902	0.02598	0.00313	0.00111	0.00325	0.02796	0.00086	0.00601	0.0032
0.07784	0.08427	0.00222	0.00325	0.01948	0.07203	0.01127	0.02465	0.00321	0.00119	0.0036	0.02814	0.00066	0.00541	0.00281
0.07771	0.08305	0.00217	0.00361	0.01848	0.07051	0.01203	0.02335	0.00363	0.00123	0.00343	0.02836	0.00056	0.00547	0.00284
0.07981	0.08583	0.00252	0.00354	0.02047	0.07078	0.01049	0.02385	0.0037	0.00109	0.00312	0.02691	0.00092	0.00507	0.00252
0.07965	0.08705	0.00258	0.00264	0.01958	0.07403	0.01148	0.02497	0.00358	0.00143	0.00446	0.02761	0.00057	0.00488	0.0021
0.07284	0.08125	0.00257	0.00416	0.01839	0.07342	0.01237	0.02414	0.00408	0.00132	0.00454	0.02769	0.00062	0.00647	0.00351
0.07765	0.08078	0.00243	0.00438	0.0187	0.07396	0.01039	0.02498	0.00333	0.00137	0.00404	0.02616	0.00055	0.00682	0.00416
0.08216	0.08647	0.00215	0.00345	0.01721	0.07634	0.0115	0.02523	0.00398	0.00109	0.00377	0.02613	0.00065	0.00592	0.00309
0.07026	0.06944	0.00234	0.00305	0.01762	0.06941	0.00988	0.02405	0.00326	0.00126	0.00399	0.02879	0.0009	0.00549	0.00246
0.07321	0.07254	0.0026	0.00446	0.01849	0.07408	0.01063	0.02513	0.00362	0.00112	0.00436	0.02617	0.00076	0.00584	0.0034
0.07404	0.07482	0.00206	0.00367	0.01885	0.07782	0.01025	0.02569	0.00391	0.00111	0.00448	0.02771	0.00061	0.00619	0.00292
0.07137	0.07288	0.00217	0.00428	0.01791	0.07091	0.01003	0.02554	0.00371	0.00126	0.00412	0.02626	0.00063	0.00545	0.00366
0.06763	0.07299	0.0026	0.00414	0.01953	0.074	0.01025	0.02546	0.00341	0.00127	0.00358	0.0291	0.00078	0.00565	0.00336
0.07503	0.0704	0.00238	0.00398	0.01825	0.0676	0.01377	0.02209	0.0043	0.00095	0.00457	0.02874	0.00083	0.0059	0.00433
0.07649	0.08024	0.00216	0.00421	0.02159	0.07261	0.01392	0.02357	0.00448	0.00127	0.00507	0.03002	0.00085	0.00607	0.0036
0.07889	0.08168	0.00222	0.00389	0.0193	0.0727	0.01115	0.0245	0.00381	0.00129	0.0043	0.02851	0.00062	0.00502	0.00288
0.07077	0.0796	0.00234	0.00516	0.01849	0.06579	0.01105	0.02145	0.00378	0.00114	0.00433	0.02782	0.00065	0.00674	0.00438
0.07077	0.07719	0.00254	0.00448	0.01781	0.06818	0.00965	0.02378	0.00329	0.00133	0.00441	0.03004	0.00062	0.00649	0.00416
0.07352	0.0778	0.00249	0.00381	0.01934	0.06852	0.01235	0.02213	0.00345	0.00128	0.00456	0.02869	0.00067	0.00576	0.00288
0.06791	0.06503	0.00233	0.00331	0.02085	0.0676	0.01	0.02304	0.00334	0.0013	0.00447	0.03003	0.00074	0.00591	0.00287
0.06681	0.06551	0.002	0.00285	0.02087	0.06949	0.01072	0.02379	0.00337	0.00094	0.00455	0.03079	0.00091	0.00452	0.00232
0.0621	0.07145	0.002	0.00388	0.02026	0.06635	0.0104	0.02337	0.00319	0.00124	0.00414	0.02951	0.00063	0.00643	0.0026
0.07063	0.0718	0.0023	0.00423	0.02015	0.06699	0.01118	0.02162	0.00344	0.00108	0.00444	0.02929	0.00052	0.00681	0.00337
0.0701	0.06856	0.00258	0.00433	0.01997	0.0665	0.01118	0.02338	0.00333	0.00129	0.00467	0.02925	0.00064	0.00604	0.00343
0.06976	0.07255	0.00262	0.00272	0.02046	0.06781	0.01071	0.02258	0.00347	0.00108	0.00456	0.02904	0.00076	0.00528	0.00236
0.07212	0.06994	0.00214	0.00334	0.01921	0.06921	0.00862	0.02389	0.00299	0.00104	0.00472	0.0287	0.00079	0.00573	0.00316
0.07162	0.07509	0.00196	0.00343	0.01942	0.06791	0.00923	0.02306	0.00328	0.00102	0.00439	0.02843	0.0008	0.00581	0.00346
0.06737	0.06941	0.00236	0.00432	0.0202	0.06899	0.00832	0.02278	0.00344	0.00098	0.00384	0.02849	0.00085	0.00575	0.00362
0.0705	0.07183	0.00253	0.00425	0.02046	0.06927	0.00866	0.02363	0.00349	0.00101	0.00414	0.02845	0.00078	0.00649	0.00327
0.0684	0.07159	0.00238	0.00374	0.02022	0.07234	0.00937	0.02431	0.00289	0.00123	0.00432	0.0292	0.00079	0.00524	0.00308
0.06825	0.06413	0.00224	0.00286	0.01895	0.07219	0.00775	0.02441	0.00298	0.00099	0.00431	0.02981	0.00079	0.00482	0.0023
0.06943	0.07667	0.00244	0.00311	0.02032	0.07355	0.00939	0.02453	0.00292	0.00102	0.00438	0.02895	0.00083	0.0046	0.00227
0.06762	0.07018	0.00216	0.004	0.01951	0.07452	0.00813	0.02354	0.00307	0.00114	0.00415	0.02733	0.00093	0.00602	0.0036
0.06927	0.06679	0.00248	0.00345	0.01964	0.07317	0.00836	0.02511	0.0035	0.00107	0.0048	0.02812	0.00089	0.00563	0.00284
0.07088	0.07478	0.00234	0.00376	0.01904	0.07624	0.00934	0.02572	0.00318	0.00108	0.00462	0.02882	0.00066	0.00595	0.00271
0.0727	0.07834	0.00218	0.00342	0.01926	0.076	0.00879	0.02417	0.00333	0.00097	0.00417	0.02822	0.00094	0.00569	0.00294
0.07338	0.07295	0.00233	0.00288	0.01918	0.07436	0.00822	0.02473	0.00313	0.00119	0.00449	0.02846	0.00091	0.00472	0.00206
0.07193	0.07467	0.00232	0.0033	0.01882	0.07086	0.00896	0.02379	0.00338	0.00111	0.00417	0.02787	0.00085	0.00504	0.00277
0.0731	0.07086	0.00226	0.00336	0.01798	0.07046	0.00837	0.0247	0.00314	0.00098	0.00476	0.02799	0.00082	0.00578	0.0031
0.07035	0.07936	0.00221	0.00348	0.01786	0.07029	0.00895	0.02351	0.0032	0.00108	0.00386	0.02684	0.00075	0.00544	0.00255
0.07033	0.07548	0.00221	0.00313	0.01808	0.07442	0.00673	0.02587	0.0026	0.00111	0.00426	0.02813	0.00083	0.00501	0.00261
0.07037	0.07065	0.00241	0.00405	0.01889	0.07341	0.00804	0.02509	0.00298	0.0011	0.00423	0.02877	0.00073	0.00639	0.00298
0.07157	0.07476	0.00233	0.00338	0.01814	0.06971	0.00832	0.02374	0.00266	0.00104	0.00367	0.02846	0.00077	0.00601	0.00286
0.07102	0.07256	0.00215	0.00317	0.01736	0.07088	0.00777	0.02296	0.00304	0.00103	0.00406	0.02823	0.00081	0.00552	0.0032
0.06989	0.07849	0.00238	0.00414	0.01802	0.07349	0.00748	0.02543	0.00297	0.00109	0.00382	0.02883	0.00064	0.00651	0.0033
0.07527	0.0782	0.00234	0.00344	0.01886	0.07475	0.00777	0.02461	0.00302	0.0011	0.00423	0.02819	0.00075	0.00561	0.00278
0.07083	0.06979	0.00213	0.00257	0.01845	0.07285	0.00797	0.02512	0.00292	0.00115	0.00377	0.02874	0.00071	0.0053	0.00232
0.07139	0.07902	0.00247	0.00331	0.01742	0.07349	0.00737	0.02359	0.00284	0.00113	0.00385	0.02807	0.00087	0.00587	0.00296
0.07025	0.0797	0.0023	0.0033	0.01842	0.07359	0.00757	0.02461	0.00276	0.00107	0.0043	0.02872	0.00083	0.00593	0.00256
0.07388	0.07214	0.00265	0.00297	0.01817	0.07187	0.00745	0.02501	0.00286	0.00116	0.00409	0.02884	0.00051	0.00526	0.00245
0.07381	0.07697	0.00223	0.00312	0.01905	0.07395	0.00848	0.02434	0.00361	0.00104	0.00439	0.02815	0.00088	0.00518	0.00231
0.07085	0.07175	0.00241	0.00311	0.01921	0.0725	0.00825	0.02407	0.00285	0.00095	0.0043	0.02913	0.00073	0.00561	0.00255
0.06901	0.07742	0.00247	0.00346	0.01814	0.07052	0.0077	0.02318	0.00311	0.00106	0.00392	0.02909	0.00056	0.00575	0.00288
0.07309	0.07409	0.00238	0.00327	0.01921	0.07205	0.00821	0.02462	0.00345	0.00111	0.00418	0.02786	0.00094	0.0056	0.00305
0.07103	0.07362	0.00231	0.00315	0.01811	0.07174	0.00896	0.02334	0.00305	0.00116	0.00425	0.02933	0.00076	0.00552	0.00248
0.07042	0.06761	0.00231	0.00282	0.01915	0.07239	0.00881	0.02344	0.00299	0.00134	0.00351	0.02827	0.00075	0.00493	0.00273
0.07198	0.08099	0.00223	0.00392	0.0195	0.07338	0.00815	0.02435	0.00296	0.00123	0.00395	0.02875	0.00078	0.00615	0.00317
0.07027	0.07701	0.00228	0.00307	0.01891	0.07184	0.00908	0.02419	0.00299	0.00115	0.0037	0.02964	0.00055	0.00534	0.00277
0.07382	0.07942	0.00252	0.00314	0.01827	0.07211	0.00854	0.025	0.00267	0.00099	0.00371	0.02827	0.00079	0.00548	0.00288
0.07268	0.07166	0.00237	0.00322	0.01949	0.07439	0.00878	0.02372	0.00344	0.00123	0.00397	0.02836	0.00083	0.00516	0.00277
