mass_1	mass_2	phase	time	distance	a_1	a_2	tilt_1	tilt_2	phi_12	phi_jl	theta_jn	psi	ra	dec
0.0724	0.09946	0.00373	0.00275	0.01622	0.03504	0.02713	0.01842	0.008	0.00122	0.02844	0.02954	0.00344	0.00572	0.00269
0.09435	inf	0.00423	0.00418	0.04136	0.05938	0.01729	0.02083	0.00762	0.00499	0.04866	0.05685	0.0019	0.00817	0.00511
0.06464	0.07049	0.00379	0.00499	0.01319	0.05111	0.01966	0.02334	0.00429	0.00169	0.0277	0.0338	0.00191	0.01172	0.00532
0.06193	0.08813	0.00297	0.0053	0.00943	0.06446	0.00954	0.02326	0.00796	0.00212	0.01736	0.04705	0.00225	0.00751	0.00394
0.09012	0.08699	0.00263	0.00395	0.02569	0.06978	0.00955	0.02619	0.00303	0.00047	0.02397	0.05546	0.00247	0.00988	0.00531
0.08047	0.09524	0.00268	0.00684	0.02133	0.05829	0.00633	0.02637	0.0028	0.00063	0.01283	0.02457	0.00322	0.0111	0.00589
0.05299	0.05939	0.00285	0.01047	0.02076	0.04752	0.0071	0.02133	0.00422	0.0017	0.00984	0.03419	0.00201	0.01025	0.00834
0.03964	0.04723	0.00249	0.00678	0.03746	0.05089	0.01038	0.021	0.00342	0.00033	0.00817	0.06195	0.00184	0.01059	0.00578
0.11857	0.10796	0.00282	0.00627	0.01968	0.06338	0.00778	0.01948	0.00485	0.00066	0.01995	0.03384	0.00221	0.00708	0.00453
0.08403	0.09862	0.00215	0.00466	0.02565	0.05635	0.00596	0.02688	0.00477	0.00047	0.01975	0.04803	0.00154	0.00485	0.0044
0.08473	0.09267	0.00237	0.00428	0.0267	0.06297	0.00438	0.02553	0.00498	0.00065	0.01147	0.0415	0.00123	0.00593	0.00445
0.09869	0.09292	0.00275	0.00487	0.0402	0.05912	0.00546	0.02126	0.00386	0.00073	0.01839	0.05415	0.00277	0.00409	0.0026
0.10646	0.11784	0.00226	0.00735	0.02963	0.06944	0.0052	0.02428	0.00391	0.00103	0.01767	0.04879	0.00106	0.00513	0.00314
0.07408	0.07855	0.00191	0.00393	0.02326	0.06184	0.00441	0.02538	0.00179	0.00091	0.01138	0.03461	0.00177	0.00572	0.00393
0.08506	0.0878	0.00168	0.00569	0.0394	0.06972	0.00989	0.0266	0.00417	0.00089	0.0185	0.06459	0.00153	0.00614	0.00514
0.05128	0.05323	0.00193	0.0122	0.03891	0.06194	0.0077	0.02165	0.00835	0.0005	0.01632	0.06662	0.00361	0.01694	0.01064
0.07434	0.066	0.00197	0.00305	0.02142	0.05743	0.00446	0.02078	0.00169	0.00058	0.01549	0.05988	0.00076	0.0082	0.00597
0.05134	0.05498	0.00247	0.01029	0.02981	0.05191	0.0055	0.0215	0.00643	0.00037	0.01712	0.05287	0.00142	0.00729	0.0049
0.09284	0.08657	0.00167	0.00584	0.02234	0.05827	0.00309	0.02238	0.0041	0.00047	0.02843	0.03835	0.00219	0.00547	0.00418
0.09602	0.09322	0.0024	0.00549	0.01863	0.07412	0.00411	0.03057	0.00311	0.0009	0.02122	0.04982	0.00209	0.00754	0.00602
0.0566	0.07041	0.00191	0.00828	0.03363	0.04931	0.00469	0.02197	0.00452	0.00063	0.01443	0.0575	0.00113	0.00653	0.00547
0.07878	0.08532	0.00122	0.00735	0.03633	0.05664	0.00205	0.0219	0.00514	0.00063	0.01473	0.04193	0.00188	0.01107	0.0057
0.0943	0.09168	0.0015	0.00653	0.02816	0.05728	0.00488	0.02029	0.00679	0.0006	0.01915	0.07524	0.0014	0.00477	0.00505
0.07255	0.07613	0.00154	0.00531	0.01963	0.04262	0.00378	0.01732	0.0017	0.00068	0.01248	0.04543	0.00105	0.00877	0.00499
0.11698	0.12916	0.00194	0.0034	0.01544	0.0791	0.00219	0.02762	0.00596	0.00079	0.02705	0.04996	0.00113	0.00629	0.00312
0.09752	0.10787	0.00172	0.00523	0.03944	0.07107	0.00155	0.02325	0.00483	0.00028	0.02095	0.06147	0.00115	0.00662	0.00282
0.15934	0.17109	0.00151	0.00484	0.01912	0.0841	0.0016	0.02945	0.00299	0.0007	0.03112	0.05314	0.0004	0.0036	0.00188
0.07632	0.06865	0.00217	0.00495	0.02085	0.0607	0.00149	0.01996	0.00338	0.00039	0.01054	0.05726	0.00237	0.00706	0.00477
0.10019	0.1087	0.00128	0.00789	0.02331	0.06782	0.00291	0.02275	0.00609	0.0004	0.01749	0.04415	0.00287	0.00937	0.0045
0.0824	0.08327	0.0016	0.00431	0.0237	0.06032	0.00171	0.02077	0.00675	0.00071	0.01217	0.04295	0.00235	0.00627	0.00265
0.12795	0.13066	0.00211	0.00518	0.03979	0.05545	0.00322	0.01869	0.00389	0.00048	0.02508	0.03708	0.00128	0.00297	0.00411
0.15331	0.15918	0.00188	0.00196	0.02011	0.07806	0.00411	0.0243	0.00294	0.00085	0.02583	0.05204	0.00236	0.00786	0.00698
0.09642	0.10628	0.0017	0.00213	0.03339	0.06898	0.003	0.02495	0.00523	0.00076	0.01864	0.04156	0.00094	0.00209	0.00214
0.09801	0.10658	0.00143	0.00405	0.02702	0.06867	0.00532	0.02628	0.00419	0.00081	0.02061	0.04547	0.0029	0.00616	0.00317
0.07907	0.0982	0.00151	0.00739	0.02238	0.06516	0.0024	0.02934	0.00341	0.00094	0.01985	0.04007	0.0019	0.00684	0.0057
0.07711	0.08987	0.00195	0.00907	0.02515	0.04426	0.00189	0.02746	0.00165	0.00179	0.01727	0.03628	0.00312	0.00804	0.00698
0.07732	0.08433	0.00185	0.00284	0.02958	0.05591	0.00515	0.03204	0.00236	0.00061	0.02225	0.05148	0.0004	0.00831	0.0075
0.09569	0.09919	0.00158	0.00548	0.0208	0.0607	0.00351	0.02495	0.00476	0.00098	0.01352	0.03668	0.00105	0.00563	0.00646
0.09931	0.10468	0.00175	0.00447	0.02148	0.0547	0.00436	0.02251	0.00314	0.00135	0.0218	0.05012	0.00087	0.00286	0.00383
0.06697	0.07015	0.00154	0.00514	0.02272	0.05722	0.00428	0.02145	0.00479	0.00134	0.01348	0.04137	0.00336	0.00447	0.00397
0.06386	0.06539	0.00154	0.00565	0.02274	0.04784	0.00239	0.02132	0.00333	0.00096	0.01729	0.05307	0.00263	0.01374	0.00887
0.05072	0.05398	0.00143	0.00528	0.01568	0.0437	0.00396	0.01614	0.00505	0.00075	0.01488	0.04019	0.00208	0.00823	0.00664
0.07615	0.06586	0.00164	0.00608	0.02284	0.05775	0.00388	0.02129	0.00628	0.00128	0.01685	0.0527	0.0013	0.00784	0.0066
0.08755	0.0918	0.00173	0.0017	0.02664	0.06201	0.00216	0.02299	0.00551	0.00058	0.01672	0.05586	0.00251	0.00657	0.0046
0.09982	0.10566	0.00182	0.00625	0.02622	0.07064	0.00255	0.02042	0.00601	0.00139	0.01542	0.04077	0.00357	0.01237	0.00594
0.06929	0.0781	0.00178	0.00516	0.01416	0.07379	0.00282	0.0135	0.00764	0.0009	0.01131	0.03639	0.00209	0.00932	0.00591
0.09537	0.09092	0.00156	0.01139	0.0151	0.0628	0.00392	0.01681	0.00472	0.0009	0.01437	0.05198	0.00134	0.01946	0.00951
0.0696	0.07525	0.00169	0.00526	0.02063	0.06141	0.00331	0.02031	0.0041	0.00168	0.01688	0.05953	0.00154	0.01184	0.00601
0.07361	0.08231	0.00257	0.00704	0.02437	0.06149	0.00417	0.01683	0.00395	0.001	0.01163	0.04321	0.00206	0.00566	0.00496
0.08066	0.09003	0.00143	0.00288	0.01964	0.06966	0.00197	0.02281	0.00313	0.00113	0.00894	0.03691	0.00228	0.00431	0.00652
0.08169	0.08318	0.00208	0.00222	0.01687	0.08312	0.00341	0.0254	0.00309	0.00156	0.00829	0.03223	0.0024	0.00553	0.00592
0.11511	0.12441	0.00129	0.00231	0.02186	0.0934	0.0035	0.0269	0.00523	0.00145	0.01508	0.05187	0.00216	0.00635	0.00525
0.07979	0.08424	0.00159	0.00413	0.01715	0.06514	0.00227	0.02174	0.00333	0.00087	0.01248	0.04023	0.00143	0.00637	0.00552
0.04596	0.0533	0.00165	0.00343	0.0176	0.06487	0.00712	0.02425	0.003	0.00132	0.00992	0.06031	0.00153	0.00488	0.00365
0.07429	0.0812	0.00135	0.00601	0.01791	0.0664	0.00297	0.03159	0.00431	0.00215	0.0163	0.04784	0.00127	0.00917	0.00706
0.08586	0.10125	0.00178	0.00289	0.0177	0.08747	0.00335	0.02828	0.00227	0.00182	0.01391	0.04993	0.0016	0.0048	0.0028
0.06201	0.07996	0.00145	0.00423	0.02662	0.07381	0.00264	0.02844	0.0033	0.00107	0.01843	0.07902	0.00147	0.00893	0.00455
0.11114	0.12688	0.0016	0.007	0.01822	0.07434	0.00282	0.02834	0.00353	0.00207	0.0261	0.06777	0.00189	0.01138	0.00666
0.09548	0.105	0.00166	0.00648	0.01392	0.06734	0.00219	0.02461	0.00449	0.00145	0.02111	0.05911	0.00119	0.01531	0.00549
0.07114	0.08514	0.00172	0.00671	0.02179	0.08527	0.00283	0.03073	0.0059	0.00103	0.01643	0.03939	0.00078	0.01124	0.00713
0.04009	0.04881	0.00156	0.00727	0.01638	0.06031	0.00648	0.02137	0.00748	0.00138	0.01028	0.05239	0.00166	0.01162	0.00571
0.0609	0.06191	0.00132	0.01331	0.02141	0.06417	0.0043	0.01975	0.00705	0.00111	0.01651	0.06638	0.00173	0.01961	0.00651
0.0772	inf	0.00147	0.0119	0.01676	0.07076	0.00666	0.01953	0.00539	0.00095	0.01057	0.05405	0.00122	0.01365	0.00485
0.08891	0.09424	0.00181	0.00968	0.02324	0.07724	0.00484	0.02438	0.00687	0.00102	0.01118	0.06912	0.00189	0.01394	0.00593
0.08441	0.08811	0.00153	0.00456	0.02312	0.08521	0.00544	0.02537	0.00394	0.00132	0.01394	0.06215	0.00107	0.00621	0.00259
0.10782	0.117	0.00187	0.00493	0.01552	0.07128	0.00472	0.02245	0.00461	0.00146	0.01696	0.07335	0.00175	0.009	0.00552
0.11897	0.12486	0.00157	0.00699	0.01325	0.08245	0.00488	0.02948	0.00705	0.00074	0.01773	0.06108	0.00148	0.00807	0.00489
0.08586	0.08642	0.00205	0.00712	0.01904	0.06229	0.00646	0.02607	0.00695	0.00098	0.00702	0.05743	0.00194	0.0087	0.00736
0.09133	0.09275	0.00251	0.00731	0.01858	0.0573	0.00431	0.02067	0.00427	0.00094	0.01217	0.05806	0.00124	0.0104	0.00776
0.07134	0.07494	0.00157	0.00765	0.02125	0.05863	0.00366	0.0219	0.00302	0.00083	0.00675	0.06859	0.00255	0.01081	0.00737
0.08505	0.09775	0.00227	0.00539	0.023	0.07999	0.00348	0.03109	0.00669	0.00079	0.01059	0.06161	0.00166	0.00762	0.00353
0.12009	0.12387	0.00156	0.00753	0.01407	0.09065	0.0022	0.02855	0.00923	0.00127	0.01542	0.05729	0.00157	0.00992	0.00402
0.12217	0.11997	0.0018	0.00847	0.02444	0.08906	0.00349	0.03181	0.00535	0.00108	0.01393	0.05732	0.00239	0.01148	0.005
0.08451	0.08022	0.00172	0.00416	0.01546	0.0781	0.00229	0.02338	0.00518	0.00075	0.01226	0.05429	0.0006	0.00856	0.00242
0.07081	0.06997	0.00198	0.00628	0.01897	0.07852	0.00293	0.02301	0.00514	0.00097	0.0084	0.0542	0.00209	0.01419	0.00797
0.09304	0.09749	0.00181	0.00581	0.02235	0.09822	0.00335	0.02012	0.0061	0.00071	0.01034	0.05236	0.00175	0.00738	0.00407
0.07914	0.0803	0.0019	0.00509	0.01703	0.07801	0.00361	0.02239	0.00846	0.00091	0.00836	0.0426	0.00136	0.00633	0.00611
0.10022	0.10249	0.00239	0.01109	0.01928	0.07792	0.00464	0.02557	0.00441	0.00096	0.00937	0.04381	0.00088	0.01223	0.00988
0.08224	0.08838	0.00223	0.01132	0.02173	0.08514	0.00554	0.02423	0.00571	0.00065	0.00755	0.06055	0.00081	0.0135	0.01144
0.08334	0.08503	0.00147	0.00674	0.01448	0.07051	0.00401	0.02151	0.00647	0.00101	0.01245	0.05887	0.002	0.01017	0.00551
0.11348	0.11824	0.00169	0.00636	0.01061	0.0828	0.00287	0.02503	0.00332	0.00094	0.01439	0.06236	0.00242	0.01273	0.00504
0.1011	0.10086	0.00139	0.00595	0.02596	0.09576	0.00201	0.02507	0.00513	0.00088	0.01347	0.05037	0.00113	0.00898	0.0042
0.09715	0.09082	0.00165	0.01071	0.02826	0.07858	0.00337	0.02235	0.00244	0.00082	0.01185	0.06546	0.00284	0.01339	0.01033
0.0833	0.08162	0.00143	0.00669	0.02756	0.07715	0.00367	0.02976	0.00303	0.00126	0.00689	0.04925	0.00104	0.00722	0.00448
0.10028	0.09934	0.00155	0.00673	0.02382	0.0708	0.00418	0.02554	0.00546	0.0008	0.01249	0.0501	0.00148	0.00749	0.00746
0.0734	0.07621	0.00144	0.0054	0.0234	0.07013	0.00382	0.02968	0.00247	0.0007	0.00569	0.04332	0.00275	0.00645	0.0052
0.05375	0.05445	0.00131	0.00352	0.01887	0.05006	0.00632	0.02435	0.00392	0.00065	0.00507	0.05445	0.00101	0.0053	0.00346
0.08463	0.10047	0.00188	0.00267	0.02202	0.07268	0.00224	0.0302	0.0029	0.00098	0.00877	0.04508	0.00155	0.0063	0.00336
0.11785	0.12506	0.00156	0.00655	0.02868	0.08895	0.00153	0.02792	0.00644	0.00103	0.01301	0.04608	0.00118	0.00676	0.00503
0.09516	0.10531	0.00175	0.00589	0.02801	0.08144	0.00416	0.02842	0.00532	0.00039	0.01249	0.06713	0.00171	0.00591	0.00437
0.07746	0.0723	0.00232	0.00277	0.02179	0.07447	0.00393	0.02493	0.00281	0.00078	0.0094	0.03999	0.00192	0.00721	0.00532
0.05657	0.05328	0.00181	0.00207	0.02127	0.04594	0.0039	0.0206	0.00463	0.00077	0.00945	0.0502	0.00166	0.00468	0.00485
0.03857	0.04059	0.00141	0.00439	0.02292	0.05821	0.00455	0.02052	0.00546	0.00106	0.00411	0.06857	0.00122	0.01332	0.00988
0.04342	0.04322	0.00208	0.00479	0.01355	0.06398	0.00303	0.02412	0.00285	0.00154	0.00727	0.06614	0.00353	0.00774	0.00373
0.05419	0.05264	0.00177	0.00866	0.01949	0.0659	0.00151	0.02582	0.00276	0.00073	0.00935	0.04324	0.00129	0.01496	0.00956
0.07224	0.07578	0.00163	0.00583	0.02877	0.06328	0.00214	0.01848	0.0067	0.00113	0.0078	0.06796	0.00092	0.00799	0.00596
0.07117	0.07859	0.00158	0.00441	0.02128	0.0679	0.00315	0.01645	0.00619	0.0013	0.01062	0.0643	0.00034	0.00564	0.00458
0.06423	0.05943	0.00108	0.00409	0.0276	0.05185	0.00265	0.0167	0.00491	0.00091	0.00737	0.051	0.00108	0.00532	0.00313
0.05705	0.05879	0.0016	0.00778	0.01993	0.06054	0.00419	0.02202	0.00436	0.00105	0.00502	0.05456	0.00097	0.00913	0.00973
0.09075	0.09417	0.00191	0.0082	0.03507	0.06625	0.00618	0.02167	0.00495	0.00075	0.00624	0.04856	0.00199	0.00743	0.00489
0.06081	0.06371	0.00151	0.00495	0.03142	0.04702	0.00559	0.01607	0.00419	0.00074	0.00848	0.05398	0.00145	0.00406	0.0047
0.09145	0.09859	0.00152	0.00685	0.01939	0.06103	0.00159	0.02105	0.00332	0.00099	0.0089	0.04512	0.00078	0.00988	0.00783
0.05699	0.06048	0.00142	0.00771	0.02209	0.05561	0.00211	0.01663	0.0046	0.00064	0.00455	0.03684	0.00059	0.01011	0.00637
0.09579	0.10097	0.00158	0.006	0.01964	0.06308	0.00506	0.01803	0.00514	0.00035	0.00779	0.04923	0.00139	0.00946	0.00577
0.11003	0.11265	0.00129	0.01124	0.01501	0.08049	0.00236	0.03046	0.0033	0.00095	0.01184	0.05551	0.00051	0.01543	0.00753
0.06823	0.07316	0.00176	0.01199	0.02719	0.05504	0.0031	0.02356	0.00319	0.00047	0.00858	0.06132	0.002	0.0168	0.00896
0.07724	0.07707	0.0017	0.00524	0.02775	0.06295	0.00353	0.02313	0.00229	0.00101	0.0072	0.05692	0.00088	0.00608	0.00427
0.08407	0.0934	0.00107	0.00567	0.01705	0.05946	0.00237	0.02403	0.00162	0.00054	0.00918	0.05401	0.00258	0.00791	0.00432
0.04732	0.05275	0.00122	0.00492	0.02177	0.06394	0.00349	0.02013	0.00248	0.00042	0.00522	0.05441	0.00104	0.00904	0.00768
0.0665	0.06623	0.00132	0.00474	0.02317	0.0419	0.00281	0.0229	0.00429	0.0004	0.01138	0.05896	0.00132	0.00654	0.00389
0.09372	0.09519	0.00142	0.00407	0.01864	0.06796	0.00143	0.02083	0.00408	0.0007	0.01553	0.0498	0.00084	0.00549	0.0018
0.10692	0.10432	0.00152	0.00633	0.01866	0.05024	0.00244	0.02055	0.00522	0.00074	0.01187	0.04657	0.00165	0.00981	0.00894
0.05487	0.05765	0.00157	0.00466	0.01527	0.05363	0.00165	0.02182	0.00274	0.00055	0.00586	0.05639	0.00169	0.00607	0.00523
0.09458	0.08529	0.00174	0.00694	0.01426	0.06613	0.0025	0.01664	0.00356	0.00068	0.01133	0.04796	0.00152	0.01225	0.00325
0.06764	0.06661	0.00158	0.00471	0.01718	0.06691	0.00208	0.02677	0.00227	0.00045	0.0093	0.04762	0.00117	0.00794	0.0027
0.08817	0.09113	0.00222	0.00684	0.01872	0.07829	0.003	0.02422	0.00307	0.0006	0.00902	0.05138	0.00196	0.00787	0.00706
0.0932	inf	0.00113	0.00783	0.02223	0.07761	0.00178	0.02996	0.00143	0.00045	0.01001	0.03963	0.0012	0.00852	0.00758
0.09155	0.09559	0.00119	0.00689	0.02599	0.05768	0.00147	0.01807	0.00177	0.0008	0.01279	0.06114	0.00104	0.00843	0.0053
0.06855	0.066	0.00173	0.00511	0.02215	0.05423	0.00155	0.02137	0.00248	0.00071	0.00877	0.04585	0.00069	0.00605	0.00428
0.09889	0.09975	0.00211	0.0054	0.02663	0.07089	0.00103	0.01974	0.00252	0.00073	0.01662	0.04771	0.00128	0.00521	0.00452
0.09651	0.10432	0.0022	0.00466	0.02753	0.07305	0.00137	0.0178	0.00268	0.00046	0.01411	0.06361	0.0018	0.00577	0.00455
0.06411	0.06752	0.00207	0.00516	0.022	0.07041	0.00099	0.01934	0.00297	0.00073	0.01453	0.05983	0.00137	0.00473	0.00386
0.08751	0.09334	0.00176	0.00334	0.02674	0.08867	0.00285	0.02469	0.00219	0.00072	0.01211	0.06493	0.00233	0.0038	0.00353
0.07302	0.07014	0.00223	0.00648	0.01921	0.0627	0.00151	0.01958	0.00242	0.00036	0.01193	0.06821	0.00148	0.01369	0.00749
0.07111	0.0757	0.00226	0.007	0.03168	0.0806	0.00111	0.02516	0.00191	0.00045	0.00981	0.05173	0.00079	0.01036	0.00487
0.07639	0.0703	0.00173	0.0037	0.02017	0.0694	0.00247	0.02546	0.00263	0.00041	0.01394	0.05256	0.00185	0.00404	0.00404
0.06285	0.06162	0.00153	0.00449	0.02548	0.07286	0.00148	0.02527	0.00223	0.0007	0.00744	0.04628	0.00162	0.00655	0.00617
0.05143	0.05312	0.00152	0.00685	0.02873	0.0637	0.00156	0.02261	0.00237	0.00052	0.00959	0.06594	0.00259	0.0107	0.00674
0.05876	0.05772	0.00122	0.00487	0.01242	0.05562	0.00204	0.02304	0.00212	0.00067	0.00778	0.04825	0.00084	0.011	0.00673
0.076	0.08232	0.00172	0.00973	0.02688	0.0696	0.00155	0.02254	0.00215	0.00078	0.01143	0.05614	0.00204	0.01555	0.00981
0.09375	inf	0.00175	0.00781	0.02092	0.08916	0.00138	0.02552	0.00251	0.00083	0.01188	0.0449	0.00097	0.00916	0.00789
0.04934	0.04955	0.00174	0.00635	0.04108	0.06054	0.00323	0.02409	0.00333	0.00087	0.00854	0.05887	0.00193	0.00764	0.00869
0.07849	0.08007	0.00119	0.00966	0.02746	0.06038	0.00129	0.02131	0.00264	0.00092	0.01209	0.05118	0.00209	0.01723	0.00825
0.0775	0.08275	0.00156	0.00948	0.03375	0.05544	0.0013	0.01873	0.00162	0.00039	0.01054	0.0578	0.00133	0.01277	0.00735
0.08224	0.0821	0.0014	0.01554	0.04283	0.07055	0.00094	0.02154	0.00178	0.00126	0.01261	0.05449	0.00212	0.02128	0.00875
0.07033	0.07058	0.0013	0.01089	0.02218	0.06419	0.00105	0.02427	0.00364	0.0004	0.0105	0.05133	0.00186	0.01255	0.00682
0.09207	0.09518	0.00127	0.00754	0.02292	0.0687	0.00126	0.02046	0.00217	0.00078	0.01165	0.03807	0.00048	0.00945	0.00509
0.08859	0.08245	0.00105	0.01238	0.03494	0.07775	0.00189	0.02194	0.0027	0.00129	0.01154	0.04883	0.0019	0.01359	0.00644
0.09169	0.10442	0.00117	0.01607	0.03005	0.06546	0.00143	0.02655	0.00206	0.00103	0.01111	0.06175	0.00172	0.01516	0.00897
0.0702	0.0725	0.00131	0.0108	0.0246	0.04698	0.00166	0.02197	0.00216	0.00042	0.00877	0.06709	0.00119	0.01324	0.0084
0.08853	0.09229	0.00145	0.00754	0.01996	0.05546	0.00225	0.02573	0.00199	0.00055	0.01137	0.04231	0.00152	0.01119	0.01007
0.05741	0.05991	0.00145	0.00961	0.02642	0.05967	0.00132	0.02677	0.00244	0.00053	0.00733	0.05483	0.00179	0.01522	0.00979
0.07297	0.07764	0.00113	0.00949	0.03416	0.0564	0.00222	0.02608	0.0041	0.00071	0.01237	0.06409	0.00228	0.0112	0.00946
0.05309	0.05554	0.00135	0.00714	0.02083	0.06146	0.00215	0.02582	0.00334	0.00065	0.00705	0.04043	0.00161	0.01227	0.00599
0.08709	0.09559	0.00118	0.01134	0.03334	0.06123	0.00149	0.02453	0.00256	0.00068	0.01113	0.04482	0.00222	0.01914	0.01303
0.08728	0.09317	0.0015	0.0111	0.01749	0.07879	0.00171	0.03226	0.00221	0.00064	0.00944	0.05613	0.00217	0.01373	0.01047
0.07568	0.0748	0.0017	0.0078	0.0289	0.06348	0.00217	0.02753	0.0031	0.00074	0.00854	0.07787	0.00304	0.01166	0.00866
0.05788	0.05878	0.00145	0.00948	0.0293	0.054	0.00177	0.02026	0.00331	0.00054	0.0077	0.0667	0.00117	0.01295	0.00787
0.07329	0.072	0.00173	0.00429	0.02413	0.06101	0.00368	0.0258	0.00254	0.00058	0.00907	0.05211	0.00155	0.00973	0.00628
0.10296	0.10989	0.0016	0.01012	0.0227	0.06459	0.0013	0.02807	0.00183	0.00121	0.01029	0.04059	0.00074	0.01827	0.01308
0.09377	0.09608	0.00113	0.00694	0.03514	0.0755	0.0009	0.0311	0.00205	0.00091	0.00926	0.04433	0.0014	0.00814	0.0059
0.08927	0.09755	0.00163	0.00846	0.0285	0.06633	0.00218	0.02561	0.00154	0.00103	0.0081	0.05665	0.00108	0.00936	0.00838
0.0896	0.08288	0.00145	0.01046	0.02601	0.05887	0.00159	0.02641	0.00287	0.00078	0.00791	0.05648	0.00097	0.01441	0.0112
0.09565	0.09651	0.00118	0.01026	0.04304	0.05899	0.00151	0.02405	0.0016	0.0014	0.00889	0.05432	0.00119	0.0125	0.00848
0.06974	0.06782	0.00137	0.00851	0.03167	0.05419	0.00202	0.02184	0.00402	0.00079	0.00834	0.07175	0.00121	0.01279	0.00907
0.07772	0.08163	0.00122	0.0077	0.03258	0.06424	0.00101	0.02992	0.0023	0.00078	0.01398	0.07903	0.0018	0.01048	0.00618
0.08301	0.0879	0.00126	0.01115	0.03348	0.05789	0.00148	0.01796	0.00198	0.00069	0.01251	0.05943	0.00193	0.02242	0.00827
0.07427	0.08287	0.00144	0.00955	0.03529	0.05357	0.00168	0.02405	0.00205	0.00063	0.00997	0.06349	0.00226	0.01544	0.00448
0.06179	0.05987	0.00144	0.00868	0.02317	0.05546	0.00272	0.01918	0.00314	0.00064	0.00514	0.06805	0.00235	0.01128	0.00928
0.08592	0.08625	0.00122	0.00981	0.01752	0.06223	0.00367	0.02116	0.00178	0.00069	0.0095	0.04625	0.00152	0.01302	0.00959
0.06419	0.06914	0.00145	0.00705	0.02417	0.06184	0.00416	0.03168	0.00189	0.00084	0.00521	0.05421	0.0009	0.00873	0.0039
0.06538	0.06154	0.00126	0.00703	0.01458	0.05806	0.00182	0.02552	0.00212	0.00074	0.00888	0.04248	0.00129	0.0087	0.00646
0.05575	0.06041	0.00162	0.00681	0.02135	0.06026	0.0026	0.0254	0.00143	0.00078	0.00675	0.057	0.002	0.00738	0.00491
0.0652	0.06262	0.00138	0.00666	0.02153	0.06011	0.00277	0.02142	0.00235	0.00072	0.01083	0.06421	0.00123	0.00943	0.00658
0.06322	0.06564	0.0012	0.01278	0.03032	0.05598	0.00123	0.02238	0.00366	0.00086	0.01083	0.06222	0.0025	0.01311	0.00685
0.05243	0.05971	0.00142	0.00913	0.02456	0.04593	0.00137	0.02065	0.00142	0.00064	0.00725	0.06064	0.00108	0.0144	0.00659
0.06835	0.07261	0.00141	0.00652	0.03025	0.05217	0.00217	0.02067	0.00221	0.00036	0.00719	0.04566	0.00172	0.01116	0.00721
0.07415	0.07764	0.0013	0.00773	0.01762	0.05822	0.00248	0.02373	0.00155	0.00066	0.01067	0.05737	0.00094	0.01051	0.00556
0.05706	0.05912	0.00158	0.00552	0.02318	0.05939	0.0018	0.02383	0.00191	0.00076	0.00617	0.05965	0.00076	0.00984	0.0074
0.05045	0.0473	0.00144	0.00705	0.02034	0.04782	0.00356	0.01493	0.00284	0.00042	0.00556	0.05545	0.00154	0.01422	0.0089
0.06682	0.06462	0.0015	0.00843	0.03437	0.05795	0.00208	0.01992	0.00156	0.00056	0.01044	0.06527	0.00098	0.01292	0.00614
0.05771	0.0652	0.00094	0.00512	0.02624	0.04947	0.0028	0.01951	0.00205	0.00066	0.00956	0.06791	0.00137	0.00917	0.00486
0.07161	0.07959	0.00124	0.00588	0.02501	0.06376	0.00172	0.02011	0.00125	0.00067	0.01163	0.04958	0.00081	0.01388	0.00636
0.07282	0.06782	0.00132	0.00844	0.02187	0.0661	0.00258	0.02086	0.00256	0.00076	0.01355	0.05255	0.00194	0.01193	0.00503
0.09417	0.09887	0.00168	0.00847	0.03676	0.0716	0.00161	0.0243	0.00168	0.00079	0.01328	0.06131	0.00125	0.01245	0.00359
0.08751	0.08459	0.00143	0.00578	0.02883	0.06546	0.0016	0.02186	0.0017	0.00079	0.01323	0.05443	0.00101	0.00928	0.005
0.10162	inf	0.00132	0.01445	0.03645	0.05936	0.00287	0.02092	0.00258	0.00066	0.01501	0.05958	0.00131	0.01877	0.0106
0.10984	0.11371	0.00136	0.01329	0.03005	0.07172	0.00267	0.02438	0.00313	0.00068	0.01447	0.06357	0.00082	0.01903	0.00835
0.10355	0.09944	0.0014	0.01085	0.02246	0.07803	0.00234	0.02478	0.0025	0.00072	0.01355	0.05783	0.00155	0.01135	0.00684
0.07896	0.0803	0.00164	0.00727	0.02286	0.05473	0.00223	0.02065	0.00294	0.00069	0.00988	0.05544	0.00177	0.00841	0.00551
0.0816	0.08709	0.00176	0.01191	0.03161	0.06933	0.00099	0.02354	0.00308	0.0006	0.01252	0.07327	0.00226	0.01776	0.00828
0.09133	0.09328	0.0017	0.00884	0.02399	0.08061	0.00154	0.02546	0.00194	0.00067	0.01321	0.05967	0.00168	0.01511	0.00974
0.06607	0.06538	0.00156	0.01045	0.02991	0.06562	0.00271	0.02396	0.00326	0.00082	0.01151	0.05954	0.00182	0.01478	0.00541
0.06734	0.06856	0.00169	0.0066	0.02404	0.05844	0.00174	0.02281	0.0017	0.00076	0.00872	0.05372	0.00099	0.01348	0.00778
0.06682	0.07163	0.00157	0.01287	0.02532	0.06369	0.00197	0.02466	0.00148	0.00066	0.00948	0.06339	0.00105	0.01703	0.00776
0.07081	0.07189	0.00148	0.00621	0.02762	0.07325	0.00104	0.02703	0.00109	0.00101	0.00958	0.05688	0.002	0.01046	0.00533
0.07311	0.07645	0.0014	0.00813	0.02301	0.07325	0.00107	0.03093	0.00132	0.001	0.00726	0.05846	0.00146	0.01556	0.00922
0.08576	0.08447	0.00132	0.00971	0.01867	0.07811	0.00179	0.02572	0.00162	0.00123	0.00997	0.0516	0.00188	0.01276	0.0084
0.08159	0.08363	0.00183	0.0075	0.01884	0.07626	0.0021	0.02599	0.00103	0.00125	0.00854	0.05382	0.00198	0.01173	0.00848
0.07139	0.07348	0.0016	0.01422	0.03001	0.08158	0.00287	0.02818	0.00187	0.00102	0.01019	0.06115	0.00192	0.02239	0.00908
0.07891	0.08489	0.00108	0.01173	0.02735	0.06181	0.00187	0.02258	0.0027	0.0007	0.01092	0.06041	0.00141	0.01721	0.0083
0.09158	0.09252	0.00164	0.01182	0.02467	0.06376	0.00215	0.03006	0.002	0.00082	0.00943	0.04866	0.0011	0.01826	0.00816
0.06535	0.05847	0.00215	0.00916	0.02763	0.06638	0.0026	0.02432	0.00152	0.00061	0.00893	0.0511	0.00115	0.01143	0.00616
0.08996	0.08862	0.00187	0.01105	0.02666	0.05521	0.00198	0.02067	0.00135	0.00062	0.01051	0.07226	0.00178	0.01813	0.00719
0.08621	0.08186	0.00209	0.0098	0.03152	0.06436	0.00299	0.01669	0.00288	0.00071	0.01381	0.05996	0.00183	0.01342	0.00791
0.0573	0.05889	0.00147	0.00656	0.02523	0.0599	0.00423	0.01949	0.00217	0.00049	0.00848	0.06192	0.00136	0.00993	0.00628
0.0594	0.06461	0.00182	0.00832	0.02451	0.08019	0.00392	0.02599	0.00182	0.00059	0.00822	0.06235	0.00083	0.01088	0.00529
0.07987	0.07839	0.00146	0.01006	0.02391	0.06062	0.00291	0.02215	0.00278	0.00037	0.01069	0.05665	0.00078	0.01459	0.0058
0.07679	0.07814	0.0015	0.00985	0.02342	0.054	0.00245	0.02441	0.00232	0.00065	0.00924	0.04974	0.00075	0.01685	0.00798
0.07364	0.07343	0.0013	0.0051	0.02022	0.05923	0.00317	0.0207	0.00203	0.0008	0.00744	0.0487	0.0015	0.0091	0.00458
0.06748	0.06685	0.00185	0.00443	0.01951	0.05676	0.00175	0.02187	0.00157	0.00049	0.00643	0.05748	0.00082	0.00811	0.0065
0.06975	0.07192	0.00208	0.00735	0.03419	0.05976	0.00166	0.02539	0.00158	0.00075	0.00858	0.06017	0.00148	0.01315	0.00879
0.08359	0.08186	0.00164	0.01324	0.03637	0.0655	0.00185	0.02426	0.00151	0.00092	0.00947	0.06373	0.00134	0.02123	0.01071
0.07155	0.06853	0.00189	0.01018	0.01841	0.06474	0.00133	0.02479	0.00151	0.00062	0.00765	0.04454	0.00107	0.01107	0.00454
0.0725	0.0701	0.00149	0.0061	0.02445	0.0713	0.00216	0.02135	0.00177	0.00092	0.00704	0.0452	0.00118	0.00831	0.00482
0.06326	0.07047	0.00157	0.01427	0.02688	0.0613	0.00279	0.02404	0.00246	0.00084	0.00823	0.051	0.00138	0.01949	0.01092
0.07747	0.08028	0.00107	0.00866	0.02781	0.06328	0.00178	0.02369	0.00181	0.00119	0.01068	0.05556	0.00189	0.01549	0.01029
0.08617	0.08631	0.00221	0.01092	0.02894	0.07305	0.00125	0.02803	0.00205	0.00104	0.01086	0.05537	0.00142	0.01767	0.0086
0.07829	0.07728	0.00142	0.00791	0.0259	0.06007	0.00143	0.02792	0.00323	0.00085	0.00913	0.05001	0.00117	0.01194	0.00722
0.07671	0.08152	0.00161	0.00933	0.01875	0.05446	0.00128	0.02368	0.002	0.00081	0.00796	0.04825	0.00214	0.01323	0.0055
0.06949	0.07537	0.00195	0.01092	0.02878	0.05879	0.00128	0.02617	0.0018	0.0012	0.00618	0.04825	0.00116	0.01326	0.00778
0.0694	0.07684	0.00153	0.00801	0.01894	0.05715	0.00165	0.02205	0.00251	0.00105	0.00895	0.052	0.00081	0.01147	0.00596
0.07333	0.07458	0.00143	0.00667	0.02814	0.06406	0.00227	0.02496	0.0019	0.0009	0.00991	0.06353	0.00079	0.01374	0.00697
0.07837	0.0793	0.00155	0.00702	0.02855	0.06313	0.00181	0.01953	0.0026	0.00091	0.00875	0.05227	0.00085	0.01219	0.00779
0.06486	0.06554	0.00146	0.0101	0.02494	0.04857	0.00168	0.0207	0.00146	0.00088	0.00905	0.05878	0.00134	0.01963	0.00776
0.0686	0.07094	0.00209	0.01074	0.02426	0.04926	0.00173	0.0179	0.00152	0.00088	0.00795	0.06226	0.00168	0.0174	0.00949
0.08095	0.07909	0.00143	0.01157	0.0387	0.06991	0.00223	0.02677	0.00257	0.00114	0.00982	0.05653	0.00173	0.0153	0.00648
0.07737	0.07432	0.00154	0.00915	0.02995	0.06111	0.00172	0.02285	0.00216	0.001	0.00907	0.04843	0.0014	0.01383	0.00889
0.06128	0.06087	0.0016	0.00809	0.03093	0.05546	0.00205	0.02249	0.00252	0.00071	0.00801	0.05327	0.00117	0.01266	0.00558
0.10554	0.11308	0.00151	0.00853	0.02251	0.05643	0.00173	0.02266	0.00213	0.0012	0.01084	0.05014	0.00116	0.01356	0.00815
0.07718	0.08209	0.0021	0.00906	0.03297	0.05184	0.00279	0.01725	0.00218	0.00087	0.01071	0.0549	0.00163	0.01255	0.00647
0.08353	0.0911	0.0013	0.01725	0.03727	0.05613	0.00213	0.02115	0.00182	0.00083	0.00893	0.05953	0.00287	0.01864	0.0082
0.08148	0.08813	0.00155	0.01384	0.02961	0.06511	0.00132	0.02466	0.00184	0.00087	0.01165	0.06682	0.00083	0.01909	0.01036
0.0714	0.07267	0.00123	0.01284	0.03192	0.0594	0.00172	0.02369	0.00262	0.00075	0.00822	0.0581	0.0015	0.01788	0.00604
0.06567	0.06618	0.00195	0.01083	0.0313	0.06409	0.00175	0.02814	0.00258	0.00089	0.0065	0.04949	0.00208	0.0154	0.00713
0.06981	0.07538	0.00145	0.01529	0.04395	0.04575	0.00175	0.01809	0.00253	0.00064	0.00987	0.06559	0.00151	0.0218	0.00944
0.08038	0.08366	0.00154	0.00594	inf	0.06003	0.0015	0.02593	0.00182	0.00095	0.00618	0.05679	0.00239	0.00999	0.00631
0.0688	0.0782	0.00171	0.00848	0.0264	0.06022	0.00194	0.0258	0.00317	0.0009	0.00627	0.05082	0.00094	0.01251	0.00887
0.08017	0.08694	0.00134	0.01052	0.0223	0.07099	0.00289	0.02586	0.00306	0.00095	0.00843	0.05103	0.00279	0.01484	0.00791
0.07861	0.08173	0.00159	0.0068	0.03612	0.0651	0.00161	0.02412	0.00251	0.00166	0.01046	0.05167	0.00198	0.01147	0.00579
0.08546	0.09423	0.00132	0.00697	0.03241	0.06444	0.00128	0.02658	0.00141	0.00079	0.01057	0.05822	0.0021	0.01258	0.00641
0.12028	0.12499	0.00195	0.00973	0.02785	0.07487	0.00236	0.02406	0.00198	0.00128	0.01349	0.0485	0.00212	0.01421	0.00667
0.09519	0.09664	0.00175	0.01478	0.0353	0.07536	0.00176	0.02581	0.00265	0.00083	0.01295	0.05584	0.00171	0.01964	0.00885
0.09882	0.09827	0.00163	0.01189	0.03192	0.06265	0.00216	0.01735	0.00285	0.00086	0.01378	0.05144	0.00194	0.01846	0.01144
0.07983	0.08738	0.00178	0.01665	0.03967	0.05999	0.00219	0.02074	0.00218	0.00076	0.01191	0.05279	0.00137	0.02508	0.0104
0.08867	0.09161	0.00137	0.01386	0.03049	0.07012	0.00163	0.0219	0.00267	0.00085	0.0118	0.05306	0.00202	0.02288	0.01085
0.08021	0.07881	0.00124	0.00871	0.0256	0.0678	0.00291	0.02583	0.00318	0.00081	0.00791	0.05276	0.00158	0.01566	0.00892
0.07526	0.08718	0.00138	0.00379	0.03095	0.06623	0.00198	0.02493	0.00344	0.00086	0.00836	0.05462	0.00167	0.00577	0.0044
0.07973	0.08318	0.00151	0.00823	0.01925	0.06157	0.00206	0.02178	0.00308	0.00096	0.00991	0.05221	0.00101	0.01394	0.00831
0.08782	0.08698	0.00171	0.0075	0.02563	0.06874	0.0032	0.02324	0.00263	0.00085	0.01079	0.05377	0.00181	0.01557	0.00696
0.07228	0.07217	0.00152	0.00681	0.02455	0.05621	0.00265	0.02019	0.00374	0.00088	0.01068	0.05554	0.0007	0.01148	0.00566
0.09364	0.09258	0.00136	0.00795	0.03487	0.06203	0.00175	0.01963	0.00186	0.0009	0.01111	0.05358	0.00154	0.01201	0.0044
0.08845	0.09774	0.00142	0.00538	0.0246	0.06125	0.00141	0.02127	0.00238	0.00117	0.00945	0.05025	0.0015	0.00676	0.00408
0.08257	0.08041	0.00125	0.00635	0.03403	0.06411	0.00293	0.02178	0.00326	0.00108	0.00768	0.05541	0.00136	0.00911	0.00588
0.07257	0.06906	0.00126	0.00624	0.02944	0.06302	0.00318	0.0243	0.00335	0.00081	0.00782	0.05245	0.0016	0.01098	0.00698
0.06948	0.08172	0.00185	0.00794	0.02806	0.06298	0.00439	0.02241	0.0037	0.00119	0.00542	0.04647	0.00192	0.01244	0.00782
0.08272	0.08096	0.00146	0.00905	0.03127	0.0747	0.00303	0.02465	0.00349	0.00092	0.00651	0.05718	0.00158	0.01235	0.00639
0.07934	0.08737	0.00187	0.00831	0.02809	0.06388	0.00225	0.02528	0.00216	0.00109	0.00686	0.04988	0.00122	0.01336	0.0052
0.07416	0.08479	0.00194	0.01162	0.02797	0.06736	0.00238	0.02458	0.00297	0.0008	0.00832	0.06786	0.00073	0.02098	0.00939
0.07919	0.08358	0.00184	0.00931	0.03266	0.06694	0.00305	0.02571	0.00291	0.00074	0.00822	0.0529	0.00235	0.01506	0.00573
0.08126	0.08742	0.0019	0.00595	0.03153	0.07315	0.00209	0.02717	0.00167	0.0009	0.00932	0.05422	0.0014	0.01061	0.00636
0.09082	0.08773	0.00159	0.00734	0.02602	0.0792	0.0026	0.0281	0.00175	0.00084	0.00953	0.05508	0.00065	0.01065	0.00515
0.10189	0.10642	0.00152	0.00948	0.02214	0.07505	0.00152	0.02413	0.00184	0.00094	0.00968	0.04923	0.00145	0.01638	0.0067
0.08904	0.09114	0.00156	0.00841	0.02215	0.07606	0.00169	0.0278	0.00159	0.00088	0.00717	0.0534	0.00176	0.01414	0.00671
0.08265	0.08333	0.0011	0.00864	0.01999	0.06917	0.00246	0.02469	0.00167	0.0009	0.00651	0.04747	0.001	0.01256	0.00623
0.08949	0.09281	0.00134	0.01044	0.02158	0.0639	0.00239	0.0239	0.00202	0.00109	0.00684	0.04263	0.00111	0.01647	0.00935
0.06875	0.07008	0.00218	0.00948	0.03188	0.06378	0.00238	0.02348	0.00178	0.00074	0.00643	0.04474	0.00093	0.01263	0.00599
0.07676	0.08316	0.0016	0.00875	0.03008	0.07089	0.00264	0.02401	0.00161	0.00078	0.00838	0.04651	0.00154	0.01365	0.00588
0.08335	0.09499	0.00178	0.01148	0.02505	0.06794	0.0017	0.02418	0.00126	0.00074	0.00722	0.04297	0.00132	0.01552	0.00739
0.09523	0.1025	0.00134	0.0069	0.02445	0.06215	0.002	0.02093	0.00141	0.00112	0.00926	0.0489	0.00125	0.01218	0.00517
0.07335	0.0787	0.00148	0.0093	0.03088	0.06165	0.0021	0.02203	0.00122	0.0009	0.00608	0.0516	0.00125	0.01316	0.00907
0.06948	0.0739	0.00165	0.00805	0.02172	0.0646	0.0021	0.02344	0.00149	0.00089	0.00587	0.05319	0.00105	0.01426	0.00606
0.08512	0.08977	0.00143	0.01199	0.02433	0.07277	0.00193	0.02501	0.00202	0.00087	0.0074	0.05179	0.00092	0.01648	0.00784
0.09585	0.09795	0.0018	0.00735	0.02453	0.06601	0.00158	0.02254	0.00143	0.00082	0.0082	0.05434	0.00061	0.01405	0.00742
0.06803	0.0674	0.00171	0.00794	0.02381	0.06978	0.00186	0.02617	0.00149	0.00096	0.00607	0.04806	0.00107	0.01127	0.00721
0.10623	0.10714	0.00245	0.01068	0.02599	0.07411	0.0021	0.02624	0.00231	0.00159	0.01094	0.05475	0.00119	0.01469	0.00758
0.08572	0.0871	0.00148	0.00876	0.02918	0.06759	0.00143	0.02371	0.00202	0.00082	0.00799	0.04964	0.00124	0.01571	0.00689
0.09289	0.09384	0.0015	0.00945	0.0233	0.07628	0.00201	0.0281	0.00277	0.00085	0.00756	0.05155	0.00114	0.01319	0.0052
0.09645	0.0984	0.00155	0.00729	0.01946	0.06769	0.00244	0.02448	0.00269	0.00084	0.00908	0.05048	0.00111	0.01084	0.00495
0.06864	0.07762	0.00142	0.00909	0.02618	0.06254	0.00223	0.02383	0.0027	0.00082	0.00689	0.04796	0.00129	0.01322	0.00516
0.08086	0.08753	0.00149	0.00845	0.02899	0.07647	0.00163	0.02563	0.00259	0.00095	0.00817	0.04744	0.00101	0.01336	0.00763
0.10309	0.11176	0.00189	0.00571	0.02114	0.07346	0.00214	0.02439	0.00273	0.00097	0.01065	0.05237	0.00109	0.01104	0.00431
0.09625	0.10326	0.00161	0.00539	0.03306	0.06353	0.00253	0.02199	0.00227	0.00118	0.01006	0.05918	0.00075	0.00854	0.00421
0.10884	0.10889	0.00177	0.00678	0.02335	0.07595	0.00203	0.02658	0.00252	0.00114	0.00994	0.05145	0.00094	0.01041	0.00557
0.08393	0.08958	0.00165	0.01051	0.03	0.06747	0.00185	0.02295	0.00252	0.00091	0.00915	0.05636	0.00079	0.01343	0.00598
0.08114	0.08273	0.00148	0.00789	0.02416	0.07034	0.00271	0.02616	0.00301	0.00104	0.00737	0.05189	0.00124	0.0102	0.0048
0.08057	0.07444	0.00146	0.00719	0.02005	0.07008	0.00313	0.02583	0.00249	0.00079	0.00692	0.0527	0.00084	0.01073	0.00506
0.08093	0.08338	0.00166	0.00518	0.02264	0.07758	0.00232	0.02901	0.00305	0.00076	0.00547	0.05851	0.00078	0.01026	0.00477
0.07801	0.08898	0.0016	0.00627	0.01854	0.07659	0.00278	0.0297	0.00223	0.00102	0.00498	0.05179	0.00106	0.00813	0.00678
0.07624	0.08033	0.00176	0.00451	0.01929	0.07851	0.00277	0.02762	0.00255	0.00095	0.00776	0.05804	0.00119	0.00752	0.00388
0.10793	0.11331	0.00143	0.00492	0.01756	0.08033	0.00235	0.02628	0.00294	0.00119	0.0088	0.05285	0.00153	0.00769	0.00454
0.09756	0.09943	0.00144	0.00555	0.02144	0.07942	0.00371	0.02499	0.00298	0.00079	0.00725	0.05553	0.00114	0.00862	0.00481
0.09205	0.10043	0.00133	0.00585	0.02326	0.07405	0.00232	0.02501	0.0027	0.00107	0.00708	0.04832	0.00134	0.00712	0.00544
0.09394	0.09688	0.00184	0.00743	0.02594	0.0766	0.00227	0.02757	0.0022	0.00101	0.00884	0.0572	0.00095	0.01032	0.00559
0.09188	0.09515	0.00165	0.00619	0.01687	0.07648	0.00245	0.0283	0.00191	0.00104	0.00871	0.05282	0.00123	0.01306	0.00594
0.09535	0.09741	0.00158	0.00782	0.02327	0.07658	0.00283	0.02537	0.00223	0.00093	0.00903	0.0549	0.00104	0.01089	0.00556
0.08247	0.08616	0.00205	0.00648	0.01902	0.07781	0.00289	0.02986	0.00208	0.00108	0.00811	0.04745	0.00103	0.01029	0.00594
0.10242	0.1035	0.00199	0.00643	0.02323	0.08256	0.00282	0.02846	0.00227	0.00122	0.01076	0.05653	0.0016	0.00915	0.00491
0.09036	0.08948	0.0019	0.0055	0.02013	0.08284	0.0023	0.03186	0.00227	0.00096	0.00826	0.05342	0.0012	0.00921	0.00443
0.09774	0.10311	0.00206	0.00554	0.02224	0.08866	0.00219	0.03028	0.00214	0.00114	0.01034	0.05483	0.00186	0.01055	0.00516
0.09467	0.09229	0.00145	0.00675	0.01929	0.07888	0.00217	0.02658	0.00277	0.00098	0.00962	0.05123	0.00159	0.00975	0.00387
0.09377	0.10128	0.0016	0.00789	0.0193	0.07777	0.00238	0.02738	0.00246	0.00086	0.00937	0.04853	0.00126	0.01049	0.00485
0.08392	0.09142	0.00175	0.0065	0.02076	0.07426	0.00255	0.02605	0.00241	0.0009	0.0078	0.04939	0.00145	0.00867	0.0042
0.09055	0.08828	0.00167	0.00966	0.01944	0.07853	0.00204	0.02587	0.00196	0.00085	0.0091	0.0529	0.0012	0.01179	0.00606
0.08102	0.08181	0.00166	0.00849	0.02239	0.07267	0.00269	0.0256	0.00249	0.00079	0.00768	0.05434	0.00197	0.01149	0.00428
0.08989	0.08294	0.00139	0.00542	0.02162	0.07367	0.00258	0.02635	0.00229	0.00091	0.00937	0.05397	0.00105	0.00784	0.00384
0.10442	0.10371	0.00164	0.00661	0.02577	0.08072	0.00275	0.02727	0.00227	0.00082	0.00982	0.05022	0.00152	0.00969	0.00416
0.07619	0.083	0.00166	0.00603	0.02393	0.06963	0.00195	0.02449	0.00215	0.00103	0.00761	0.05285	0.00164	0.00922	0.00471
0.08495	0.0851	0.00152	0.00528	0.022	0.07226	0.00217	0.02666	0.00196	0.00097	0.00756	0.04742	0.00094	0.00654	0.00395
0.08708	0.09052	0.00142	0.00583	0.02622	0.07372	0.00258	0.02696	0.0023	0.00088	0.00892	0.05118	0.0008	0.0096	0.00524
0.10111	0.10787	0.00139	0.00457	0.02663	0.07736	0.00221	0.02646	0.00278	0.00099	0.0096	0.05158	0.00151	0.00677	0.00444
0.09733	0.09282	0.00148	0.00712	0.02568	0.07166	0.00245	0.02623	0.0025	0.00095	0.00814	0.05288	0.00111	0.00983	0.00502
0.08861	0.09173	0.0017	0.00774	0.0272	0.07301	0.00224	0.02604	0.00216	0.00098	0.0085	0.05243	0.00151	0.01111	0.00591
0.0971	0.0948	0.00166	0.00554	0.02662	0.07461	0.00306	0.0278	0.0021	0.00088	0.00874	0.0495	0.00088	0.00841	0.00425
0.09067	0.09539	0.00199	0.0049	inf	0.07543	0.00304	0.02703	0.00209	0.00096	0.00803	0.05063	0.001	0.00675	0.00346
0.09685	0.1006	0.00169	0.00487	0.02715	0.07493	0.00215	0.02586	0.00183	0.001	0.00851	0.05335	0.00115	0.00739	0.00392
0.08268	0.08145	0.00181	0.00683	0.03045	0.07126	0.00228	0.02445	0.00205	0.00092	0.00758	0.05021	0.00118	0.00934	0.00543
0.08295	0.08799	0.00165	0.00865	0.02731	0.06417	0.00215	0.02374	0.00159	0.00077	0.00743	0.05312	0.00097	0.01024	0.00541
0.09385	0.10065	0.00222	0.00666	0.02424	0.07983	0.00196	0.02706	0.00176	0.00076	0.00825	0.05135	0.00106	0.00881	0.00548
0.08249	0.08005	0.00174	0.00524	0.02408	0.06939	0.00245	0.02358	0.00228	0.00099	0.00823	0.05214	0.00102	0.00759	0.00425
0.0919	0.08878	0.00177	0.00592	0.02411	0.06979	0.00242	0.02267	0.00213	0.00075	0.00805	0.05116	0.00083	0.00889	0.00471
0.08906	0.0902	0.00198	0.0061	0.02596	0.07097	0.00216	0.02397	0.00216	0.00076	0.00797	0.0506	0.00108	0.00849	0.00515
0.08297	0.08281	0.00181	0.00861	0.02479	0.0721	0.00232	0.0261	0.00186	0.00077	0.00643	0.05211	0.00103	0.01029	0.00597
0.08483	0.09292	0.00209	0.00578	0.02844	0.07393	0.00244	0.02579	0.00195	0.00082	0.00732	0.05145	0.00094	0.00757	0.0047
0.08548	0.08861	0.0022	0.0069	0.0257	0.07279	0.00221	0.02368	0.00192	0.00094	0.0066	0.0496	0.00126	0.01013	0.00625
0.08563	0.08571	0.00185	0.00857	0.02092	0.07082	0.00205	0.02406	0.00159	0.00084	0.00662	0.04963	0.00088	0.01117	0.0053
0.08708	0.08582	0.002	0.00693	0.02798	0.07154	0.00224	0.02495	0.00192	0.00084	0.00734	0.04743	0.00087	0.00979	0.00652
0.07709	0.07789	0.00195	0.00673	0.02544	0.06896	0.00227	0.02485	0.00174	0.00083	0.00665	0.04869	0.00088	0.00863	0.00532
0.09293	0.0884	0.00196	0.00704	0.02429	0.07141	0.00295	0.02653	0.00209	0.00089	0.00677	0.04706	0.001	0.00893	0.00476
0.07986	0.08063	0.00234	0.00731	0.02415	0.06903	0.00214	0.02519	0.00142	0.00072	0.00688	0.04608	0.00113	0.01023	0.0057
0.08998	0.09151	0.0019	0.00801	0.02303	0.0699	0.0025	0.02302	0.00199	0.00089	0.00827	0.05034	0.00151	0.01155	0.00585
0.09062	0.09935	0.00221	0.00678	0.02429	0.07087	0.0021	0.02304	0.00216	0.00085	0.00725	0.04894	0.00079	0.00849	0.00588
0.09778	0.09604	0.00209	0.00764	0.02492	0.07789	0.00205	0.02511	0.00203	0.0008	0.00886	0.05298	0.00126	0.01126	0.00579
0.09225	0.09674	0.00183	0.00699	0.02491	0.07735	0.00209	0.02557	0.00226	0.001	0.00744	0.04989	0.00135	0.00888	0.00498
0.10196	0.1065	0.00191	0.00696	0.0234	0.07622	0.00229	0.0257	0.00233	0.00098	0.00763	0.04974	0.00138	0.01017	0.00502
0.09787	0.10093	0.00221	0.00767	0.02346	0.07664	0.00162	0.02446	0.00199	0.0009	0.00771	0.05263	0.00132	0.01027	0.00634
0.10693	0.10899	0.00201	0.0064	0.028	0.07606	0.00201	0.02472	0.00166	0.00109	0.00897	0.05194	0.00121	0.00934	0.00528
0.10223	0.10265	0.00222	0.0073	0.02621	0.08013	0.00208	0.02661	0.00149	0.00088	0.00858	0.04875	0.00145	0.00996	0.00509
0.09328	0.10354	0.00191	0.00682	0.02495	0.07495	0.00193	0.02434	0.00198	0.00087	0.00733	0.04885	0.001	0.01025	0.00504
0.08861	0.09429	0.00231	0.00798	0.02462	0.07044	0.00198	0.02384	0.002	0.00106	0.00817	0.04961	0.00121	0.01367	0.00683
0.09286	0.09771	0.00224	0.00832	0.0305	0.07534	0.00172	0.0251	0.00178	0.00098	0.00781	0.05403	0.001	0.011	0.00609
0.09495	0.09242	0.00231	0.0091	0.02851	0.07242	0.00211	0.02496	0.0014	0.0009	0.00704	0.04943	0.00109	0.01254	0.00642
0.08959	0.09623	0.00224	0.00633	0.02271	0.07319	0.00199	0.02458	0.00183	0.00083	0.00707	0.04514	0.00086	0.0095	0.00596
0.08985	0.09776	0.00225	0.00652	0.02274	0.07458	0.00219	0.02734	0.00173	0.00092	0.0065	0.04655	0.00138	0.00837	0.00525
0.08768	0.09012	0.00201	0.00701	0.02104	0.06472	0.00222	0.02318	0.00179	0.00101	0.00595	0.04567	0.00117	0.01035	0.00543
0.085	0.09076	0.00198	0.00823	0.02296	0.06854	0.00215	0.02384	0.00203	0.00087	0.00628	0.0488	0.00132	0.01148	0.0051
0.08596	0.09444	0.00222	0.00822	0.02363	0.06646	0.00234	0.02403	0.00166	0.0009	0.00578	0.04858	0.00101	0.0111	0.00508
0.08479	0.08881	0.00203	0.00736	0.02568	0.06965	0.0021	0.02572	0.0016	0.00104	0.00659	0.04843	0.00094	0.00933	0.00498
0.08722	0.08527	0.00256	0.00804	0.02276	0.07064	0.0019	0.02442	0.00183	0.00099	0.0071	0.048	0.00091	0.0113	0.00532
0.09207	0.09224	0.00204	0.0075	0.01944	0.06944	0.00178	0.02362	0.00164	0.00102	0.00723	0.0466	0.00092	0.01088	0.00447
0.08819	0.08617	0.00201	0.00858	0.02199	0.0705	0.00194	0.02524	0.00195	0.0009	0.00726	0.0472	0.00115	0.01276	0.00542
0.09186	0.09112	0.00218	0.00799	0.02363	0.06884	0.00221	0.02371	0.00199	0.00087	0.00669	0.04644	0.00129	0.01077	0.00578
0.09799	0.09663	0.00177	0.00809	0.02583	0.07238	0.00234	0.02503	0.00206	0.00102	0.00793	0.05033	0.00124	0.01144	0.00508
0.08863	0.09297	0.00229	0.0068	0.02321	0.07157	0.00186	0.02635	0.002	0.00098	0.00753	0.04974	0.00086	0.00982	0.00473
0.0947	0.09929	0.00216	0.00612	inf	0.07432	0.00208	0.02508	0.00227	0.00097	0.00721	0.04903	0.00134	0.00856	0.00459
0.09213	0.09138	0.00192	0.00775	0.02452	0.07276	0.00268	0.02388	0.00186	0.00111	0.00759	0.05226	0.00095	0.01131	0.00591
0.08572	0.09059	0.00199	0.0066	0.02146	0.07063	0.00213	0.02498	0.00191	0.00094	0.0067	0.04921	0.00088	0.00975	0.00461
0.08748	0.08943	0.00237	0.00586	0.02388	0.07508	0.00284	0.02527	0.00238	0.00091	0.00665	0.04931	0.00122	0.00889	0.0046
0.10022	0.09568	0.00232	0.0062	0.02382	0.07654	0.0026	0.02502	0.0019	0.001	0.00858	0.04593	0.00105	0.00847	0.00455
0.09156	0.08915	0.00192	0.0061	0.02153	0.0751	0.00244	0.02608	0.00174	0.00093	0.00791	0.04708	0.00098	0.00972	0.00533
0.08544	0.08288	0.00199	0.00635	0.02407	0.07377	0.00292	0.02605	0.00217	0.00079	0.00651	0.04693	0.00106	0.00873	0.00454
0.08594	0.09181	0.00136	0.00565	0.02322	0.07072	0.00238	0.02438	0.00196	0.00086	0.00669	0.05035	0.00106	0.00846	0.00503
0.0866	0.09058	0.00196	0.0077	0.02293	0.07416	0.00262	0.02508	0.00236	0.001	0.00724	0.04916	0.00111	0.01069	0.00518
0.08675	0.08687	0.00233	0.00678	0.0243	0.07012	0.00224	0.02477	0.00216	0.00102	0.00653	0.04802	0.0009	0.00983	0.00594
0.08777	0.0902	0.00207	0.00739	0.02285	0.074	0.00245	0.02625	0.00189	0.00089	0.00722	0.04807	0.0013	0.01026	0.00522
0.08833	0.08306	0.00216	0.00614	0.02626	0.07115	0.00262	0.02392	0.00223	0.00101	0.00692	0.04796	0.00129	0.00828	0.00472
0.09206	0.09743	0.00204	0.00754	0.02383	0.07457	0.00292	0.02575	0.00212	0.00106	0.00758	0.04936	0.00114	0.00989	0.00547
0.0924	0.09433	0.00217	0.00585	0.02337	0.07486	0.00206	0.02584	0.00194	0.00101	0.00773	0.0485	0.00129	0.00857	0.00471
0.09106	0.09459	0.00183	0.00668	0.02426	0.07594	0.00244	0.02573	0.00223	0.00095	0.00748	0.04692	0.00105	0.01027	0.00518
0.09436	0.09697	0.00197	0.00579	0.02496	0.07409	0.00285	0.02604	0.00228	0.00091	0.00785	0.04708	0.00093	0.0094	0.0046
0.0887	0.09741	0.00195	0.00682	0.02582	0.07585	0.00295	0.02644	0.00205	0.00092	0.00742	0.04887	0.00118	0.00929	0.0052
0.09245	0.09802	0.00174	0.00708	0.02495	0.0767	0.00278	0.02603	0.00189	0.00097	0.00717	0.04567	0.00085	0.01046	0.00554
0.08785	0.08975	0.00205	0.00718	0.02511	0.07372	0.00266	0.02504	0.00182	0.00078	0.00661	0.04788	0.00109	0.00973	0.00573
0.08716	0.09013	0.00212	0.00733	0.02426	0.07509	0.00234	0.02643	0.00221	0.00107	0.0075	0.04841	0.0013	0.0099	0.00551
0.08435	0.08611	0.00217	0.00617	0.02402	0.0756	0.00236	0.02681	0.0022	0.00095	0.00649	0.04615	0.00089	0.00862	0.00492
0.08637	0.08955	0.00212	0.00713	0.02314	0.07251	0.00242	0.02651	0.00187	0.00096	0.00694	0.04791	0.00139	0.01065	0.00565
0.08366	0.08182	0.00202	0.00697	0.02522	0.07273	0.00271	0.02641	0.00195	0.00109	0.00698	0.04668	0.00122	0.00999	0.00512
0.08644	0.08551	0.0021	0.00676	0.02389	0.07481	0.00256	0.02689	0.0016	0.00098	0.00707	0.04594	0.00106	0.00967	0.005
0.08178	0.08449	0.00192	0.0061	0.02342	0.0734	0.0022	0.02653	0.0016	0.00093	0.00709	0.04749	0.00111	0.00918	0.00503
0.09121	0.09659	0.00212	0.00563	0.02312	0.07803	0.002	0.02747	0.00175	0.00101	0.00849	0.04695	0.00108	0.00903	0.00476
0.08808	0.09179	0.00226	0.00712	0.02317	0.07568	0.00233	0.02657	0.00187	0.00103	0.00789	0.04698	0.00094	0.00999	0.00509
0.08722	0.09829	0.00204	0.00644	0.02273	0.07275	0.00226	0.02639	0.00194	0.00109	0.00771	0.04919	0.00111	0.0096	0.00552
0.08828	0.09069	0.0022	0.00629	0.0236	0.07489	0.00219	0.02681	0.00183	0.00097	0.00731	0.04713	0.00104	0.00906	0.00525
0.08944	0.08999	0.0023	0.00678	0.02327	0.07647	0.00242	0.02616	0.00163	0.00101	0.00808	0.04743	0.00095	0.00982	0.00545
0.0829	0.08229	0.00206	0.00699	0.02371	0.07615	0.00237	0.02563	0.0019	0.00092	0.0071	0.04741	0.00094	0.01065	0.00586
0.0876	0.0901	0.00222	0.0063	0.02305	0.07577	0.00205	0.02656	0.00168	0.00097	0.00768	0.04718	0.00099	0.00967	0.00509
0.09208	0.09018	0.00216	0.0071	0.02265	0.07961	0.00212	0.02773	0.00186	0.00092	0.00724	0.0459	0.00081	0.01061	0.0057
0.08929	0.09344	0.00213	0.00678	0.02253	0.08006	0.00225	0.02723	0.00154	0.001	0.00803	0.04733	0.0009	0.00964	0.00494
0.09233	0.09467	0.00202	0.00624	0.02393	0.07748	0.00237	0.02736	0.00201	0.00092	0.00719	0.04675	0.001	0.00933	0.00485
0.09101	0.09078	0.00213	0.00612	0.02368	0.0787	0.00243	0.02798	0.00187	0.00104	0.00764	0.0484	0.00094	0.0093	0.0048
0.09198	0.09466	0.00225	0.0066	0.02264	0.08034	0.00231	0.0272	0.00211	0.00107	0.00764	0.04694	0.00086	0.00927	0.005
0.0926	0.09343	0.00212	0.00665	0.02457	0.08029	0.00279	0.02759	0.00171	0.0008	0.00779	0.04794	0.00083	0.00987	0.00519
0.09089	0.0909	0.00201	0.00695	0.02513	0.07774	0.00227	0.02657	0.00181	0.00094	0.00791	0.04766	0.00126	0.01019	0.00553
0.09005	0.09317	0.00229	0.0065	0.02423	0.07727	0.00207	0.02816	0.00171	0.00101	0.00808	0.04648	0.00122	0.00874	0.00464
0.09019	0.0906	0.00206	0.00558	0.0241	0.07744	0.00252	0.02699	0.00165	0.00107	0.00763	0.04806	0.00094	0.00886	0.00469
0.0887	0.08977	0.00232	0.00653	0.0248	0.0768	0.00246	0.02523	0.00149	0.00097	0.00765	0.04592	0.00104	0.01026	0.00529
0.09134	0.08978	0.00223	0.00576	0.02372	0.07531	0.00218	0.02611	0.00151	0.00102	0.00804	0.04571	0.00095	0.00916	0.00495
0.09416	0.09992	0.00214	0.0069	0.02476	0.07801	0.00216	0.02731	0.0016	0.00112	0.00772	0.04529	0.00123	0.01015	0.00532
0.09106	0.09381	0.00218	0.00701	0.02244	0.07644	0.00224	0.02701	0.00174	0.00114	0.00768	0.04939	0.00105	0.01039	0.00523
0.09197	0.09542	0.00216	0.00633	0.02268	0.07532	0.00247	0.02541	0.0018	0.001	0.00745	0.04648	0.00116	0.00909	0.00481
0.0922	0.094	0.00239	0.0064	0.02316	0.07654	0.0026	0.02715	0.00192	0.00097	0.0079	0.04858	0.00095	0.01003	0.0052
0.0896	0.0928	0.0026	0.00631	0.02442	0.07931	0.00231	0.02664	0.00163	0.00094	0.00771	0.04844	0.00088	0.00931	0.00473
0.08947	0.09258	0.00259	0.00627	0.02331	0.0751	0.00267	0.02556	0.00175	0.00078	0.00719	0.04783	0.00095	0.00982	0.00506
0.09104	0.09009	0.00201	0.00621	0.02437	0.07713	0.00214	0.02694	0.00176	0.00095	0.00741	0.04859	0.00103	0.00866	0.00443
0.08637	0.09084	0.0023	0.00649	0.02333	0.07466	0.0026	0.02518	0.00179	0.001	0.00735	0.04751	0.00092	0.00918	0.0049
0.09181	0.09532	0.00206	0.00643	0.02271	0.07523	0.00259	0.02613	0.00207	0.00106	0.00734	0.04788	0.00114	0.00962	0.00521
0.09215	0.0997	0.00223	0.00676	0.02491	0.07685	0.00253	0.02547	0.00181	0.00096	0.00733	0.04773	0.00102	0.00989	0.00493
0.09363	0.09924	0.00229	0.00679	0.02301	0.07806	0.0026	0.02635	0.00192	0.0011	0.00792	0.04629	0.00122	0.01018	0.00503
0.08908	0.08857	0.00208	0.00683	0.02382	0.0771	0.00228	0.02646	0.00164	0.00105	0.00768	0.04779	0.00093	0.01019	0.00481
0.09469	0.09578	0.00206	0.00654	0.0239	0.07676	0.00232	0.0261	0.0016	0.00099	0.00759	0.04743	0.00104	0.01036	0.00517
