1	12.628798611111112	9.15001171875
2	7.088742361111111	7.287240625
3	5.890895138888889	6.52526875
4	5.385422569444445	6.169223828125
5	5.073413888888889	5.962387890625
6	4.825546875	5.771634375
7	4.660408680555555	5.750127734375
8	4.548225	5.555025390625
9	4.4184986111111115	5.51164609375
10	4.308433680555556	5.470245703125
11	4.218700694444444	5.27853671875
12	4.079318402777778	5.263896875
13	4.039234375	5.1870125
14	3.877911111111111	5.155680078125
15	3.8260930555555555	5.175709375
16	3.781307638888889	5.10214140625
17	3.7019027777777778	4.975424609375
18	3.635928472222222	5.09042421875
19	3.5520368055555553	5.197388671875
20	3.6132381944444445	5.13058828125
21	3.591119791666667	5.1820015625
22	3.4120701388888888	4.91054296875
23	3.282157986111111	4.98712734375
24	3.283480208333333	4.811566015625
25	3.2412635416666666	4.88915703125
26	3.234840625	4.82283984375
27	3.083083333333333	4.71685859375
28	3.06753125	4.86466171875
29	2.9842989583333335	4.82178359375
30	2.9224520833333334	4.603526953125
31	2.9793666666666665	4.945604296875
32	2.925100347222222	4.61612578125
33	2.7658916666666666	4.5261328125
34	2.7900977430555556	4.74314609375
35	2.8665112847222223	4.828366796875
36	2.7023546875	4.70000078125
37	2.6469932291666667	4.34982578125
38	2.6286352430555557	4.59692265625
39	2.5872555555555556	4.38278046875
40	2.5535241319444446	4.59611640625
41	2.6007230902777776	4.658558984375
42	2.597821354166667	4.62071640625
43	2.4447338541666666	4.518609375
44	2.502221527777778	4.45595234375
45	2.4966954861111113	4.51235546875
46	2.4086310763888887	4.6758484375
47	2.352902951388889	4.599859765625
48	2.459193576388889	4.664046484375
49	2.3305088541666668	4.47905234375
50	2.310198784722222	4.4350625
51	2.1949006944444442	4.3785984375
52	2.159231597222222	4.363997265625
53	2.208522048611111	4.335207421875
54	2.122689236111111	4.3242296875
55	2.1365883680555555	4.507779296875
56	2.0898571180555554	4.321626171875
57	2.093291840277778	4.37253125
58	2.0424390625	4.387612890625
59	1.9812706597222223	4.35386171875
60	1.9374788194444443	4.246360546875
61	1.9631347222222222	4.273475
62	1.848118576388889	4.318326953125
63	1.9175465277777777	4.522001171875
64	1.872046875	4.42512734375
65	1.8205296875	4.369721484375
66	1.790246875	4.3757765625
67	1.7927458333333333	4.19370625
68	1.8595782986111111	4.3389578125
69	1.7998434027777779	4.38134296875
70	1.7842199652777777	4.298270703125
71	1.754690625	4.3917765625
72	1.6778027777777778	4.305436328125
73	1.6202453125	4.3563921875
74	1.5723282986111111	4.064853125
75	1.5387758680555557	4.13301171875
76	1.4689404513888888	4.14784453125
77	1.591703125	4.324375
78	1.4155961805555555	4.239008203125
79	1.4308598090277778	4.050818359375
80	1.348171875	4.054644921875
81	1.3173360243055556	4.0078375
82	1.3457823784722223	4.270718359375
83	1.3431036458333334	4.3313328125
84	1.2266715277777778	4.13319921875
85	1.2741909722222222	4.268266015625
86	1.2230495659722223	3.971325
87	1.168243142361111	4.05521015625
88	1.2180244791666666	4.2842078125
89	1.1760358506944444	4.23160703125
90	1.0611539930555556	4.209097265625
91	1.1729893229166666	4.160123046875
92	1.2298895833333334	4.045371875
93	1.0978786458333334	4.206503125
94	1.0890749131944444	4.36278828125
95	1.1178903645833334	4.2795234375
96	1.0588015625	4.1733234375
97	1.0775198784722222	4.114544140625
98	1.0058431423611112	4.124574609375
99	0.9757067708333333	4.019471875
100	0.8761859375	4.285455859375
101	0.8326171006944444	4.06110859375
102	0.8223190104166667	4.023086328125
103	1.083778298611111	4.34183828125
104	1.017602951388889	4.0703609375
105	1.0391814236111112	4.028564453125
106	0.8867301215277777	3.827775390625
107	0.7602889756944444	3.96908203125
108	0.7423271701388889	4.11091875
109	0.7993029513888888	4.069765625
110	0.6877063802083333	4.04650234375
111	0.6536243055555555	3.994565234375
112	0.5948847222222222	3.852778125
113	0.6260197916666667	4.1486171875
114	0.5648934895833333	3.89241015625
115	0.5195696614583334	3.767673046875
116	0.4173951388888889	4.11281875
117	0.38038949652777776	4.128493359375
118	0.5203710069444445	3.842412890625
119	0.4454700954861111	3.799566015625
120	0.38403602430555556	3.97117734375
121	0.29437391493055554	3.9455140625
122	0.46272513020833334	3.960519921875
123	0.44891688368055555	3.76471484375
124	0.29551844618055556	3.8859890625
125	0.38778246527777777	3.833425
126	0.4796669704861111	3.842419921875
127	0.25699286024305557	3.720612109375
128	0.2626742404513889	3.71499375
129	0.22321495225694443	3.823866015625
130	0.2072107421875	3.96706875
131	0.2143400173611111	3.8973078125
132	0.17056639539930554	3.777798046875
133	0.0656942654079861	3.79553203125
134	0.09391157769097222	3.72165859375
135	0.17769255642361112	3.815197265625
136	0.16426376953125	3.83754140625
137	0.07204042426215278	3.638165234375
138	-0.08750481770833334	3.619205078125
139	-0.13252770182291668	3.85934765625
140	-0.01803005913628472	3.81132890625
141	-0.1558264865451389	3.70022734375
142	-0.15798522135416668	3.73744921875
143	-0.15761827256944444	3.73198671875
144	-0.13915335286458333	3.6515171875
145	-0.06037053493923611	3.61715546875
146	-0.10191080729166667	3.653991796875
147	-0.10524174262152777	3.568687109375
148	-0.1895701171875	3.5394703125
149	-0.3150713107638889	3.712903125
150	-0.2627173828125	3.653421875
151	-0.3592788845486111	3.51019296875
152	-0.3444066623263889	3.62384765625
153	-0.3928466145833333	3.85088125
154	-0.3950587673611111	3.54265234375
155	-0.5033640190972222	3.735241796875
156	-0.268311328125	3.5095765625
157	-0.3123712022569444	3.500496484375
158	-0.4261931423611111	3.507653125
159	-0.4661690972222222	3.5293078125
160	-0.5772264322916667	3.473458203125
161	-0.5502598524305555	3.3262703125
162	-0.5890229166666666	3.50337421875
163	-0.6703663194444445	3.505231640625
164	-0.7400002604166667	3.115999609375
165	-0.8354737847222222	3.211868359375
166	-0.7950959201388889	3.43540078125
167	-0.8453584201388888	3.47109609375
168	-0.82960859375	3.462844140625
169	-0.8634256944444444	3.395734765625
170	-0.9290671006944444	3.20763125
171	-0.8653831597222222	3.2759154296875
172	-0.8954214409722222	3.546407421875
173	-1.0018221354166668	3.27894375
174	-0.9277434895833333	3.45293515625
175	-0.9559159722222222	3.381758984375
176	-0.9742747395833333	3.378633984375
177	-1.047123263888889	3.40042265625
178	-1.0536557291666666	3.3219484375
179	-1.0152874131944445	3.299751953125
180	-1.1125631076388889	3.1989552734375
181	-1.1745202256944445	3.237837109375
182	-1.0443785590277779	3.240819140625
183	-1.2114322916666667	3.126176171875
184	-1.2315209201388888	3.0908533203125
185	-1.191853298611111	3.26602265625
186	-1.333354861111111	3.240467578125
187	-1.238955295138889	3.278591015625
188	-1.3044675347222223	3.244162890625
189	-1.3304080729166667	3.157405078125
190	-1.2942760416666668	3.17252265625
191	-1.3756225694444444	3.3280515625
192	-1.3895052951388889	3.1252314453125
193	-1.4711013888888889	3.015777734375
194	-1.36428671875	3.3684125
195	-1.1179680555555556	3.4247171875
196	-1.3459532118055555	3.211191015625
197	-1.3728885416666667	3.0277857421875
198	-1.5103010416666667	3.0190470703125
199	-1.5242748263888888	3.47308515625
200	-1.6070973958333334	3.234962890625
201	-1.5602965277777778	3.14216875
202	-1.6741666666666666	3.136949609375
203	-1.7444571180555555	3.179589453125
204	-1.7642895833333334	3.11402265625
205	-1.7720085069444445	2.9456044921875
206	-1.6995055555555556	3.1954669921875
207	-1.7497140625	3.2155791015625
208	-1.7874276041666666	3.0993765625
209	-1.7256897569444445	3.069298828125
210	-1.8187517361111112	3.078703515625
211	-1.6619470486111112	3.14210703125
212	-1.8046909722222222	3.03069140625
213	-1.952688888888889	2.8103166015625
214	-2.009261284722222	2.987167578125
215	-2.0636833333333335	2.9809908203125
216	-2.0326715277777776	2.95906328125
217	-2.0682774305555554	2.7996609375
218	-1.7343401041666666	3.110312109375
219	-1.9599947916666667	2.8288921875
220	-2.171306423611111	3.0562568359375
221	-2.1716682291666665	2.809265234375
222	-2.2552003472222224	2.769345703125
223	-2.0705375	2.77381484375
224	-2.1797694444444446	2.96276015625
225	-2.057376215277778	3.09294609375
226	-2.1183753472222224	2.9273521484375
227	-2.27795625	2.961835546875
228	-2.319990277777778	2.790065625
229	-2.2515638888888887	2.95124765625
230	-2.285853125	2.801128125
231	-2.3239352430555558	2.75269609375
232	-2.4311461805555554	2.8655091796875
233	-2.3947982638888887	2.8735349609375
234	-2.3740427083333335	2.852445703125
235	-2.487120138888889	2.765760546875
236	-2.4195149305555557	2.783922265625
237	-2.4953416666666666	2.68178671875
238	-2.538072222222222	2.8521572265625
239	-2.5349564236111113	2.834871484375
240	-2.628	2.704159375
241	-2.651540972222222	2.7217244140625
242	-2.671761458333333	2.771375390625
243	-2.646638888888889	2.851979296875
244	-2.6266784722222223	2.90746796875
245	-2.7277276041666667	2.6722666015625
246	-2.737805729166667	2.8154259765625
247	-2.782457986111111	2.6779763671875
248	-2.7668680555555554	2.6250603515625
249	-2.8827305555555554	2.86049765625
250	-2.7983135416666665	2.636613671875
251	-2.9153041666666666	2.5745587890625
252	-2.9536486111111113	2.7610595703125
253	-3.0197506944444443	2.7106892578125
254	-3.015501388888889	2.6034458984375
255	-3.014459375	2.64053515625
256	-3.065423263888889	2.618459375
257	-3.0698416666666666	2.578059765625
258	-3.190806597222222	2.5719857421875
259	-3.1778024305555554	2.535485546875
260	-3.2860027777777776	2.530859375
261	-3.155022916666667	2.5881244140625
262	-3.2127614583333335	2.548449609375
263	-3.265534375	2.6249765625
264	-3.22998125	2.58224375
265	-3.2739975694444445	2.67593515625
266	-3.334029513888889	2.49893515625
267	-3.38001875	2.8031349609375
268	-3.3703743055555555	2.774711328125
269	-3.2563670138888887	2.814658984375
270	-3.329066666666667	2.7637427734375
271	-3.399856597222222	2.64155625
272	-3.4065496527777777	2.5893560546875
273	-3.492326388888889	2.336830078125
274	-3.5151951388888887	2.3575525390625
275	-3.532448611111111	2.2993806640625
276	-3.5889732638888887	2.273458203125
277	-3.689473263888889	2.343202734375
278	-3.6799340277777777	2.25343359375
279	-3.639079861111111	2.2862779296875
280	-3.667304513888889	2.18348671875
281	-3.754962847222222	2.1266552734375
282	-3.7826743055555556	2.2970103515625
283	-3.6974677083333334	2.3986869140625
284	-3.777494791666667	2.4253333984375
285	-3.797005902777778	2.1703107421875
286	-3.785379513888889	2.234575390625
287	-3.8339128472222224	2.423287109375
288	-3.806276388888889	2.2005384765625
289	-3.8744479166666665	2.441250390625
290	-3.86293125	2.14255390625
291	-3.9267371527777777	2.116138671875
292	-3.925002777777778	2.0400037109375
293	-3.9821475694444444	2.2724611328125
294	-4.038505555555555	2.277369140625
295	-3.9894131944444444	2.0285353515625
296	-4.100190277777778	2.153841015625
297	-4.027208680555556	2.113391015625
298	-4.053708333333334	2.1209390625
299	-4.081422222222222	2.0448576171875
300	-4.148476388888889	2.1977396484375
301	-4.117967361111111	2.232325
302	-4.167813541666667	2.273205859375
303	-4.147336111111111	2.1404125
304	-4.163752430555555	2.2336181640625
305	-4.209853125	2.3173234375
306	-4.26486875	2.19031796875
307	-4.267331597222222	2.1400328125
308	-4.288337847222222	2.14233828125
309	-4.293625	2.2451650390625
310	-4.320284027777777	1.7922458984375
311	-4.310511805555556	2.12741640625
312	-4.340021527777778	2.1475373046875
313	-4.431536111111111	2.21318828125
314	-4.409138888888889	2.0975666015625
315	-4.390425	1.960119921875
316	-4.502523611111111	2.06070546875
317	-4.4497527777777774	1.988411328125
318	-4.465409722222223	2.14645703125
319	-4.512951041666667	2.0601669921875
320	-4.534744791666666	2.2212837890625
321	-4.568374652777778	2.11749140625
322	-4.542474305555555	2.1230126953125
323	-4.560659027777778	1.88133515625
324	-4.56766875	2.0417529296875
325	-4.646556944444445	1.8860236328125
326	-4.623717013888889	1.957191796875
327	-4.656734375	2.002871484375
328	-4.702374652777777	2.0396751953125
329	-4.742979861111111	1.9735447265625
330	-4.7079152777777775	1.973418359375
331	-4.757894097222223	2.00026171875
332	-4.758585763888889	1.9653744140625
333	-4.7420479166666665	1.9280833984375
334	-4.818382986111111	1.8574947265625
335	-4.775512847222222	1.698885546875
336	-4.818	2.0252287109375
337	-4.833954861111111	1.8642705078125
338	-4.8189118055555555	1.8485791015625
339	-4.8049375	1.7994302734375
340	-4.875330208333334	1.7524009765625
341	-4.8395020833333335	1.968390234375
342	-4.919254513888889	1.9078203125
343	-4.925932638888889	1.90896328125
344	-4.931567708333334	1.8436490234375
345	-4.8880333333333335	1.7964208984375
346	-4.956702430555556	1.865985546875
347	-4.917296527777777	1.92135859375
348	-4.952659375	1.9858130859375
349	-4.995595486111111	1.7499501953125
350	-4.978242708333333	1.899301953125
351	-4.956402083333334	1.786340234375
352	-5.054496527777777	1.83873515625
353	-4.978795833333334	1.99469140625
354	-4.998551736111111	1.7536064453125
355	-5.091285416666667	1.7914001953125
356	-5.080706597222222	1.9122806640625
357	-5.020612847222222	1.7777744140625
358	-5.031347916666666	1.7999265625
359	-5.1076902777777775	1.7279947265625
360	-5.114757986111111	1.883084765625
361	-5.178603819444445	1.8206064453125
362	-5.081353472222222	1.8612009765625
363	-5.172321527777778	1.7285779296875
364	-5.217669791666666	1.9106365234375
365	-5.174768402777778	1.7776794921875
366	-5.176057638888889	1.7675783203125
367	-5.196953472222222	1.655333203125
368	-5.202609375	1.723812109375
369	-5.182578125	1.7473091796875
370	-5.204831944444445	1.7126072265625
371	-5.175234027777778	1.727030078125
372	-5.277117013888889	1.6437392578125
373	-5.218556944444445	1.6999560546875
374	-5.208621527777778	1.7844861328125
375	-5.186369097222222	1.7314857421875
376	-5.220883680555556	1.688019140625
377	-5.231934375	1.8922001953125
378	-5.287411111111111	1.837781640625
379	-5.244431597222222	1.878907421875
380	-5.297486805555556	1.8729482421875
381	-5.311849305555556	1.614284765625
382	-5.238121180555556	1.773478515625
383	-5.266592361111111	1.6705953125
384	-5.2661541666666665	1.89976796875
385	-5.316344097222222	1.692365625
386	-5.265948263888889	1.8240720703125
387	-5.285599652777778	1.6441044921875
388	-5.2964697916666665	1.800950390625
389	-5.317922569444445	1.7021859375
390	-5.271242361111111	1.6332794921875
391	-5.306530208333333	1.8073763671875
392	-5.251634722222223	1.8152408203125
393	-5.252650347222223	1.7295607421875
394	-5.282169791666667	1.6310798828125
395	-5.306282638888889	1.6370109375
396	-5.267556597222222	1.723346875
397	-5.278840277777777	1.7866734375
398	-5.2915753472222224	1.8011673828125
399	-5.3040375	1.7488453125
400	-5.25139375	1.731295703125
