1	57.814838888888886	33.88658125
2	21.27660138888889	17.28349375
3	12.563322222222222	11.6106015625
4	9.156911805555556	9.07904140625
5	7.581916666666666	7.5280421875
6	6.47074375	6.781484375
7	5.681019097222222	5.89021484375
8	5.27665625	5.70500625
9	4.788410069444445	5.25392265625
10	4.417392708333334	4.785534375
11	4.185475347222222	4.454044140625
12	3.87424375	4.3056859375
13	3.7220951388888888	4.324696484375
14	3.504313888888889	3.884888671875
15	3.3520944444444445	3.7689859375
16	3.2368319444444444	3.888003125
17	3.1284833333333335	3.951176953125
18	3.0089472222222224	3.50308046875
19	2.7429517361111113	3.16845390625
20	2.762973611111111	3.256531640625
21	2.553115798611111	3.1376640625
22	2.4850133680555557	2.8855240234375
23	2.3605104166666666	2.9680279296875
24	2.338611284722222	3.0885712890625
25	2.29493125	2.7613404296875
26	2.1757862847222222	2.580390625
27	2.0756883680555553	2.5149197265625
28	2.036131597222222	2.642412890625
29	1.9703715277777778	2.5914326171875
30	1.8875736111111112	2.6338978515625
31	1.8447039930555555	2.443789453125
32	1.7341961805555555	2.296152734375
33	1.7407786458333334	2.512866796875
34	1.702148263888889	2.179682421875
35	1.5231397569444445	2.0638796875
36	1.45301953125	2.163715625
37	1.4685043402777778	2.1994501953125
38	1.4328918402777777	2.195984765625
39	1.4208682291666668	1.9763537109375
40	1.3234046875	2.4078384765625
41	1.28309375	1.972629296875
42	1.2346809895833333	2.0913677734375
43	1.1489065972222223	1.98248125
44	1.0719691840277779	1.86913125
45	1.076973263888889	1.8843556640625
46	1.0278199652777777	1.7843703125
47	0.9767995659722222	1.9390322265625
48	0.9219142361111111	1.9040478515625
49	0.8049146701388888	1.62137412109375
50	0.8255194444444445	1.7164755859375
51	0.7719380208333333	1.791953125
52	0.7956010416666667	1.6252365234375
53	0.6638601996527778	1.6784796875
54	0.7747604166666666	1.6572390625
55	0.6481872395833334	1.5376609375
56	0.5475467013888888	1.6633416015625
57	0.5524049479166667	1.55012578125
58	0.49303463541666664	1.579561328125
59	0.41542452256944445	1.522761328125
60	0.43786493055555553	1.5846052734375
61	0.4004967447916667	1.73851640625
62	0.4003532552083333	1.7101234375
63	0.3367174045138889	1.6306208984375
64	0.30795125868055556	1.46191123046875
65	0.3052716579861111	1.2099150390625
66	0.21306206597222221	1.213221484375
67	0.17935973307291667	1.388661328125
68	0.10233783637152778	1.219757421875
69	0.10543628472222222	1.3866638671875
70	0.020262934027777776	1.3451107421875
71	0.1723818359375	1.34634912109375
72	0.15532109375	1.34936611328125
73	0.05112941623263889	1.21189541015625
74	-0.07606497938368055	1.073247265625
75	-0.05270913628472222	1.261751171875
76	-0.134543359375	1.18655595703125
77	-0.0944230685763889	1.31521953125
78	-0.052321685112847224	1.07484697265625
79	-0.17716838107638888	1.2483322265625
80	-0.24842628038194445	1.00665390625
81	-0.25366979166666664	1.0311404296875
82	-0.23490629340277777	0.957576953125
83	-0.35128268229166665	0.84748466796875
84	-0.3636447048611111	1.38566875
85	-0.37541341145833335	0.98656552734375
86	-0.47414982638888886	0.68668984375
87	-0.5770534722222223	0.97755087890625
88	-0.4963322048611111	0.827314453125
89	-0.5672271701388889	0.9017408203125
90	-0.6173277777777778	0.705459765625
91	-0.6527248697916667	0.783102734375
92	-0.6144443142361111	0.81886875
93	-0.6443370225694445	0.67513232421875
94	-0.7017391493055556	0.93349345703125
95	-0.721581640625	0.6494169921875
96	-0.7506848958333333	0.6137119140625
97	-0.78025625	0.8340794921875
98	-0.8837724826388889	0.6393541015625
99	-0.9170167534722222	0.62020751953125
100	-0.9268116319444445	0.58623310546875
101	-0.9315513020833334	0.78505859375
102	-0.9829230034722222	0.56246591796875
103	-0.9924921006944445	0.5595193359375
104	-0.9358705729166666	0.66545634765625
105	-0.97493359375	0.4592349609375
106	-1.0632789930555555	0.5199861328125
107	-1.1455516493055555	0.614923046875
108	-1.1056979166666667	0.37476259765625
109	-1.1591914930555556	0.701729296875
110	-1.2137602430555556	0.475088671875
111	-1.2762899305555555	0.5558818359375
112	-1.2735548611111112	0.5470767578125
113	-1.2429934895833334	0.33285224609375
114	-1.31356328125	0.334409765625
115	-1.3497888020833333	0.54869619140625
116	-1.3208638020833334	0.292509375
117	-1.4550284722222222	0.4123072265625
118	-1.4864288194444444	0.1995634765625
119	-1.4926210069444446	0.4351564453125
120	-1.444280295138889	0.4843369140625
121	-1.4793555555555555	0.661386328125
122	-1.4990286458333333	0.63254716796875
123	-1.5762567708333333	0.2714875
124	-1.590520486111111	0.275731640625
125	-1.607252951388889	0.305141015625
126	-1.6452050347222222	0.2700841796875
127	-1.7321088541666667	0.2100658203125
128	-1.6716895833333334	0.15541484375
129	-1.6854727430555556	0.072742578125
130	-1.7065270833333333	0.054098046875
131	-1.8248539930555556	0.0687951171875
132	-1.888752951388889	0.00680234375
133	-1.9096189236111112	-0.013211328125
134	-1.9473862847222223	-0.0175482421875
135	-1.9694961805555555	-0.13050546875
136	-1.9948368055555556	-0.0088751953125
137	-1.9416538194444444	-0.031042578125
138	-2.001915798611111	-0.0729556640625
139	-2.0527578125	0.0237865234375
140	-2.0698223958333335	-0.01267578125
141	-2.0857914930555554	-0.27811640625
142	-2.1100144097222224	-0.2844126953125
143	-2.202725347222222	-0.1799890625
144	-2.232650347222222	-0.1215927734375
145	-2.2370699652777777	-0.0549607421875
146	-2.2202640625	-0.1846296875
147	-2.249062847222222	-0.2037958984375
148	-2.259860590277778	-0.1173974609375
149	-2.268707291666667	-0.1969240234375
150	-2.2538515625	-0.352715234375
151	-2.3058368055555554	-0.39222109375
152	-2.346581076388889	-0.4591369140625
153	-2.4342019097222223	-0.417549609375
154	-2.375395833333333	-0.390290234375
155	-2.546943576388889	-0.385396484375
156	-2.597073263888889	-0.4194865234375
157	-2.602721875	-0.5244041015625
158	-2.6181137152777776	-0.4516068359375
159	-2.624579513888889	-0.36165859375
160	-2.6065682291666668	-0.1892134765625
161	-2.470613541666667	-0.1658490234375
162	-2.5396946180555555	-0.551978125
163	-2.687463541666667	-0.525698046875
164	-2.7580024305555555	-0.5571240234375
165	-2.721220486111111	-0.58552890625
166	-2.822360763888889	-0.4228201171875
167	-2.759373611111111	-0.463164453125
168	-2.8412118055555555	-0.6313724609375
169	-2.955454513888889	-0.5731845703125
170	-2.9427666666666665	-0.6607419921875
171	-2.980164236111111	-0.5451103515625
172	-2.884841145833333	-0.54266015625
173	-2.8940430555555556	-0.4359056640625
174	-2.9331819444444442	-0.4325298828125
175	-2.947844791666667	-0.662630078125
176	-3.0472743055555553	-0.7271123046875
177	-3.103842361111111	-0.512796875
178	-2.993362847222222	-0.5168619140625
179	-2.9729538194444443	-0.5737333984375
180	-3.102610763888889	-0.6011482421875
181	-3.158589236111111	-0.6380529296875
182	-3.1671038194444443	-0.6790970703125
183	-3.211021875	-0.696407421875
184	-3.090220138888889	-0.8201494140625
185	-3.287578472222222	-0.786426953125
186	-3.29525	-0.7106716796875
187	-3.3299697916666666	-0.7205416015625
188	-3.376488888888889	-0.74041953125
189	-3.412411458333333	-0.939316015625
190	-3.3751809027777777	-0.8139951171875
191	-3.3821618055555556	-1.017683203125
192	-3.4222836805555557	-0.8025716796875
193	-3.499228125	-1.0386982421875
194	-3.5458614583333334	-0.9495427734375
195	-3.557072916666667	-1.0010857421875
196	-3.5525524305555556	-0.9925822265625
197	-3.6173104166666668	-0.8789046875
198	-3.493326388888889	-0.99719296875
199	-3.621493402777778	-1.149286328125
200	-3.704740277777778	-1.0090892578125
201	-3.7815295138888887	-1.18510546875
202	-3.7264975694444447	-1.124168359375
203	-3.833095833333333	-1.128408203125
204	-3.746534027777778	-1.0264427734375
205	-3.8235413194444443	-1.1649490234375
206	-3.81708125	-1.1973748046875
207	-3.825015625	-1.0463603515625
208	-3.8934430555555557	-1.086452734375
209	-3.9757180555555554	-1.1633689453125
210	-3.8820166666666664	-1.1670111328125
211	-3.9690003472222224	-1.0860517578125
212	-3.9107208333333334	-1.26461328125
213	-4.048330208333334	-1.16387578125
214	-4.094233680555556	-1.3341505859375
215	-4.094801041666667	-1.4222708984375
216	-4.141570486111111	-1.41643359375
217	-4.114777430555556	-1.2322470703125
218	-4.107447569444444	-1.4154041015625
219	-4.198238888888889	-1.311827734375
220	-4.195209722222223	-1.38919375
221	-4.2391097222222225	-1.342027734375
222	-4.283703819444445	-1.5184529296875
223	-4.194703819444444	-1.2950744140625
224	-4.257723611111111	-1.23853125
225	-4.1933694444444445	-1.5045484375
226	-4.286691666666667	-1.438915625
227	-4.295261111111111	-1.2560052734375
228	-4.381268402777778	-1.484560546875
229	-4.461147222222222	-1.4627896484375
230	-4.446685416666667	-1.6076140625
231	-4.509307986111111	-1.5710603515625
232	-4.489400347222222	-1.540921875
233	-4.468580208333333	-1.7326259765625
234	-4.556735763888889	-1.62048671875
235	-4.56949375	-1.705976953125
236	-4.616978472222222	-1.6687228515625
237	-4.613021875	-1.63590390625
238	-4.622717361111111	-1.475931640625
239	-4.650680555555556	-1.715462109375
240	-4.646047222222222	-1.635396484375
241	-4.690855555555555	-1.64718515625
242	-4.711934375	-1.700546484375
243	-4.686285763888889	-1.575141796875
244	-4.633903472222222	-1.708162890625
245	-4.772942708333333	-1.64890546875
246	-4.818957291666667	-1.8306640625
247	-4.842245138888889	-1.7808611328125
248	-4.8285833333333334	-1.8180357421875
249	-4.742572222222222	-1.91591015625
250	-4.836604861111111	-1.828673828125
251	-4.920872569444445	-1.881133984375
252	-4.923660069444445	-1.776460546875
253	-4.965614930555556	-1.943367578125
254	-5.007525347222222	-1.900571875
255	-5.013734722222222	-1.9392927734375
256	-5.091926388888889	-1.8207328125
257	-5.037388541666667	-1.7102630859375
258	-5.0989836805555555	-1.8836484375
259	-5.110350347222222	-1.85705078125
260	-5.122697916666667	-2.033957421875
261	-5.155572569444445	-2.109037890625
262	-5.185299652777778	-2.00068359375
263	-5.209342708333334	-2.1025109375
264	-5.243639583333334	-2.03410703125
265	-5.260044791666667	-2.07474609375
266	-5.276379861111111	-2.085204296875
267	-5.3318159722222225	-1.9564037109375
268	-5.343777083333333	-2.177810546875
269	-5.39353125	-2.2064537109375
270	-5.40059375	-2.2035734375
271	-5.387664236111111	-2.0870103515625
272	-5.4404635416666665	-2.181343359375
273	-5.500238541666667	-2.1936744140625
274	-5.46585625	-2.06864375
275	-5.5371725694444445	-2.3222931640625
276	-5.553387152777778	-2.2624203125
277	-5.5581170138888885	-2.142173046875
278	-5.535767708333333	-2.12197734375
279	-5.585901388888889	-2.295794140625
280	-5.5826770833333335	-2.1286267578125
281	-5.632275694444444	-2.2693240234375
282	-5.696003819444444	-2.242763671875
283	-5.681771180555556	-2.3693529296875
284	-5.687300347222222	-2.427812109375
285	-5.720232986111111	-2.42705390625
286	-5.721523611111111	-2.323565234375
287	-5.721861458333334	-2.233955078125
288	-5.7733315972222226	-2.3509125
289	-5.822813194444445	-2.39953984375
290	-5.839274305555556	-2.3221609375
291	-5.813344791666666	-2.3556103515625
292	-5.872909027777777	-2.4066095703125
293	-5.904529861111111	-2.4047921875
294	-5.905334722222222	-2.431865625
295	-5.917963194444445	-2.4696126953125
296	-5.89984375	-2.39452734375
297	-5.926797916666667	-2.6307091796875
298	-5.888647916666667	-2.3941400390625
299	-6.006995833333334	-2.526941015625
300	-5.987679166666667	-2.5320626953125
301	-6.0355847222222225	-2.6340224609375
302	-6.051020138888889	-2.6657904296875
303	-6.069253472222222	-2.6420884765625
304	-6.0682631944444445	-2.593601171875
305	-6.142761111111111	-2.4538494140625
306	-6.130603472222222	-2.5734005859375
307	-6.132417361111111	-2.681571484375
308	-6.168731944444445	-2.53231328125
309	-6.173072222222222	-2.6800419921875
310	-6.177727083333333	-2.71489375
311	-6.231720138888889	-2.678963671875
312	-6.2445625	-2.574769140625
313	-6.204164583333333	-2.626105859375
314	-6.228678472222223	-2.6061080078125
315	-6.2511930555555555	-2.51546875
316	-6.27984375	-2.6570615234375
317	-6.324527777777778	-2.53203671875
318	-6.317299305555555	-2.700175
319	-6.342933333333334	-2.740376953125
320	-6.358371527777778	-2.76748515625
321	-6.392389583333333	-2.758091015625
322	-6.3631472222222225	-2.75884921875
323	-6.3698805555555555	-2.71728828125
324	-6.423850694444444	-2.7033076171875
325	-6.417729166666667	-2.9186056640625
326	-6.464	-2.834119921875
327	-6.420939583333333	-2.7524244140625
328	-6.446648611111111	-2.865521875
329	-6.463670138888889	-2.879155078125
330	-6.499125	-2.818105078125
331	-6.4407298611111115	-2.759342578125
332	-6.475047222222222	-2.806421484375
333	-6.5217631944444445	-2.875156640625
334	-6.541235416666667	-2.76451015625
335	-6.530513888888889	-2.9610498046875
336	-6.527019444444444	-2.8528080078125
337	-6.556456944444444	-2.95025
338	-6.596235416666667	-3.06320546875
339	-6.616322916666666	-2.962453125
340	-6.5786645833333335	-2.994018359375
341	-6.626739583333333	-3.01152578125
342	-6.577774305555556	-2.710691796875
343	-6.521326388888889	-2.8875509765625
344	-6.66475625	-2.97306328125
345	-6.665752777777778	-2.87860625
346	-6.697953472222222	-2.910809765625
347	-6.634331944444445	-2.9506833984375
348	-6.696930555555555	-2.8165642578125
349	-6.704625	-2.914122265625
350	-6.69693125	-3.002851953125
351	-6.770205555555555	-2.8967171875
352	-6.767611805555555	-2.9568203125
353	-6.762004861111111	-3.054692578125
354	-6.799925694444444	-2.9068439453125
355	-6.828265972222222	-2.87384140625
356	-6.769273611111111	-2.9415984375
357	-6.778972222222222	-2.9953427734375
358	-6.828959722222222	-3.016246484375
359	-6.805070833333334	-2.967134765625
360	-6.818968055555556	-2.9818037109375
361	-6.827731944444444	-3.049619921875
362	-6.796197916666666	-2.9761361328125
363	-6.8497152777777774	-2.907237890625
364	-6.828202083333333	-3.08568515625
365	-6.860327083333333	-3.08107734375
366	-6.848966666666667	-3.11870703125
367	-6.911802777777778	-3.076012109375
368	-6.917418055555555	-3.125901953125
369	-6.904884027777777	-3.02226875
370	-6.93401875	-2.98846640625
371	-6.878511111111111	-2.98638671875
372	-6.901077777777778	-3.115612890625
373	-6.954652777777778	-3.17631953125
374	-6.913879166666667	-2.9881572265625
375	-6.9099208333333335	-3.075835546875
376	-6.91066875	-2.91837421875
377	-6.9215430555555555	-2.9292365234375
378	-6.934558333333333	-2.9411646484375
379	-6.963331944444445	-3.11387890625
380	-6.9442965277777775	-3.09049765625
381	-6.955373611111111	-3.1671544921875
382	-6.931970138888889	-2.9704806640625
383	-6.955886805555555	-3.092415625
384	-6.95635	-2.8857173828125
385	-6.9247701388888885	-3.064993359375
386	-6.96305	-3.0929546875
387	-6.958088888888889	-2.98326875
388	-6.950789583333333	-2.944996875
389	-6.9447173611111115	-3.1426755859375
390	-6.954950694444444	-3.2301486328125
391	-6.9642381944444445	-3.1883046875
392	-6.956920833333333	-3.141300390625
393	-6.9635875	-3.2034283203125
394	-6.961236111111111	-2.987277734375
395	-6.938641666666666	-3.113219140625
396	-6.96485625	-3.207682421875
397	-6.990279166666666	-3.3136453125
398	-7.017890972222222	-3.13690390625
399	-6.956868055555556	-2.90508203125
400	-6.930747222222222	-3.000452734375
