1	20.683691666666668	18.934284375
2	17.496784722222223	16.186571875
3	15.243206944444445	14.685684375
4	14.014797222222223	13.5126421875
5	13.074156944444445	12.7685578125
6	12.464009722222222	12.19384296875
7	11.981772222222222	11.79913125
8	11.494044444444445	11.2846484375
9	11.111190277777778	10.8913375
10	10.6705	10.4619765625
11	10.289981944444444	10.1639921875
12	9.95850138888889	9.8355390625
13	9.654395138888889	9.52202265625
14	9.351495833333333	9.16027109375
15	9.061079166666667	8.98262890625
16	8.85644236111111	8.7136984375
17	8.63558125	8.6160265625
18	8.460858333333332	8.36938359375
19	8.232555555555555	8.17676953125
20	8.055489583333333	7.92496171875
21	7.904486805555556	7.8997671875
22	7.769461805555555	7.698603125
23	7.630288888888889	7.64431015625
24	7.45109375	7.319646875
25	7.347486111111111	7.15209609375
26	7.149160416666667	7.04385703125
27	7.100129166666667	6.91628984375
28	6.9137208333333335	6.779828125
29	6.7717479166666665	6.726778125
30	6.754340277777778	6.6159734375
31	6.605367361111111	6.509408203125
32	6.4771826388888885	6.45420234375
33	6.396595138888889	6.305426953125
34	6.326418055555555	6.285315625
35	6.1799277777777775	6.181634375
36	6.142429861111111	6.090834375
37	6.032768055555556	6.03394921875
38	5.9538423611111115	6.04428203125
39	5.896344444444445	5.960720703125
40	5.7935767361111115	5.74606796875
41	5.772641319444444	5.68661640625
42	5.624300347222222	5.659127734375
43	5.678406597222223	5.682029296875
44	5.577425347222222	5.51811015625
45	5.5004486111111115	5.539053125
46	5.451757638888889	5.475537109375
47	5.4123930555555555	5.523953515625
48	5.342570138888889	5.325881640625
49	5.274491666666667	5.3206765625
50	5.264970833333333	5.2951328125
51	5.190446875	5.04914296875
52	5.13041875	5.20958046875
53	5.071138888888889	5.1119234375
54	5.083445486111111	4.96866875
55	4.998152083333333	5.0238984375
56	4.998276388888889	5.07460703125
57	4.937794791666667	4.932973828125
58	4.940484375	5.00837265625
59	4.8602614583333335	4.9387734375
60	4.818604513888889	4.87525234375
61	4.762416666666667	4.8328546875
62	4.728631597222222	4.722575390625
63	4.6876798611111115	4.807292578125
64	4.656597569444444	4.63011484375
65	4.632143055555556	4.6667609375
66	4.597080902777778	4.5925796875
67	4.563675	4.602457421875
68	4.562583680555556	4.50374609375
69	4.465871527777778	4.450748046875
70	4.461703125	4.4750734375
71	4.444896875	4.57659453125
72	4.416121180555556	4.410252734375
73	4.378964930555555	4.41103984375
74	4.331934027777778	4.39669296875
75	4.318453125	4.2894609375
76	4.244393402777778	4.1795203125
77	4.242951041666666	4.354629296875
78	4.230259027777778	4.24578515625
79	4.1601875	4.31533203125
80	4.1087375	4.17844140625
81	4.0880631944444445	4.19196640625
82	4.074589236111111	4.132150390625
83	4.031816666666667	4.0850421875
84	3.9740072916666667	4.062822265625
85	3.9991430555555554	4.14772890625
86	3.9642006944444446	4.102746484375
87	3.9649854166666665	3.9872859375
88	3.9821586805555556	4.163087109375
89	3.924471875	3.93036875
90	3.8548458333333335	3.96418671875
91	3.8653059027777776	3.874904296875
92	3.7888149305555556	4.0552390625
93	3.7917920138888888	3.85684765625
94	3.766859722222222	3.845124609375
95	3.7446038194444444	3.790928515625
96	3.69981875	3.79028203125
97	3.6756809027777777	3.67427109375
98	3.6734559027777776	3.81979921875
99	3.6812788194444446	3.67331875
100	3.6425131944444447	3.74777109375
101	3.589834375	3.81710859375
102	3.6101444444444444	3.615780078125
103	3.542429513888889	3.579626171875
104	3.5305715277777776	3.58210234375
105	3.5455368055555554	3.66548671875
106	3.5527850694444445	3.543234765625
107	3.5283652777777776	3.57406875
108	3.4920319444444443	3.516412890625
109	3.4503090277777777	3.515204296875
110	3.4218836805555557	3.58882109375
111	3.4868375	3.509416015625
112	3.442124652777778	3.537162109375
113	3.4210947916666665	3.49120390625
114	3.361740625	3.514458984375
115	3.409217013888889	3.4131671875
116	3.392104861111111	3.41435234375
117	3.383932986111111	3.446083984375
118	3.355887847222222	3.450025
119	3.345585763888889	3.47077109375
120	3.3142440972222222	3.34681875
121	3.309225	3.4750796875
122	3.307248611111111	3.4403484375
123	3.287030902777778	3.428415234375
124	3.2522659722222222	3.358479296875
125	3.272576736111111	3.32758671875
126	3.258251388888889	3.383953125
127	3.264435763888889	3.2570255859375
128	3.2160416666666665	3.35190703125
129	3.1912246527777777	3.293173046875
130	3.1823840277777777	3.359625390625
131	3.1647083333333335	3.243794921875
132	3.2216708333333335	3.34580390625
133	3.161803472222222	3.221147265625
134	3.126413888888889	3.23566328125
135	3.1179118055555555	3.22489765625
136	3.1218184027777776	3.200583984375
137	3.1078715277777778	3.1951724609375
138	3.0431586805555555	3.1028380859375
139	3.0841989583333334	3.29452890625
140	3.0797725694444447	3.250023046875
141	3.0582583333333333	3.1446591796875
142	3.048037152777778	3.1636330078125
143	3.0344847222222224	3.173366796875
144	3.047775347222222	3.0792234375
145	3.0079833333333332	3.0976046875
146	3.0116878472222224	3.0500935546875
147	2.992897222222222	3.109405078125
148	3.0006458333333335	3.1026046875
149	2.967323263888889	3.018887890625
150	2.952915625	3.083902734375
151	2.980237152777778	3.115210546875
152	2.93911875	2.988773046875
153	2.919225347222222	3.0419296875
154	2.9730170138888887	3.10315859375
155	2.9093664930555554	3.000916015625
156	2.9060758680555554	2.966308984375
157	2.8785454861111113	3.01857578125
158	2.8979348958333335	2.9901203125
159	2.871534722222222	3.0368498046875
160	2.8690409722222223	2.97331953125
161	2.8353385416666668	2.974402734375
162	2.8077178819444444	2.99816328125
163	2.8371461805555556	3.036064453125
164	2.8197078125	2.93742890625
165	2.8149149305555556	2.938137109375
166	2.8082932291666665	2.930415625
167	2.80838125	2.92392890625
168	2.7833057291666665	3.0443609375
169	2.7622520833333333	2.89871328125
170	2.741640451388889	2.8812541015625
171	2.7360899305555555	2.8617244140625
172	2.7512074652777776	2.889296875
173	2.7041008680555554	2.870287109375
174	2.7526284722222223	2.813705859375
175	2.7102928819444445	2.857926171875
176	2.7171734375	2.8801912109375
177	2.6921758680555556	2.88375703125
178	2.660944965277778	2.8167271484375
179	2.657849826388889	2.76675
180	2.637465798611111	2.874134375
181	2.6788171875	2.85572734375
182	2.636507986111111	2.755962109375
183	2.5794993055555557	2.79073671875
184	2.6216772569444444	2.77219765625
185	2.5588491319444446	2.7811001953125
186	2.5967805555555556	2.751016015625
187	2.5663961805555555	2.848902734375
188	2.5781161458333335	2.73494453125
189	2.539429513888889	2.748211328125
190	2.5451434027777777	2.736554296875
191	2.523336979166667	2.7133849609375
192	2.5308357638888888	2.7188484375
193	2.521949826388889	2.701238671875
194	2.495198784722222	2.67819296875
195	2.5166215277777777	2.6759796875
196	2.4673967013888887	2.6424544921875
197	2.451004861111111	2.60764453125
198	2.4286953125	2.632105859375
199	2.472263888888889	2.63695390625
200	2.437241840277778	2.66586640625
201	2.431487673611111	2.5530458984375
202	2.4086145833333332	2.539882421875
203	2.4237375	2.5759802734375
204	2.3709302083333332	2.5769873046875
205	2.3761710069444444	2.5664412109375
206	2.382710763888889	2.5313447265625
207	2.342546875	2.5976025390625
208	2.342410590277778	2.570883203125
209	2.2953444444444444	2.5415703125
210	2.3288850694444445	2.565568359375
211	2.3067369791666668	2.5118599609375
212	2.299058159722222	2.5320771484375
213	2.2884961805555557	2.5023099609375
214	2.279878125	2.5154435546875
215	2.2880902777777776	2.48558203125
216	2.2657026041666666	2.4764041015625
217	2.230376909722222	2.4168384765625
218	2.270586111111111	2.504669140625
219	2.2639510416666666	2.47829765625
220	2.197529340277778	2.4046765625
221	2.2063125	2.4914609375
222	2.178846701388889	2.3985408203125
223	2.1500206597222222	2.4549375
224	2.163461284722222	2.3970546875
225	2.1515741319444444	2.3686537109375
226	2.1432649305555556	2.3930208984375
227	2.1129857638888887	2.3305884765625
228	2.1259387152777776	2.3552556640625
229	2.090890798611111	2.3332830078125
230	2.0847803819444444	2.394835546875
231	2.074795659722222	2.3813154296875
232	2.070473090277778	2.345573046875
233	2.0546039930555557	2.29237578125
234	2.057784548611111	2.299862109375
235	2.029744791666667	2.37989921875
236	2.0167269097222222	2.3459796875
237	2.028601215277778	2.3005166015625
238	1.9716376736111112	2.298858203125
239	1.9812366319444445	2.2143986328125
240	1.9689855902777778	2.308878125
241	1.9574565972222222	2.35367578125
242	1.9635883680555555	2.2467935546875
243	1.9831123263888888	2.2867265625
244	1.9043300347222223	2.2175236328125
245	1.8837666666666666	2.2054876953125
246	1.8544689236111112	2.2857876953125
247	1.8661951388888889	2.24046015625
248	1.8792637152777778	2.23134140625
249	1.8586324652777777	2.173765625
250	1.8067802083333333	2.150112890625
251	1.8085970486111111	2.1264703125
252	1.7993440972222223	2.16049921875
253	1.8140956597222222	2.1437296875
254	1.7741666666666667	2.212565625
255	1.762436111111111	2.201633984375
256	1.7166678819444445	2.074665625
257	1.7054069444444444	2.117627734375
258	1.7127088541666666	2.0461923828125
259	1.6921	2.05338203125
260	1.66621875	2.0659763671875
261	1.652892361111111	2.092216015625
262	1.6651017361111111	2.0774787109375
263	1.6119163194444444	2.039156640625
264	1.5886545138888888	2.0144376953125
265	1.5506769097222222	1.9792431640625
266	1.5660194444444444	2.01216484375
267	1.5825046875	1.998330859375
268	1.5469215277777777	1.95865234375
269	1.504728298611111	1.931896484375
270	1.5455371527777777	1.99395859375
271	1.5012125	1.9013224609375
272	1.4764590277777778	1.9598611328125
273	1.4805758680555556	1.850215234375
274	1.4716770833333332	1.8540470703125
275	1.4242184027777778	1.9475978515625
276	1.4239723090277778	1.8629416015625
277	1.3895344618055556	1.8217642578125
278	1.4077006944444443	1.909155859375
279	1.3780848090277777	1.853499609375
280	1.3503344618055555	1.91026953125
281	1.3689252604166666	1.8260734375
282	1.30926171875	1.849003125
283	1.360890625	1.817134375
284	1.3217744791666666	1.785246875
285	1.2886771701388888	1.8399533203125
286	1.278132204861111	1.7937673828125
287	1.2076105902777778	1.7345361328125
288	1.1786120659722221	1.69946953125
289	1.21998984375	1.750505859375
290	1.1932712673611112	1.7212693359375
291	1.169280642361111	1.6719216796875
292	1.1766456597222221	1.7223671875
293	1.1497795138888889	1.7153271484375
294	1.1805234375	1.7409033203125
295	1.1455107638888888	1.72861953125
296	1.10397265625	1.7014765625
297	1.0957746527777779	1.663105859375
298	1.106270486111111	1.698484765625
299	1.0640748263888888	1.71225703125
300	1.0916991319444445	1.66575546875
301	1.045657986111111	1.6293775390625
302	1.0080456597222223	1.71687265625
303	1.0327244791666668	1.65509921875
304	1.0544363715277778	1.8059755859375
305	1.1020856770833334	1.71588359375
306	0.9942994791666667	1.7376314453125
307	1.0256000868055555	1.7998728515625
308	1.0193457465277778	1.6814796875
309	0.9473297743055555	1.6634484375
310	0.9458289930555556	1.600021484375
311	0.9287032118055556	1.57983515625
312	0.9029739583333334	1.643322265625
313	0.8823293402777778	1.50207138671875
314	0.8299060763888889	1.5560607421875
315	0.8090705729166666	1.5497291015625
316	0.7768907118055556	1.52084306640625
317	0.7808354166666667	1.4866697265625
318	0.7606491319444444	1.49931650390625
319	0.7425856770833333	1.40738359375
320	0.7345615451388889	1.4579677734375
321	0.70453125	1.3762078125
322	0.6871415364583333	1.3880337890625
323	0.6517836805555556	1.45078740234375
324	0.6255704861111111	1.39354853515625
325	0.6333408420138888	1.2798986328125
326	0.59399296875	1.372424609375
327	0.5697614149305555	1.34024453125
328	0.5725233506944445	1.2524775390625
329	0.5365716145833334	1.40257080078125
330	0.5562779079861111	1.28427998046875
331	0.5040634548611111	1.3366154296875
332	0.5115188368055555	1.2852568359375
333	0.54378984375	1.27870244140625
334	0.45191705729166665	1.251330078125
335	0.44306297743055556	1.29495625
336	0.40485086805555554	1.2263046875
337	0.41935772569444446	1.229203515625
338	0.405135546875	1.1737130859375
339	0.3658712239583333	1.3018927734375
340	0.4533108072916667	1.1691396484375
341	0.32896579861111114	1.1182078125
342	0.3019011935763889	1.19732421875
343	0.26709155815972224	1.08502421875
344	0.23765868055555556	1.0467728515625
345	0.2537651692708333	1.14647822265625
346	0.26674053819444443	1.14023916015625
347	0.200894921875	1.08244716796875
348	0.1957478515625	1.06063037109375
349	0.16785274522569443	1.09165498046875
350	0.1722401150173611	1.1257072265625
351	0.16396858723958332	1.098508203125
352	0.14174274088541666	0.987414453125
353	0.11523591579861112	1.0090060546875
354	0.09468986545138888	1.02391875
355	0.11413985460069444	1.01478486328125
356	0.11853387586805555	1.0217986328125
357	0.10800646701388888	0.996473046875
358	0.041672330729166665	0.95503623046875
359	0.015916266547309026	0.89612724609375
360	-0.02994912380642361	0.90620380859375
361	-0.06400030381944445	0.95428330078125
362	-0.005834537082248264	0.96219296875
363	-0.01983323974609375	0.978975390625
364	-0.03233525933159722	0.9949544921875
365	-0.08473172200520833	0.8243595703125
366	-0.11945838758680556	0.798348828125
367	-0.15577080078125	0.8865064453125
368	-0.16150499131944446	0.746525244140625
369	-0.16916622178819443	0.82523017578125
370	-0.19813422309027778	0.83020888671875
371	-0.21597562934027778	0.84628134765625
372	-0.19031197916666667	0.8185974609375
373	-0.22051959635416668	0.75819091796875
374	-0.24805394965277777	0.7663515625
375	-0.2755898654513889	0.7765427734375
376	-0.29547545572916667	0.7009416015625
377	-0.30607220052083334	0.68569462890625
378	-0.33404255642361114	0.6880158203125
379	-0.24934876302083334	0.80331533203125
380	-0.1080743923611111	0.81752333984375
381	-0.3445449435763889	0.733394677734375
382	-0.3202145182291667	0.7833474609375
383	-0.377646484375	0.653815380859375
384	-0.39730086805555553	0.67886416015625
385	-0.44094605034722223	0.746797607421875
386	-0.44977274305555554	0.669337060546875
387	-0.4527431857638889	0.542558349609375
388	-0.5194155815972222	0.57122109375
389	-0.47425381944444445	0.6219486328125
390	-0.49477860243055555	0.58470810546875
391	-0.5999006944444445	0.5468203125
392	-0.5948802517361111	0.58534892578125
393	-0.6229939670138889	0.604458203125
394	-0.6221522135416667	0.480929833984375
395	-0.6149509548611111	0.601214794921875
396	-0.5680932725694444	0.54077841796875
397	-0.6167572482638889	0.52674404296875
398	-0.6852876736111111	0.4466052734375
399	-0.7586059027777777	0.440970947265625
400	-0.7960846354166666	0.418948291015625
