mass_1	mass_2	phase	time	distance	a_1	a_2	tilt_1	tilt_2	phi_12	phi_jl	theta_jn	psi	ra	dec
0.0528	0.02307	0.04508	0.13827	0.00344	0.02418	0.04332	0.00675	0.00907	0.04216	0.04279	0.06506	0.04011	0.05482	0.08745
0.07473	0.02087	0.0447	0.13636	0.00255	0.02558	0.04288	0.00676	0.00968	0.04157	0.04448	0.05615	0.03854	0.04582	0.06983
0.06574	0.02111	0.0428	0.13225	0.00333	0.02646	0.04319	0.00793	0.01177	0.04042	0.04473	0.05052	0.04037	0.0633	0.07151
0.06349	0.0198	0.04367	0.11178	0.00432	0.02651	0.04175	0.01444	0.00927	0.04174	0.04527	0.04392	0.03954	0.05681	0.06942
0.05861	0.01896	0.0451	0.10364	0.0038	0.02647	0.0429	0.01264	0.00998	0.04013	0.04416	0.04032	0.03883	0.05302	0.0658
0.06714	0.01807	0.04301	0.09089	0.00366	0.02953	0.04275	0.01705	0.00907	0.03945	0.04574	0.03739	0.0388	0.05584	0.0651
0.06625	0.01734	0.04251	0.08361	0.004	0.02941	0.04233	0.0149	0.01126	0.03865	0.0527	0.0399	0.03783	0.05452	0.06079
0.06825	0.01762	0.04204	0.07299	0.00523	0.02728	0.04179	0.01475	0.01136	0.03753	0.05	0.03205	0.04	0.05148	0.05855
0.06919	0.01831	0.04185	0.06559	0.00469	0.02777	0.04194	0.0153	0.01089	0.03692	0.04073	0.03105	0.03786	0.04857	0.06047
0.06751	0.01787	0.04168	0.06451	0.00432	0.02717	0.04126	0.01534	0.00981	0.03418	0.03039	0.03166	0.03857	0.04766	0.05686
0.0711	0.0202	0.04242	0.05488	0.00455	0.02633	0.04111	0.0194	0.01024	0.03176	0.03034	0.02635	0.03895	0.04636	0.0512
0.07067	0.01999	0.04181	0.05297	0.00731	0.02723	0.04119	0.01708	0.01184	0.03189	0.02826	0.02723	0.03865	0.0421	0.04683
0.06981	0.0205	0.04138	0.04608	0.00325	0.02785	0.04048	0.02017	0.00933	0.03078	0.02693	0.02723	0.03962	0.03964	0.04599
0.07509	0.02136	0.04064	0.04141	0.00854	0.03033	0.03952	0.01793	0.0096	0.02896	0.02824	0.01858	0.03719	0.04078	0.04438
0.06978	0.02126	0.03985	0.0378	0.00397	0.03158	0.04009	0.01725	0.00804	0.02736	0.02713	0.02211	0.0358	0.03974	0.04244
0.07372	0.02193	0.04006	0.03556	0.00731	0.03213	0.04016	0.01659	0.00844	0.02653	0.02606	0.01845	0.03615	0.03769	0.04699
0.07193	0.02411	0.03986	0.03163	0.00555	0.02439	0.0394	0.01611	0.00781	0.02544	0.02682	0.01631	0.03689	0.03836	0.04321
0.07065	0.02392	0.03933	0.02952	0.0053	0.02395	0.03819	0.01746	0.00766	0.02468	0.02856	0.01524	0.03588	0.03719	0.03892
0.07127	0.02448	0.03964	0.02741	0.0054	0.02691	0.03899	0.01645	0.00707	0.02333	0.0267	0.01613	0.03403	0.03823	0.03881
0.07014	0.024	0.03936	0.02587	0.00433	0.02881	0.03852	0.01513	0.00709	0.02357	0.02349	0.01713	0.03497	0.04042	0.03267
0.07098	0.02521	0.03939	0.0263	0.00383	0.03137	0.03802	0.01859	0.00652	0.02172	0.02379	0.01775	0.03209	0.03297	0.0328
0.07151	0.02514	0.03861	0.02249	0.00589	0.03063	0.03917	0.01572	0.00726	0.02096	0.02601	0.01913	0.03086	0.03341	0.03327
0.07083	0.02574	0.03912	0.02413	0.00871	0.025	0.03694	0.01557	0.00902	0.02106	0.02233	0.02766	0.0296	0.03326	0.03431
0.07081	0.02623	0.03713	0.01962	0.00432	0.03379	0.03681	0.01818	0.00735	0.0189	0.02209	0.01211	0.02776	0.0331	0.03261
0.06847	0.02596	0.03734	0.02142	0.00577	0.02726	0.03744	0.01672	0.00654	0.0179	0.02224	0.02646	0.02715	0.02947	0.03024
0.06886	0.02592	0.0376	0.01926	0.01031	0.02185	0.03732	0.01394	0.00715	0.01688	0.02141	0.04155	0.02554	0.03049	0.03039
0.06737	0.02483	0.03793	0.01709	0.00578	0.02367	0.03672	0.01385	0.00657	0.01638	0.02064	0.01527	0.02608	0.03371	0.02519
0.06782	0.02676	0.036	0.015	0.0081	0.02666	0.03612	0.01388	0.00609	0.01535	0.02084	0.02389	0.02318	0.03157	0.02498
0.06663	0.02693	0.03503	0.01835	0.00475	0.01939	0.03498	0.01582	0.00714	0.01412	0.02011	0.03293	0.0227	0.02988	0.02397
0.06598	0.02722	0.03531	0.01429	0.00878	0.02098	0.03625	0.0166	0.00664	0.01322	0.02056	0.01609	0.0217	0.03081	0.02447
0.06605	0.02722	0.03484	0.01545	0.00677	0.02311	0.03495	0.01316	0.00682	0.01235	0.02058	0.04135	0.02034	0.0315	0.02356
0.06524	0.02753	0.03249	0.01376	0.005	0.03658	0.03414	0.01442	0.0073	0.01103	0.021	0.03264	0.01978	0.02787	0.01953
0.06337	0.02629	0.03186	0.01119	0.0108	0.03004	0.03489	0.01422	0.00624	0.01108	0.01936	0.02847	0.01789	0.02741	0.0186
0.06224	0.02522	0.03166	0.01111	0.00492	0.01883	0.03415	0.01203	0.00686	0.00884	0.01996	0.03076	0.01724	0.03014	0.02021
0.0621	0.02631	0.0295	0.0084	0.00883	0.01603	0.03393	0.01232	0.00652	0.0075	0.01998	0.05297	0.01656	0.02569	0.02033
0.05892	0.02503	0.0292	0.00924	0.00723	0.02393	0.03339	0.01144	0.00645	0.00644	0.01981	0.05374	0.01487	0.02821	0.02073
0.05955	0.02548	0.02738	0.00815	0.00601	0.02932	0.03286	0.01214	0.00674	0.0059	0.02017	0.03976	0.01296	0.02631	0.01539
0.05871	0.02594	0.02678	0.00769	0.00326	0.02	0.03408	0.01091	0.00597	0.00545	0.02045	0.04671	0.0113	0.02442	0.01668
0.05645	0.02538	0.02602	0.01131	0.00453	0.0222	0.03349	0.01065	0.00612	0.00418	0.02023	0.02916	0.01155	0.02404	0.01514
0.05631	0.02466	0.02483	0.00829	0.007	0.02516	0.03277	0.00988	0.00593	0.00348	0.01939	0.03838	0.00971	0.02571	0.01395
0.05534	0.02477	0.02354	0.00822	0.00697	0.02109	0.03301	0.01041	0.00652	0.00327	0.0196	0.04264	0.01011	0.02477	0.01243
0.05472	0.02404	0.02273	0.0058	0.0216	0.02269	0.03302	0.01034	0.00624	0.00297	0.0189	0.04326	0.00901	0.02186	0.01409
0.05196	0.02318	0.02171	0.01118	0.00963	0.02178	0.03207	0.01179	0.00641	0.00277	0.01993	0.05051	0.00835	0.02561	0.01488
0.05114	0.02384	0.02065	0.00591	0.014	0.02228	0.03064	0.01109	0.00626	0.00254	0.01874	0.05548	0.00851	0.02022	0.01345
0.04928	0.02283	0.01976	0.00345	0.00744	0.0243	0.03019	0.01133	0.00663	0.00256	0.0196	0.05969	0.00863	0.02446	0.01507
0.05065	0.02296	0.01885	0.00392	0.01496	0.02661	0.03133	0.00948	0.00621	0.00212	0.02337	0.04069	0.00775	0.017	0.01453
0.04757	0.02255	0.01855	0.00369	0.01157	0.02353	0.02953	0.01027	0.00658	0.00175	0.02089	0.06655	0.00687	0.02034	0.01655
0.04709	0.02236	0.01827	0.00231	0.01429	0.03129	0.03012	0.01226	0.00578	0.00184	0.01988	0.03601	0.00825	0.01571	0.01444
0.04538	0.02154	0.01799	0.00577	0.00866	0.03423	0.02964	0.01369	0.00635	0.00129	0.0198	0.03579	0.00761	0.02065	0.013
0.04269	0.02067	0.01649	0.00421	0.01392	0.03365	0.03034	0.0143	0.00629	0.00117	0.01851	0.02567	0.00669	0.01627	0.0135
0.04264	0.02035	0.01673	0.00452	0.00983	0.03007	0.02945	0.0117	0.00567	0.00148	0.0186	0.0287	0.00616	0.0127	0.01118
0.04199	0.01995	0.01647	0.00384	0.00872	0.02767	0.0291	0.01167	0.00622	0.0013	0.01658	0.03299	0.0078	0.01647	0.01211
0.0403	0.01961	0.01561	0.00432	0.00896	0.02495	0.02757	0.01135	0.0059	0.0011	0.01671	0.04814	0.00695	0.01323	0.01356
0.03779	0.01839	0.01448	0.00337	0.00888	0.0223	0.02797	0.00953	0.00621	0.00153	0.0213	0.03198	0.00627	0.01627	0.01074
0.03908	0.01879	0.01425	0.00314	0.00544	0.02593	0.02819	0.01133	0.00616	0.00117	0.01803	0.03953	0.00598	0.01339	0.00975
0.03563	0.01682	0.0144	0.0038	0.00976	0.02843	0.02767	0.01413	0.00658	0.00119	0.01667	0.03806	0.00678	0.01453	0.01116
0.03486	0.01797	0.01347	0.00326	0.01388	0.02765	0.02769	0.01215	0.00659	0.00106	0.02105	0.05164	0.00518	0.01627	0.01132
0.03367	0.01648	0.01334	0.00493	0.02021	0.03498	0.02802	0.01257	0.00607	0.00091	0.01773	0.02905	0.00557	0.01688	0.01105
0.03162	0.01571	0.01342	0.0026	0.01726	0.03463	0.02806	0.01032	0.00612	0.00104	0.01823	0.06232	0.00577	0.01565	0.01058
0.03177	0.0161	0.01322	0.00241	0.02732	0.02043	0.02701	0.01265	0.00578	0.00111	0.02022	0.04989	0.0054	0.01475	0.00936
0.03184	0.01595	0.01283	0.00324	0.01878	0.02624	0.02695	0.00993	0.00554	0.00115	0.02118	0.06304	0.00496	0.01472	0.00995
0.02953	0.01608	0.01256	0.00306	0.02115	0.02415	0.02578	0.01117	0.00651	0.00098	0.01835	0.04591	0.00513	0.01384	0.01061
0.02752	0.01491	0.01188	0.00206	0.01717	0.0217	0.02626	0.01134	0.00684	0.00067	0.0169	0.05115	0.00504	0.01132	0.00801
0.02577	0.01341	0.01188	0.00327	0.02596	0.02964	0.02446	0.01015	0.00647	0.00058	0.01971	0.0606	0.00429	0.0115	0.00893
0.02522	0.0139	0.01236	0.00236	0.01523	0.02866	0.02576	0.0136	0.00604	0.00079	0.01715	0.05247	0.00396	0.01073	0.01125
0.02467	0.01331	0.01152	0.00294	0.01851	0.03957	0.02602	0.01676	0.00596	0.00072	0.01605	0.07687	0.00463	0.01277	0.00985
0.02529	0.01385	0.01212	0.0017	0.022	0.02988	0.0249	0.01447	0.00562	0.00064	0.01778	0.06549	0.00456	0.01161	0.00876
0.02303	0.01284	0.01137	0.00584	0.01908	0.03494	0.02556	0.01426	0.00596	0.00079	0.01692	0.05693	0.00537	0.01038	0.00635
0.02105	0.01101	0.01102	0.00364	0.01515	0.03028	0.02376	0.01542	0.00577	0.00054	0.01883	0.06004	0.00351	0.01253	0.00672
0.02127	0.01208	0.01187	0.00168	0.01431	0.03466	0.02379	0.01393	0.00547	0.00094	0.01888	0.06383	0.00304	0.00991	0.00873
0.02213	0.01223	0.01121	0.00724	0.007	0.02942	0.02435	0.01539	0.00582	0.0008	0.01879	0.06913	0.00328	0.0107	0.00882
0.02023	0.01151	0.01093	0.00876	0.02138	0.02685	0.02256	0.01333	0.00582	0.00084	0.01941	0.06811	0.0032	0.01776	0.01316
0.01894	0.01095	0.01049	0.00181	0.01256	0.0334	0.0223	0.01165	0.00568	0.00049	0.01984	0.09714	0.00278	0.0127	0.00952
0.019	0.01152	0.01009	0.00533	0.01963	0.04321	0.02182	0.01097	0.00661	0.00063	0.01899	0.06722	0.00372	0.01475	0.00856
0.01796	0.01006	0.00954	0.00384	0.01545	0.01991	0.02256	0.01058	0.00563	0.00056	0.01542	0.03958	0.0024	0.01227	0.00762
0.0174	0.01067	0.01052	0.00144	0.01496	0.02989	0.02232	0.01052	0.00582	0.00047	0.01722	0.04441	0.00177	0.00915	0.00692
0.01824	0.01116	0.01057	0.00207	0.01544	0.03333	0.0221	0.01473	0.00608	0.00064	0.0173	0.04089	0.00245	0.01104	0.00598
0.01703	0.01037	0.0102	0.00239	0.04046	0.02547	0.02184	0.01121	0.00641	0.00069	0.0165	0.06588	0.00201	0.01024	0.00724
0.01575	0.00925	0.00958	0.00095	0.01287	0.03476	0.0222	0.01737	0.00593	0.00062	0.01589	0.04274	0.00248	0.0058	0.00548
0.01501	0.00882	0.00989	0.00301	0.02491	0.02421	0.02276	0.01204	0.00623	0.00042	0.01677	0.06539	0.00215	0.00915	0.00835
0.01467	0.00881	0.00948	0.00191	0.0214	0.03058	0.02068	0.01484	0.00638	0.00056	0.01668	0.04922	0.00228	0.00814	0.0081
0.01476	0.00923	0.01021	0.00193	0.02911	0.03625	0.02045	0.01485	0.00566	0.00055	0.01622	0.06309	0.00159	0.00775	0.00553
0.01506	0.00993	0.00935	0.00171	0.02277	0.03595	0.02042	0.01714	0.00517	0.00053	0.01523	0.06652	0.00183	0.0081	0.00844
0.0134	0.00891	0.00924	0.0023	0.022	0.02114	0.02107	0.01163	0.00556	0.00054	0.01671	0.07191	0.00159	0.00698	0.00589
0.0128	0.00795	0.00952	0.00392	0.02106	0.02363	0.02076	0.01249	0.00586	0.00088	0.01767	0.06379	0.00111	0.01096	0.00755
0.01306	0.00866	0.00939	0.00238	0.0277	0.02412	0.02091	0.01393	0.00554	0.00085	0.01599	0.07491	0.00192	0.00982	0.01014
0.01227	0.00776	0.00938	0.00144	0.01754	0.02235	0.02024	0.01112	0.00613	0.00074	0.01579	0.06658	0.00259	0.00669	0.00379
0.01391	0.0097	0.00921	0.0012	0.0205	0.03	0.01936	0.01395	0.00579	0.00067	0.01931	0.06967	0.00202	0.00741	0.00936
0.01287	0.00853	0.00956	0.00403	0.02147	0.0307	0.01902	0.01713	0.00598	0.00079	0.01841	0.05239	0.00163	0.01112	0.01136
0.01199	0.00812	0.00898	0.00711	0.02606	0.02987	0.01945	0.01517	0.00534	0.00085	0.01708	0.05586	0.00128	0.0128	0.00804
0.01049	0.00737	0.00909	0.00541	0.01638	0.03275	0.01912	0.01685	0.00501	0.00051	0.02208	0.06502	0.00148	0.01472	0.00993
0.01047	0.00734	0.00811	0.00518	0.02081	0.03239	0.01861	0.01542	0.00546	0.00074	0.01905	0.0464	0.00189	0.01196	0.00731
0.01021	0.00727	0.00866	0.00348	0.02537	0.02655	0.01862	0.0177	0.00516	0.00075	0.02108	0.05601	0.00082	0.01106	0.00759
0.01049	0.00798	0.00899	0.0032	0.01889	0.04288	0.01946	0.01943	0.00547	0.00059	0.01981	0.04851	0.0014	0.00832	0.01023
0.01099	0.00802	0.00877	0.00236	0.02347	0.03934	0.01853	0.01829	0.00538	0.00048	0.0186	0.06202	0.00134	0.00413	0.00464
0.0109	0.00857	0.00863	0.00576	0.01921	0.03644	0.01817	0.01914	0.0052	0.00043	0.01736	0.05316	0.0013	0.00942	0.00862
0.00999	0.00719	0.00846	0.00146	0.01953	0.0371	0.01851	0.01689	0.0057	0.00044	0.01898	0.07167	0.00155	0.00584	0.0036
0.00899	0.00667	0.00868	0.00295	0.0329	0.03032	0.01781	0.01443	0.00599	0.00043	0.01662	0.07497	0.0014	0.00629	0.00797
0.00986	0.00711	0.00809	0.00169	0.01924	0.03891	0.01789	0.01678	0.00541	0.00037	0.0164	0.05621	0.00255	0.00592	0.00519
0.00956	0.00752	0.00816	0.00393	0.02644	0.03897	0.01861	0.02021	0.0056	0.00078	0.01896	0.04678	0.00134	0.0068	0.00676
0.0099	0.00754	0.00819	0.00234	0.01692	0.03841	0.01738	0.01805	0.00516	0.00049	0.01652	0.0484	0.00166	0.00451	0.00526
0.00918	0.00696	0.00817	0.01606	0.01124	0.03681	0.01687	0.01842	0.00503	0.00041	0.0174	0.03433	0.00168	0.01764	0.01445
0.00949	0.00748	0.00791	0.00196	0.02008	0.02602	0.01656	0.01319	0.00504	0.00052	0.01967	0.06765	0.00182	0.00701	0.00462
0.00812	0.00635	0.00763	0.00395	0.01509	0.03283	0.01624	0.01506	0.00541	0.0008	0.01978	0.04553	0.00091	0.00818	0.00703
0.00826	0.0068	0.00753	0.00401	0.01342	0.02416	0.01601	0.01256	0.00482	0.00054	0.01704	0.03283	0.00148	0.01131	0.00508
0.0074	0.00608	0.00805	0.00453	0.01838	0.03031	0.01619	0.01473	0.00517	0.00048	0.02097	0.05585	0.00121	0.01181	0.00658
0.00882	0.00697	0.00741	0.00208	0.02028	0.03371	0.01547	0.01657	0.00507	0.00057	0.01929	0.05153	0.00098	0.00788	0.00466
0.00785	0.00632	0.00748	0.00314	0.01461	0.03202	0.01515	0.0134	0.00526	0.00064	0.02027	0.07712	0.00096	0.01019	0.00551
0.00721	0.00592	0.00806	0.00243	0.01927	0.02102	0.01591	0.01213	0.00573	0.00059	0.02278	0.06574	0.00084	0.0084	0.00577
0.00741	0.00615	0.00764	0.00087	0.0229	0.02955	0.01605	0.01635	0.00541	0.00055	0.01506	0.04864	0.00081	0.0051	0.00221
0.00818	0.00677	0.00819	0.00303	0.02171	0.03408	0.0158	0.01646	0.00583	0.00047	0.02343	0.06034	0.00098	0.00926	0.00502
0.00723	0.00657	0.00718	0.0034	0.01894	0.03833	0.01582	0.02047	0.0055	0.00057	0.01717	0.05104	0.00173	0.00763	0.00648
0.00747	0.00649	0.00776	0.00225	0.01846	0.03672	0.01601	0.02021	0.00505	0.00078	0.01482	0.05058	0.00105	0.00634	0.00291
0.00691	0.006	0.00761	0.00397	0.01885	0.02447	0.01459	0.01382	0.00446	0.00056	0.01883	0.0624	0.001	0.00882	0.00649
0.00704	0.0059	0.00754	0.0045	0.02311	0.0239	0.01502	0.01717	0.00481	0.00041	0.01595	0.05434	0.00057	0.01089	0.00637
0.00767	0.00636	0.00744	0.00179	0.03118	0.03394	0.0152	0.01843	0.00509	0.00052	0.01756	0.05678	0.00159	0.00765	0.00463
0.00815	0.00708	0.00798	0.0027	0.02648	0.03106	0.01479	0.02173	0.0052	0.00033	0.02027	0.04921	0.0007	0.00895	0.00431
0.0081	0.00758	0.0077	0.00239	0.01791	0.03064	0.01423	0.01915	0.00498	0.00054	0.01999	0.05225	0.00115	0.01015	0.0074
0.00771	0.00706	0.00751	0.00478	0.02381	0.03116	0.01566	0.01666	0.00441	0.00041	0.01977	0.04472	0.00087	0.01016	0.00551
0.0084	0.00816	0.00769	0.00211	0.01859	0.0355	0.01431	0.01891	0.00466	0.00044	0.02326	0.04931	0.00065	0.01294	0.00463
0.00799	0.00733	0.0072	0.00202	0.01798	0.0375	0.01486	0.02085	0.00436	0.00047	0.01804	0.04401	0.00054	0.00723	0.00363
0.00684	0.00647	0.00742	0.00262	0.02222	0.03259	0.01346	0.0192	0.00457	0.00046	0.01633	0.03786	0.0008	0.00701	0.0063
0.00965	0.00927	0.00743	0.00343	0.0146	0.03217	0.01407	0.01775	0.00408	0.00029	0.0166	0.05137	0.0014	0.00834	0.00499
0.00683	0.00652	0.00677	0.00462	0.01361	0.02354	0.01395	0.01872	0.00463	0.0006	0.01665	0.05326	0.00186	0.00849	0.00504
0.00823	0.00772	0.00679	0.00493	0.01831	0.04006	0.01338	0.01712	0.00477	0.0004	0.01971	0.06135	0.00093	0.01063	0.00807
0.00837	0.00799	0.00691	0.00329	0.01498	0.02424	0.01297	0.01431	0.00445	0.00048	0.01609	0.06923	0.00098	0.00959	0.0027
0.0092	0.0091	0.00702	0.00675	0.01498	0.03533	0.0138	0.02249	0.00488	0.00081	0.01531	0.04954	0.00055	0.0113	0.00736
0.00723	0.00658	0.00715	0.00311	0.02238	0.03806	0.01426	0.01794	0.00471	0.00062	0.01844	0.07629	0.00094	0.00681	0.00362
0.0088	0.00856	0.00673	0.00219	0.02839	0.03755	0.01181	0.02024	0.00421	0.00044	0.01683	0.05814	0.00162	0.00476	0.00502
0.0081	0.00775	0.00693	0.00371	0.01438	0.03866	0.0129	0.02337	0.00477	0.0006	0.01811	0.04841	0.00128	0.00639	0.00941
0.00738	0.00788	0.00682	0.00168	0.01796	0.03618	0.01283	0.02138	0.0045	0.00056	0.01357	0.04857	0.0013	0.00412	0.00345
0.00814	0.00756	0.00678	0.00583	0.01328	0.04415	0.01238	0.01958	0.00451	0.00063	0.01642	0.04749	0.00058	0.00935	0.00858
0.00759	0.0067	0.00713	0.00262	0.02577	0.03889	0.01239	0.0238	0.00436	0.00051	0.0179	0.06637	0.0011	0.0076	0.00662
0.00684	0.00661	0.00699	0.00564	0.01237	0.0363	0.01285	0.02143	0.00399	0.00045	0.01812	0.06116	0.00093	0.00929	0.00879
0.00682	0.0064	0.00667	0.00118	0.01763	0.03578	0.01269	0.02009	0.0038	0.00049	0.01719	0.06613	0.00162	0.00371	0.00296
0.00765	0.00722	0.00679	0.00551	0.01573	0.03947	0.01236	0.02187	0.00446	0.00059	0.01734	0.04751	0.00167	0.01395	0.01038
0.00723	0.00713	0.00631	0.00483	0.01621	0.02726	0.0122	0.01887	0.00335	0.00052	0.01749	0.05688	0.00137	0.00849	0.00963
0.00751	0.00722	0.00637	0.00377	0.02044	0.03255	0.01263	0.01712	0.00358	0.00046	0.0182	0.06513	0.00087	0.00748	0.0093
0.00671	0.00682	0.00644	0.0015	0.01725	0.02455	0.01245	0.01953	0.00369	0.00052	0.01988	0.05406	0.00151	0.00517	0.00607
0.00706	0.00692	0.00667	0.00523	0.01767	0.03208	0.01377	0.01832	0.00398	0.00061	0.01574	0.05253	0.00063	0.00898	0.00641
0.00787	0.00765	0.00678	0.00389	0.01304	0.03089	0.01209	0.01836	0.00399	0.00044	0.0162	0.05938	0.00068	0.00515	0.0055
0.00742	0.00754	0.00638	0.00111	0.01871	0.03794	0.01258	0.02194	0.00381	0.00054	0.0176	0.05394	0.00098	0.00468	0.00236
0.00682	0.00608	0.00603	0.00194	0.01573	0.03299	0.01203	0.01578	0.00364	0.00056	0.01728	0.05153	0.00073	0.0057	0.00521
0.00743	0.00702	0.00624	0.00433	0.012	0.02155	0.01113	0.01595	0.00369	0.00047	0.0159	0.05888	0.00087	0.00656	0.00791
0.00752	0.00743	0.00665	0.00459	0.01857	0.02761	0.01189	0.01829	0.00384	0.00035	0.01385	0.0617	0.00117	0.00545	0.00681
0.00656	0.0066	0.00628	0.00303	0.01888	0.02513	0.01157	0.017	0.00378	0.00028	0.01451	0.06235	0.00109	0.00427	0.0066
0.0089	0.00874	0.00569	0.00553	0.02939	0.027	0.01129	0.02169	0.00357	0.0006	0.01864	0.05992	0.00057	0.00676	0.00833
0.00677	0.00666	0.00644	0.00505	0.01084	0.02825	0.01128	0.01924	0.00377	0.00049	0.02072	0.06041	0.00054	0.01032	0.00818
0.00982	0.00961	0.00577	0.00784	0.01419	0.03748	0.01177	0.02394	0.00371	0.00088	0.01786	0.06947	0.00082	0.01076	0.0106
0.00834	0.00789	0.00618	0.00251	0.01389	0.03195	0.01038	0.0182	0.00368	0.00058	0.0175	0.04998	0.00089	0.00745	0.0028
0.00907	0.00876	0.0056	0.00213	0.02054	0.03878	0.01184	0.02528	0.00373	0.00055	0.02009	0.07911	0.00012	0.00769	0.00295
0.00699	0.00746	0.00541	0.00096	0.01291	0.02737	0.01122	0.01613	0.00377	0.0005	0.01807	0.04851	0.00121	0.00336	0.00197
0.00736	0.00746	0.00579	0.00379	0.01314	0.03128	0.01143	0.02043	0.00365	0.00044	0.01612	0.0339	0.00136	0.00511	0.0057
0.00772	0.00752	0.0054	0.00213	0.01344	0.03381	0.01097	0.02121	0.00307	0.00031	0.01564	0.04988	0.0007	0.00626	0.0014
0.01024	0.01049	0.00587	0.00191	0.01237	0.04002	0.01046	0.01988	0.00396	0.0004	0.01768	0.05052	0.00113	0.007	0.00275
0.0108	0.01017	0.00583	0.00222	0.01169	0.04264	0.01028	0.02212	0.0038	0.00034	0.01783	0.05506	0.00072	0.00682	0.00472
0.00828	0.00839	0.00554	0.0034	0.01465	0.03576	0.01028	0.02203	0.00447	0.00029	0.01683	0.04717	0.00106	0.00953	0.0048
0.00847	0.00854	0.00586	0.00701	0.0144	0.03501	0.0098	0.02386	0.00389	0.00032	0.01838	0.05443	0.00078	0.01006	0.00924
0.00816	0.0079	0.00596	0.0084	0.01394	0.04054	0.00941	0.02126	0.00307	0.00035	0.01731	0.04675	0.00145	0.01252	0.01068
0.00877	0.00899	0.00537	0.00099	0.01704	0.03956	0.01187	0.02388	0.00328	0.00047	0.01877	0.05241	0.0006	0.00513	0.00326
0.00896	0.00925	0.00562	0.00194	0.01602	0.03577	0.01054	0.02255	0.00359	0.00076	0.01808	0.05715	0.00097	0.0045	0.00409
0.00751	0.00771	0.00554	0.0024	0.00974	0.03282	0.00896	0.01906	0.00383	0.00049	0.02009	0.04822	0.00086	0.00629	0.00474
0.00911	0.00909	0.00553	0.00181	0.01098	0.04216	0.00999	0.02388	0.00358	0.00028	0.01547	0.04762	0.00046	0.008	0.00475
0.00919	0.0084	0.00537	0.00382	0.01696	0.03885	0.00829	0.02061	0.00317	0.00022	0.01964	0.04612	0.00132	0.00844	0.00505
0.00879	0.0081	0.00528	0.00314	0.0108	0.03332	0.00937	0.02174	0.00307	0.00074	0.02187	0.04933	0.00086	0.00958	0.00908
0.00797	0.0078	0.00563	0.0014	0.0119	0.02757	0.00852	0.02206	0.0036	0.00034	0.01597	0.04731	0.00114	0.01023	0.00484
0.01069	0.01098	0.00578	0.00165	0.01296	0.04379	0.00847	0.02922	0.00318	0.00039	0.01671	0.04939	0.00101	0.00918	0.00526
0.01007	0.00948	0.00567	0.00216	0.01288	0.0376	0.00842	0.02149	0.00283	0.0006	0.02219	0.06031	0.00145	0.01768	0.013
0.00925	0.00869	0.00564	0.01194	0.00875	0.04148	0.00968	0.02172	0.00349	0.00062	0.02325	0.05551	0.00031	0.02138	0.01094
0.0081	0.00826	0.00516	0.00352	0.01672	0.03581	0.00806	0.02312	0.0032	0.00064	0.01652	0.06752	0.00083	0.00837	0.00363
0.00987	0.00969	0.00516	0.00082	0.01609	0.04409	0.00744	0.02387	0.00335	0.00054	0.01897	0.06155	0.00032	0.0044	0.00196
0.00935	0.00934	0.0053	0.00403	0.01851	0.03061	0.00821	0.02084	0.00304	0.00029	0.01827	0.05733	0.0005	0.00949	0.00574
0.01058	0.01057	0.00503	0.00504	0.01499	0.05713	0.00978	0.03069	0.00279	0.00048	0.01745	0.04351	0.00098	0.0137	0.00646
0.00968	0.0092	0.00535	0.00241	0.01317	0.03565	0.00798	0.02279	0.00289	0.0003	0.01927	0.05712	0.0009	0.00582	0.00197
0.00782	0.00806	0.00497	0.00113	0.01269	0.03558	0.00774	0.02455	0.00334	0.00035	0.01723	0.05744	0.00173	0.0053	0.00239
0.00891	0.00903	0.00561	0.00494	0.01463	0.03831	0.00888	0.02284	0.00259	0.00056	0.01836	0.05644	0.0017	0.00868	0.00517
0.00869	0.00901	0.00555	0.00222	0.01616	0.04354	0.00671	0.02654	0.00287	0.00031	0.01605	0.06169	0.001	0.00386	0.00254
0.00954	0.0095	0.00498	0.00281	0.01429	0.04195	0.00704	0.02741	0.00312	0.00052	0.01723	0.04942	0.00141	0.00412	0.00253
0.00659	0.00708	0.00503	0.00203	0.01501	0.02873	0.00704	0.01819	0.00351	0.0003	0.01674	0.0478	0.00166	0.00543	0.00252
0.00713	0.00692	0.00508	0.0015	0.01657	0.0326	0.00648	0.02147	0.00279	0.0005	0.0197	0.05638	0.0011	0.00492	0.00415
0.00749	0.00768	0.00452	0.00623	0.01483	0.02193	0.00655	0.02324	0.00355	0.0005	0.01842	0.06616	0.00091	0.01058	0.00675
0.01012	0.00995	0.00482	0.00569	0.01214	0.04218	0.00636	0.02488	0.00313	0.00044	0.01656	0.05517	0.00081	0.01178	0.00501
0.01039	0.00989	0.00491	0.00412	0.02325	0.03461	0.00826	0.0225	0.00305	0.0005	0.0163	0.05194	0.00056	0.00762	0.00592
0.00866	0.00848	0.00507	0.00219	0.01711	0.02845	0.00697	0.0201	0.00295	0.00036	0.01746	0.04245	0.00117	0.00491	0.00214
0.00999	0.01054	0.00465	0.00256	0.02092	0.03296	0.00678	0.02488	0.00297	0.00044	0.01699	0.0482	0.00044	0.00634	0.00109
0.00925	0.00913	0.0053	0.00682	0.02363	0.02781	0.00834	0.0189	0.00274	0.00053	0.01979	0.06023	0.00094	0.01465	0.00627
0.00897	0.00916	0.0048	0.00389	0.01066	0.03901	0.00588	0.02121	0.00317	0.00069	0.01646	0.04931	0.00045	0.00702	0.00319
0.01001	0.00965	0.00528	0.00164	0.01718	0.03485	0.00605	0.02178	0.00263	0.00072	0.0165	0.04659	0.00085	0.00672	0.00141
0.01036	0.01044	0.00485	0.0047	0.01035	0.03979	0.00569	0.02712	0.00308	0.00057	0.01809	0.05276	0.00158	0.01623	0.00487
0.01376	0.01363	0.00505	0.00368	0.01318	0.04141	0.00589	0.02284	0.00314	0.00067	0.01657	0.03671	0.00062	0.01215	0.00358
0.01095	0.01108	0.0052	0.00425	0.01509	0.04029	0.00734	0.02011	0.00291	0.00048	0.01623	0.03742	0.00147	0.00973	0.00331
0.01263	0.01302	0.00495	0.00219	0.01527	0.04337	0.0056	0.02653	0.00327	0.00078	0.01639	0.03174	0.00179	0.00886	0.00342
0.00918	0.00916	0.00521	0.00301	0.01725	0.0318	0.00679	0.0172	0.00293	0.00109	0.01499	0.0507	0.00197	0.0123	0.00539
0.00975	0.00968	0.00478	0.004	0.01378	0.03598	0.00561	0.02246	0.00238	0.00105	0.01712	0.04777	0.0014	0.01094	0.00676
0.01224	0.01129	0.00504	0.00771	0.01296	0.04507	0.00557	0.02159	0.00274	0.00079	0.0168	0.04999	0.00075	0.01638	0.00578
0.00773	0.0081	0.0049	0.0043	0.01663	0.03267	0.00614	0.02205	0.00272	0.00068	0.01896	0.04558	0.00198	0.00983	0.00389
0.00794	0.00789	0.00493	0.00411	0.02001	0.02843	0.00553	0.02332	0.00285	0.0008	0.02267	0.04365	0.00113	0.01208	0.0061
0.00791	0.00784	0.00524	0.00611	0.01479	0.04006	0.00589	0.01995	0.00211	0.00052	0.01618	0.04945	0.00129	0.01205	0.00391
0.00626	0.00681	0.00455	0.00341	0.01325	0.02737	0.00496	0.02031	0.00238	0.00038	0.01808	0.0349	0.00198	0.01052	0.00574
0.00905	0.00895	0.00493	0.00489	0.01935	0.03054	0.00509	0.01753	0.00205	0.00046	0.01649	0.03268	0.00068	0.0086	0.00436
0.01163	0.01159	0.0047	0.00494	0.01602	0.04147	0.00525	0.02372	0.00171	0.00028	0.01298	0.04072	0.0019	0.01334	0.00458
0.01119	0.01177	0.00472	0.00311	0.01409	0.04741	0.00542	0.02558	0.00194	0.0006	0.01881	0.05759	0.00128	0.01034	0.0079
0.01291	0.01248	0.00454	0.0027	0.02036	0.04952	0.0052	0.02685	0.00211	0.00032	0.01625	0.03899	0.0026	0.0063	0.00206
0.00891	0.00906	0.00465	0.00339	0.01404	0.02874	0.00538	0.02157	0.00233	0.00038	0.01905	0.04751	0.00118	0.01099	0.00345
0.00904	0.00932	0.00458	0.00342	0.01431	0.03904	0.00459	0.02289	0.00196	0.00038	0.01789	0.057	0.00124	0.00983	0.00404
0.00992	0.01022	0.00496	0.00239	0.01905	0.032	0.00532	0.02147	0.00174	0.00063	0.01937	0.05489	0.00099	0.01166	0.0034
0.01234	0.01196	0.00514	0.00415	0.01681	0.02812	0.00489	0.01906	0.00225	0.0004	0.01633	0.04429	0.00099	0.01121	0.00209
0.01051	0.01077	0.00457	0.00155	0.01603	0.02938	0.0051	0.01869	0.0015	0.00044	0.02001	0.04828	0.00111	0.00608	0.00249
0.01221	0.01295	0.00443	0.00378	0.01866	0.04375	0.00622	0.02457	0.00179	0.00043	0.01625	0.05372	0.00121	0.01819	0.00947
0.01168	0.01195	0.00457	0.00527	0.02434	0.03757	0.00514	0.01984	0.00213	0.0005	0.01899	0.05443	0.00134	0.01525	0.0077
0.01165	0.0118	0.00493	0.0042	0.01574	0.04832	0.00503	0.02255	0.00206	0.00028	0.01741	0.05582	0.00126	0.01252	0.00444
0.00958	0.01007	0.00499	0.00694	0.02424	0.04302	0.00673	0.02382	0.00169	0.00032	0.01708	0.0578	0.00167	0.01355	0.00617
0.01067	0.01129	0.00449	0.01474	0.02155	0.03968	0.00538	0.02307	0.00216	0.00031	0.0159	0.05057	0.00125	0.02122	0.00994
0.00915	0.00964	0.00473	0.00389	0.01887	0.0295	0.00428	0.02037	0.00278	0.00034	0.01717	0.05199	0.00103	0.01339	0.00657
0.01126	0.01219	0.00456	0.00828	0.02057	0.03439	0.00365	0.02399	0.00209	0.0007	0.01725	0.05985	0.00038	0.01433	0.00854
0.01386	0.01361	0.00458	0.00296	0.01536	0.03705	0.00547	0.02181	0.00191	0.00038	0.01683	0.0614	0.00124	0.00746	0.00589
0.01372	0.01386	0.00472	0.00545	0.01889	0.03856	0.00377	0.02333	0.00243	0.00053	0.02024	0.05882	0.00155	0.0119	0.00548
0.01113	0.01182	0.0047	0.00434	0.02148	0.04145	0.00477	0.0269	0.00222	0.00035	0.01546	0.05521	0.00172	0.0088	0.00374
0.01318	0.0133	0.00495	0.00187	0.01626	0.04041	0.00648	0.02311	0.00134	0.00047	0.01677	0.04645	0.00131	0.00635	0.00368
0.01484	0.01457	0.00493	0.00385	0.0147	0.04044	0.00695	0.02154	0.00186	0.00034	0.02035	0.03776	0.00065	0.00687	0.00401
0.01037	0.01044	0.0049	0.00262	0.01538	0.03009	0.00431	0.01903	0.0024	0.00031	0.01738	0.03606	0.001	0.00462	0.00423
0.01083	0.01079	0.00489	0.00893	0.01374	0.0388	0.00547	0.02059	0.00145	0.0002	0.01504	0.04642	0.00148	0.01344	0.00954
0.01499	0.01481	0.00496	0.00638	0.02345	0.03979	0.00419	0.02414	0.00178	0.00031	0.01808	0.06574	0.00104	0.0118	0.00915
0.0154	0.01556	0.00475	0.00311	0.01771	0.04847	0.00477	0.03028	0.00178	0.0003	0.01799	0.06908	0.00187	0.00783	0.00517
0.01267	0.01359	0.00469	0.00347	0.00894	0.03815	0.00475	0.02315	0.00142	0.00071	0.01738	0.0615	0.00054	0.01268	0.00617
0.01364	0.01314	0.00473	0.00513	0.01441	0.04317	0.00357	0.02309	0.00184	0.00055	0.01394	0.06041	0.00181	0.0103	0.0054
0.0152	0.01553	0.00427	0.00389	0.01064	0.03655	0.0037	0.02316	0.00137	0.00052	0.01676	0.05307	0.00053	0.01046	0.00412
0.015	0.0144	0.00462	0.00804	0.01318	0.03775	0.00423	0.01738	0.00182	0.00039	0.01496	0.05342	0.00125	0.01729	0.00649
0.01301	0.01308	0.0046	0.00247	0.01324	0.02751	0.00392	0.01817	0.00171	0.00043	0.01697	0.05033	0.00144	0.01047	0.00723
0.01055	0.01122	0.0048	0.01316	0.01271	0.03496	0.00362	0.02397	0.00194	0.00033	0.02208	0.05454	0.00086	0.02448	0.01239
0.01405	0.01414	0.00429	0.00241	0.01323	0.03547	0.00316	0.02077	0.0023	0.00031	0.01915	0.05048	0.00158	0.00842	0.00389
0.01333	0.01386	0.00461	0.00324	0.02381	0.03937	0.00317	0.02384	0.00165	0.00073	0.01725	0.05066	0.00139	0.01087	0.0042
0.012	0.0125	0.00447	0.00271	0.02206	0.03311	0.00336	0.02339	0.00275	0.00073	0.01762	0.05294	0.00133	0.00889	0.00548
0.0139	0.0141	0.00438	0.00238	0.01128	0.05271	0.00375	0.02596	0.0018	0.00038	0.01741	0.04178	0.00136	0.00777	0.00561
0.0141	0.01456	0.00428	0.00272	0.01243	0.04055	0.00397	0.02056	0.00173	0.00053	0.02246	0.04669	0.00108	0.01132	0.00385
0.01466	0.01547	0.00458	0.001	0.01398	0.05124	0.00476	0.02595	0.00163	0.00055	0.01467	0.04213	0.00156	0.00465	0.00164
0.01077	0.0117	0.00426	0.00055	0.01658	0.04657	0.00413	0.02517	0.00206	0.00051	0.015	0.05134	0.00102	0.00463	0.00261
0.01318	0.01488	0.00471	0.00027	0.01306	0.03558	0.00366	0.02347	0.0016	0.00036	0.01364	0.04773	0.00165	0.00179	0.00079
0.01205	0.01275	0.00466	0.00086	0.01926	0.03859	0.00474	0.01916	0.00192	0.00051	0.01452	0.04676	0.0012	0.00382	0.00166
0.01732	0.01731	0.00454	0.0006	0.01744	0.04882	0.00365	0.02303	0.0023	0.00045	0.01999	0.04138	0.00137	0.00628	0.00322
0.01501	0.01515	0.00422	0.00294	0.01418	0.03672	0.00388	0.01951	0.00226	0.0003	0.02069	0.05618	0.00204	0.01068	0.00421
0.01501	0.01522	0.0043	0.00217	0.01587	0.03744	0.00399	0.01639	0.00203	0.00053	0.01331	0.05394	0.00216	0.00347	0.0021
0.01675	0.01727	0.00452	0.0022	0.01415	0.04894	0.00308	0.02217	0.00299	0.00053	0.01573	0.04379	0.00203	0.00707	0.005
0.01592	0.01656	0.00448	0.00146	0.01469	0.03925	0.00292	0.02519	0.00242	0.00022	0.01591	0.0402	0.00093	0.00292	0.0023
0.01827	0.01898	0.00427	0.00395	0.01739	0.0398	0.00317	0.0231	0.00251	0.00022	0.01493	0.04533	0.00153	0.0098	0.007
0.01619	0.01707	0.00452	0.00801	0.02523	0.04943	0.00293	0.02486	0.00267	0.00033	0.01902	0.05185	0.0005	0.01576	0.00692
0.01975	0.01935	0.00416	0.00515	0.01944	0.05229	0.00399	0.02658	0.00221	0.00031	0.01649	0.04779	0.00094	0.01428	0.00885
0.01932	0.02099	0.00419	0.00617	0.01981	0.05019	0.00339	0.0329	0.00235	0.00041	0.02006	0.06366	0.00164	0.01503	0.00664
0.02303	0.02419	0.00406	0.00533	0.02308	0.05599	0.00284	0.03101	0.00319	0.00036	0.01791	0.06076	0.00084	0.01206	0.00669
0.02416	0.02547	0.00434	0.00123	0.02052	0.05492	0.00332	0.0323	0.00282	0.00036	0.01333	0.05962	0.00108	0.00476	0.00337
0.01975	0.02085	0.00452	0.00148	0.0234	0.05502	0.00226	0.02763	0.00243	0.00043	0.01284	0.04857	0.0012	0.00658	0.00307
0.02099	0.02155	0.00416	0.00129	0.01499	0.0439	0.00306	0.02085	0.00211	0.00028	0.01198	0.05423	0.00128	0.00495	0.00344
0.02241	0.02248	0.00454	0.00666	0.01074	0.05475	0.00253	0.02554	0.00234	0.0003	0.01134	0.04513	0.00098	0.01335	0.00504
0.01988	0.02082	0.00411	0.00384	0.01714	0.04687	0.0038	0.02331	0.00196	0.00038	0.01479	0.05593	0.00134	0.01375	0.00923
0.0209	0.0211	0.00408	0.0032	0.0162	0.04918	0.00366	0.02549	0.0019	0.00044	0.01649	0.07215	0.00202	0.01729	0.00674
0.0193	0.02002	0.0042	0.00452	0.01504	0.04326	0.00414	0.02296	0.00279	0.00042	0.01138	0.05539	0.00179	0.01059	0.00674
0.01853	0.01958	0.00426	0.0068	0.01803	0.0472	0.0027	0.02425	0.00237	0.00046	0.013	0.06197	0.00071	0.01588	0.0093
0.01754	0.01799	0.00421	0.00344	0.02023	0.06375	0.00384	0.03207	0.00137	0.00059	0.01296	0.05476	0.00079	0.01065	0.00445
0.02018	0.02079	0.00454	0.00544	0.01911	0.04752	0.00423	0.02211	0.00206	0.00053	0.01175	0.05495	0.00137	0.01109	0.00675
0.01779	0.01846	0.0041	0.00338	0.01332	0.04278	0.00426	0.02153	0.00195	0.00065	0.01217	0.05861	0.00074	0.0098	0.00488
0.02277	0.02351	0.00455	0.00172	0.01372	0.05896	0.00462	0.02674	0.0024	0.00065	0.01008	0.05035	0.00155	0.00556	0.0029
0.01721	0.01767	0.00425	0.00158	0.01396	0.03622	0.00212	0.02265	0.00217	0.00045	0.0094	0.05499	0.00068	0.00318	0.00274
0.01709	0.01765	0.00418	0.00575	0.01615	0.02759	0.00188	0.01735	0.00179	0.00056	0.00934	0.06285	0.0012	0.01036	0.00637
0.01769	0.01866	0.00456	0.00426	0.01904	0.03466	0.00181	0.02287	0.0016	0.00034	0.01447	0.04502	0.00091	0.00951	0.00502
0.01752	0.01811	0.00423	0.00583	0.01849	0.04192	0.00231	0.02162	0.00205	0.00058	0.00991	0.04137	0.00102	0.01377	0.00593
0.01637	0.01711	0.00413	0.00721	0.01777	0.03808	0.00292	0.02205	0.00169	0.00036	0.00973	0.03667	0.00204	0.01362	0.01114
0.01793	0.01885	0.00431	0.00244	0.01459	0.04792	0.00296	0.0265	0.00132	0.00031	0.01003	0.04336	0.00065	0.00846	0.00641
0.01894	0.01924	0.00393	0.0047	0.01178	0.05246	0.00264	0.02677	0.00161	0.00039	0.01082	0.03725	0.00157	0.01235	0.01018
0.01514	0.01606	0.00438	0.00184	0.01496	0.03355	0.00166	0.02534	0.00136	0.00045	0.01151	0.03638	0.00141	0.00931	0.00696
0.02058	0.02049	0.00396	0.01094	0.01192	0.05179	0.00202	0.02477	0.00166	0.00047	0.01167	0.05667	0.00061	0.02112	0.00853
0.01957	0.02052	0.00391	0.00596	0.01675	0.04913	0.00273	0.02501	0.002	0.00048	0.00864	0.04555	0.00168	0.01555	0.01252
0.02364	0.02385	0.00426	0.00638	0.01698	0.04712	0.00285	0.02315	0.00121	0.00056	0.01482	0.05713	0.00094	0.02235	0.01357
0.02098	0.02115	0.004	0.00853	0.01638	0.0412	0.00332	0.02218	0.00111	0.00046	0.01125	0.06436	0.00231	0.0184	0.0101
0.02079	0.02064	0.00416	0.01132	0.02318	0.03925	0.0014	0.02327	0.00164	0.00042	0.01377	0.04451	0.00076	0.0172	0.01063
0.01692	0.0174	0.00393	0.00313	0.01441	0.03547	0.00171	0.02148	0.00174	0.00038	0.01079	0.0384	0.00143	0.00991	0.00457
0.01596	0.01628	0.00413	0.00313	0.01677	0.03644	0.00205	0.01896	0.00119	0.00057	0.00787	0.04777	0.00157	0.00612	0.00425
0.02067	0.02097	0.00398	0.00508	0.02692	0.04659	0.00114	0.02654	0.00155	0.00049	0.00681	0.03799	0.00125	0.00833	0.00526
0.02136	0.02121	0.00402	0.00266	0.01841	0.04451	0.00166	0.02263	0.00166	0.00064	0.01024	0.05421	0.00089	0.00866	0.00338
0.02125	0.02151	0.00389	0.00324	0.01389	0.04428	0.00125	0.02525	0.00091	0.00044	0.01102	0.05162	0.00052	0.00965	0.00587
0.0219	0.02286	0.00404	0.00381	0.02093	0.04064	0.00126	0.02491	0.00205	0.00029	0.00968	0.04405	0.00193	0.01391	0.009
0.02321	0.02427	0.00417	0.00172	0.01831	0.05692	0.00137	0.03508	0.00145	0.00026	0.01071	0.03768	0.0003	0.00615	0.00244
0.02596	0.0267	0.00395	0.00444	0.02121	0.05226	0.00135	0.02916	0.00116	0.00033	0.00725	0.03534	0.00093	0.00717	0.00428
0.02548	0.02613	0.00361	0.00181	0.01925	0.06295	0.00134	0.03126	0.00166	0.00035	0.0115	0.03999	0.00075	0.00679	0.00666
0.02523	0.02583	0.00454	0.00303	0.01377	0.06584	0.00106	0.03523	0.00136	0.0006	0.01049	0.04334	0.00179	0.01118	0.00549
0.02156	0.02207	0.00421	0.00421	0.01364	0.04893	0.00143	0.02171	0.00228	0.0003	0.00706	0.04578	0.00172	0.01268	0.00695
0.02361	0.02398	0.00397	0.00415	0.01716	0.05874	0.00136	0.02809	0.00112	0.00039	0.00605	0.03826	0.00159	0.01101	0.00569
0.02194	0.02278	0.00381	0.00586	0.01689	0.04294	0.00123	0.02236	0.00132	0.00053	0.00891	0.04703	0.00101	0.01165	0.00566
0.02061	0.02157	0.00383	0.00287	0.01373	0.0415	0.00166	0.02578	0.00227	0.00057	0.00773	0.05498	0.00054	0.01111	0.0047
0.0243	0.02482	0.00421	0.00456	0.02245	0.05435	0.00081	0.02748	0.00141	0.00041	0.00949	0.06078	0.00096	0.01363	0.00501
0.02526	0.0261	0.00391	0.00299	0.01623	0.04596	0.00159	0.02411	0.0015	0.0005	0.00919	0.0483	0.00231	0.0086	0.00547
0.02422	0.02514	0.00392	0.00425	0.02324	0.0626	0.00274	0.03031	0.00133	0.00049	0.01081	0.05472	0.00101	0.01087	0.00506
0.02441	0.02545	0.00393	0.00467	0.01281	0.04838	0.00211	0.02346	0.00156	0.00047	0.00956	0.05034	0.00134	0.01327	0.00685
0.0208	0.02143	0.00422	0.00528	0.01116	0.03926	0.00196	0.02347	0.0014	0.00036	0.00959	0.04834	0.00104	0.0119	0.00828
0.01989	0.02069	0.00395	0.00506	0.01853	0.03813	0.00093	0.02302	0.00186	0.00038	0.00837	0.05334	0.00052	0.0126	0.00548
0.0227	0.02301	0.00385	0.00448	0.01745	0.0541	0.00083	0.02593	0.0015	0.00033	0.01259	0.0515	0.00107	0.01378	0.00592
0.02266	0.02305	0.00359	0.00482	0.01463	0.05369	0.00083	0.02465	0.00166	0.00035	0.01488	0.05507	0.00145	0.01381	0.00662
0.02565	0.02656	0.00378	0.00276	0.02149	0.04241	0.00089	0.01937	0.00184	0.00042	0.01221	0.0567	0.00076	0.00891	0.00235
0.02763	0.02814	0.00394	0.00163	0.01374	0.04828	0.00095	0.02148	0.00226	0.00041	0.00966	0.05636	0.00095	0.00948	0.00394
0.02421	0.02446	0.00393	0.00254	0.01493	0.04725	0.0009	0.02202	0.00229	0.00038	0.01073	0.06734	0.00103	0.00986	0.00567
0.02427	0.02447	0.00412	0.0017	0.01889	0.04624	0.00094	0.02026	0.00233	0.00045	0.01051	0.05322	0.00034	0.00768	0.00363
0.02074	0.02128	0.00397	0.00208	0.01893	0.03153	0.00099	0.01664	0.00226	0.00038	0.00609	0.0479	0.00157	0.00833	0.00644
0.02796	0.0283	0.00409	0.00138	0.01483	0.04297	0.00077	0.02611	0.00176	0.00048	0.0107	0.05814	0.00255	0.01372	0.00593
0.03016	0.03026	0.00415	0.00327	0.01514	0.03981	0.00098	0.02071	0.00201	0.00045	0.0085	0.05419	0.00114	0.0115	0.01042
0.03573	0.03532	0.00445	0.00449	0.01479	0.05683	0.00072	0.02735	0.00222	0.00076	0.00972	0.04584	0.00034	0.01662	0.00902
0.03045	0.03133	0.00356	0.00379	0.01876	0.05704	0.00107	0.02917	0.00166	0.00034	0.0069	0.0395	0.00069	0.00926	0.0074
0.02957	0.02971	0.00388	0.00075	0.01521	0.06063	0.00119	0.02891	0.0017	0.00024	0.00581	0.05338	0.00096	0.00731	0.00635
0.03012	0.03139	0.00382	0.00133	0.01518	0.05406	0.00111	0.02995	0.00184	0.00059	0.00539	0.042	0.00222	0.0104	0.00576
0.02712	0.02734	0.0041	0.00332	0.01566	0.04275	0.00099	0.02289	0.00168	0.00077	0.00616	0.04829	0.00063	0.01293	0.00758
0.02702	0.02765	0.00388	0.00358	0.01272	0.05928	0.00092	0.02381	0.00153	0.00037	0.00881	0.04044	0.00141	0.01222	0.00499
0.0304	0.03015	0.00367	0.0022	0.01967	0.04776	0.00131	0.02076	0.00114	0.00066	0.00617	0.04509	0.00091	0.00439	0.0024
0.02839	0.02818	0.00384	0.00331	0.01835	0.0456	0.00086	0.02111	0.00165	0.00065	0.00614	0.04536	0.00122	0.0074	0.0055
0.02492	0.02551	0.00394	0.00168	0.02482	0.04478	0.00098	0.01966	0.00167	0.00032	0.00419	0.04514	0.00144	0.0069	0.00418
0.02662	0.02801	0.00378	0.00607	0.01391	0.05402	0.00114	0.02567	0.00111	0.00037	0.00453	0.04485	0.00087	0.00915	0.00492
0.02925	0.03008	0.00417	0.00293	0.01788	0.05123	0.00081	0.02451	0.00207	0.0005	0.00663	0.05418	0.00105	0.008	0.00309
0.0239	0.02422	0.00403	0.0029	0.02034	0.05082	0.00095	0.02273	0.00226	0.00023	0.01006	0.05022	0.00104	0.00921	0.00546
0.0311	0.0312	0.00392	0.00152	0.02089	0.04454	0.00091	0.01843	0.00172	0.0003	0.00892	0.05635	0.00116	0.00504	0.00357
0.02496	0.02446	0.00412	0.00231	0.01802	0.04456	0.00065	0.02053	0.00198	0.00048	0.00708	0.06482	0.00102	0.00844	0.00475
0.02857	0.02862	0.00368	0.00155	0.01845	0.05683	0.00078	0.02327	0.00182	0.00038	0.00847	0.05413	0.00117	0.00643	0.00472
0.02298	0.02323	0.00407	0.00318	0.01962	0.03877	0.00085	0.01775	0.00164	0.00048	0.00724	0.06398	0.00094	0.00851	0.0045
0.02528	0.02527	0.00386	0.00632	0.02383	0.04666	0.00071	0.0216	0.0015	0.00026	0.00831	0.05587	0.00139	0.01003	0.00712
0.0276	0.0275	0.00361	0.00292	0.02068	0.05388	0.00208	0.02362	0.00156	0.00026	0.00761	0.0547	0.00067	0.00764	0.00544
0.02457	0.02488	0.0036	0.00211	0.02448	0.04213	0.00068	0.02184	0.00168	0.00032	0.00522	0.06271	0.00102	0.00556	0.0024
0.02778	0.02758	0.00373	0.00914	0.01067	0.04135	0.00051	0.01896	0.00147	0.00032	0.01031	0.07245	0.0012	0.02009	0.01059
0.03109	0.03193	0.00368	0.00476	0.016	0.06311	0.00057	0.02461	0.00242	0.00066	0.00865	0.06619	0.00034	0.01088	0.00751
0.02689	0.0274	0.00388	0.00891	0.02325	0.05564	0.00186	0.02362	0.00191	0.00053	0.00715	0.05578	0.00063	0.01235	0.00944
0.02924	0.02917	0.00373	0.00625	0.01698	0.04631	0.00099	0.01713	0.00206	0.00054	0.00712	0.05465	0.00077	0.0127	0.00536
0.02534	0.02551	0.00363	0.00504	0.0129	0.04308	0.00067	0.01758	0.00241	0.00072	0.00786	0.05212	0.00093	0.00919	0.00776
0.02658	0.026	0.00363	0.00509	0.01315	0.03917	0.00057	0.01755	0.00201	0.00036	0.00617	0.04632	0.00106	0.00762	0.00755
0.03042	0.03045	0.00402	0.005	0.02055	0.04813	0.00042	0.02165	0.00155	0.00061	0.00897	0.04713	0.00142	0.00743	0.00779
0.03006	0.03025	0.0032	0.00279	0.02331	0.04953	0.00084	0.02134	0.00258	0.00037	0.00996	0.05749	0.00084	0.01071	0.00852
0.02804	0.02886	0.00345	0.00465	0.01563	0.04652	0.00089	0.01945	0.00186	0.00056	0.00668	0.05353	0.00163	0.01427	0.00651
0.03102	0.03121	0.00358	0.00255	0.02377	0.04541	0.00078	0.02089	0.00183	0.00065	0.00758	0.05808	0.0012	0.00693	0.00285
0.02543	0.0265	0.00399	0.00738	0.01642	0.0475	0.00188	0.0185	0.00183	0.00048	0.00975	0.05951	0.0009	0.01622	0.00856
0.02905	0.02949	0.00369	0.00769	0.01897	0.04498	0.00103	0.01933	0.00145	0.00036	0.00762	0.05754	0.00088	0.01701	0.01169
0.03434	0.03369	0.00361	0.01151	0.01253	0.05332	0.0018	0.01942	0.00325	0.00028	0.00888	0.0556	0.00257	0.01825	0.00709
0.02856	0.02894	0.0039	0.00825	0.01827	0.03733	0.00056	0.01871	0.00267	0.00051	0.00765	0.06948	0.00052	0.01573	0.00876
0.0294	0.02977	0.00376	0.0036	0.01732	0.05354	0.00166	0.01993	0.00218	0.00034	0.00666	0.05834	0.00056	0.00962	0.00527
0.03013	0.03072	0.00368	0.00889	0.02284	0.04666	0.00065	0.01966	0.00245	0.00068	0.01004	0.06272	0.00085	0.0205	0.01261
0.02271	0.02263	0.00369	0.00795	0.0194	0.04489	0.00105	0.01946	0.00188	0.00045	0.00576	0.06447	0.0013	0.01609	0.01356
0.02461	0.02449	0.00368	0.00618	0.01813	0.05065	0.00048	0.02131	0.0021	0.00054	0.00621	0.05848	0.00048	0.01535	0.00942
0.02737	0.02778	0.00372	0.00658	0.01674	0.04248	0.00057	0.02007	0.00232	0.00043	0.00558	0.05888	0.00178	0.01472	0.00879
0.02492	0.02523	0.00391	0.00216	0.01805	0.04449	0.00063	0.0228	0.00211	0.0003	0.00709	0.06306	0.00117	0.01401	0.00591
0.03026	0.03003	0.00376	0.00298	0.01712	0.04594	0.00047	0.02086	0.00223	0.00038	0.00752	0.0674	0.00092	0.01189	0.00592
0.02848	0.02968	0.00367	0.00548	0.01997	0.04796	0.00063	0.02238	0.0014	0.00056	0.00584	0.06285	0.00066	0.01506	0.00814
0.02959	0.02981	0.00355	0.00234	0.02225	0.04413	0.00054	0.0223	0.0018	0.0003	0.00682	0.06428	0.00104	0.01515	0.00707
0.03116	0.03084	0.00355	0.00153	0.01756	0.04961	0.00062	0.0191	0.00258	0.00032	0.00746	0.06631	0.00146	0.01355	0.00721
0.03053	0.03017	0.00363	0.00307	0.01929	0.04787	0.00036	0.0201	0.0021	0.00026	0.00564	0.04573	0.00065	0.00752	0.00627
0.03287	0.03299	0.00389	0.00369	0.02231	0.05279	0.00063	0.02093	0.00322	0.00032	0.00736	0.05136	0.0015	0.00782	0.00412
0.03213	0.03174	0.00345	0.00661	0.01439	0.04564	0.00042	0.0185	0.0024	0.00046	0.00575	0.05621	0.00086	0.01231	0.00642
0.03132	0.03176	0.00398	0.01027	0.02167	0.04042	0.00035	0.02149	0.002	0.00038	0.00688	0.05258	0.00061	0.01828	0.01315
0.0398	0.04006	0.00353	0.00817	0.01945	0.07141	0.00085	0.02863	0.003	0.00044	0.00672	0.04919	0.00224	0.01584	0.01121
0.02597	0.02635	0.00369	0.00317	0.01655	0.04788	0.00038	0.02164	0.00262	0.0003	0.00422	0.04499	0.00052	0.00681	0.00483
0.03251	0.03276	0.00371	0.00524	0.01456	0.05014	0.00063	0.02094	0.00248	0.00038	0.0062	0.04375	0.00102	0.01211	0.00758
0.03553	0.03558	0.00393	0.00368	0.01361	0.04157	0.00055	0.01911	0.00252	0.00051	0.00666	0.04716	0.00169	0.00889	0.00717
0.03203	0.03251	0.0036	0.00632	0.0151	0.05142	0.00053	0.0243	0.00183	0.0004	0.00806	0.04665	0.00118	0.01192	0.00871
0.02942	0.02946	0.00336	0.00618	0.01333	0.04925	0.00052	0.02411	0.00169	0.00035	0.00638	0.04416	0.00069	0.01485	0.00694
0.02465	0.02549	0.00353	0.00615	0.01439	0.04517	0.00026	0.0209	0.00163	0.00052	0.00887	0.05301	0.00101	0.01262	0.00944
0.02419	0.02438	0.00364	0.0045	0.01282	0.04146	0.00037	0.01809	0.00166	0.00049	0.00382	0.04928	0.00354	0.0104	0.00497
0.03204	0.03187	0.00375	0.01175	0.0156	0.0399	0.00059	0.01529	0.00237	0.00043	0.00815	0.05197	0.00217	0.01779	0.01279
0.03347	0.03343	0.00377	0.00754	0.02178	0.04784	0.00063	0.02276	0.00179	0.00056	0.00668	0.06282	0.00143	0.01617	0.00851
0.03317	0.03291	0.0036	0.01013	0.02357	0.0493	0.00054	0.01969	0.00238	0.00025	0.0073	0.06949	0.00064	0.0182	0.01284
0.03749	0.03728	0.00385	0.00994	0.01005	0.0551	0.00035	0.02135	0.00229	0.00057	0.00711	0.04454	0.00057	0.0199	0.01001
0.03842	0.03848	0.00375	0.01438	0.01196	0.05395	0.0005	0.02111	0.00226	0.00078	0.00985	0.04815	0.00147	0.02765	0.01416
0.03592	0.03584	0.00359	0.00806	0.01492	0.04682	0.00031	0.02181	0.00273	0.0004	0.00704	0.06872	0.00075	0.02097	0.0114
0.03518	0.03519	0.00382	0.00879	0.01423	0.05148	0.00049	0.02128	0.0024	0.00041	0.01051	0.06127	0.0007	0.02024	0.01035
0.03812	0.03838	0.00344	0.00701	0.01236	0.05301	0.0004	0.02073	0.00179	0.00024	0.01067	0.051	0.00152	0.01476	0.00594
0.02875	0.02857	0.00325	0.00744	0.02183	0.03661	0.00043	0.01717	0.00199	0.00032	0.00659	0.05286	0.00213	0.01947	0.00921
0.03413	0.03375	0.00339	0.00447	0.01453	0.04039	0.00051	0.02049	0.00282	0.0006	0.00567	0.06142	0.0025	0.01007	0.00776
0.03424	0.03389	0.00353	0.00773	0.01243	0.04362	0.00063	0.01987	0.00247	0.00036	0.00865	0.06452	0.00114	0.01722	0.00823
0.02804	0.02829	0.00389	0.00591	0.01504	0.03328	0.00036	0.01636	0.00214	0.00044	0.00676	0.0444	0.00106	0.01219	0.00569
0.02746	0.02777	0.00361	0.00953	0.01168	0.03608	0.00069	0.01744	0.00189	0.00034	0.00507	0.0528	0.00149	0.01964	0.01065
0.03138	0.03197	0.00329	0.00706	0.00838	0.03154	0.00057	0.01385	0.00311	0.00043	0.00684	0.04777	0.00164	0.01693	0.00781
0.03732	0.03665	0.00329	0.00776	0.01229	0.04994	0.00038	0.02036	0.00298	0.00039	0.00678	0.03963	0.00132	0.0163	0.0067
0.03084	0.03117	0.00346	0.011	0.02132	0.03578	0.00041	0.01578	0.00203	0.00048	0.00439	0.04564	0.00158	0.02253	0.00982
0.02942	0.03011	0.00361	0.01109	0.01378	0.04662	0.00051	0.02257	0.00225	0.00022	0.00568	0.05094	0.00046	0.02218	0.01066
0.03173	0.03254	0.0033	0.00574	0.01649	0.05272	0.00023	0.02613	0.00187	0.00014	0.00518	0.04425	0.00184	0.01206	0.00623
0.03072	0.03147	0.00361	0.00637	0.01198	0.04971	0.00045	0.0231	0.0019	0.00025	0.00846	0.0503	0.00103	0.01583	0.00917
0.03495	0.03576	0.00354	0.00854	0.01763	0.05591	0.00067	0.0261	0.00137	0.00024	0.00896	0.05396	0.00158	0.01999	0.01088
0.03289	0.03328	0.00328	0.00593	0.01215	0.052	0.00044	0.02161	0.00137	0.00033	0.00573	0.05752	0.00206	0.01449	0.00718
0.03311	0.03319	0.00341	0.00791	0.01941	0.04534	0.00053	0.01852	0.00134	0.00048	0.00686	0.0579	0.00192	0.01308	0.00764
0.04143	0.04226	0.00377	0.00814	0.01385	0.05674	0.00072	0.02379	0.00181	0.00016	0.00577	0.05964	0.0019	0.02062	0.00684
0.03806	0.03791	0.00377	0.00425	0.01947	0.06267	0.00039	0.02745	0.0017	0.00048	0.00625	0.0502	0.00109	0.01327	0.0067
0.03175	0.03309	0.00391	0.0042	0.01958	0.04278	0.00043	0.0231	0.00086	0.00036	0.00763	0.06474	0.00122	0.00939	0.00669
0.0277	0.02862	0.00342	0.00162	0.01542	0.04964	0.00024	0.02586	0.00118	0.0003	0.00589	0.06467	0.00137	0.00757	0.00481
0.03166	0.03243	0.00345	0.00327	0.0181	0.04623	0.00036	0.02571	0.00183	0.00027	0.00651	0.05674	0.00162	0.00741	0.00615
0.03571	0.0362	0.00357	0.00321	0.01939	0.05199	0.00034	0.02641	0.00193	0.00024	0.00523	0.07302	0.0008	0.00822	0.00638
0.03628	0.03615	0.00341	0.00296	0.016	0.05566	0.00035	0.02399	0.0026	0.00018	0.00583	0.05506	0.00124	0.00433	0.00314
0.04032	0.04057	0.00342	0.00258	0.01462	0.06243	0.00036	0.02936	0.00175	0.00034	0.00813	0.05321	0.00085	0.0087	0.00505
0.03555	0.03578	0.00401	0.00359	0.01443	0.04773	0.00098	0.02029	0.00224	0.00037	0.00768	0.0569	0.00098	0.00943	0.0033
0.03609	0.03559	0.00315	0.00687	0.01839	0.04717	0.00096	0.0243	0.00229	0.00044	0.00775	0.05961	0.00126	0.01269	0.00512
0.03452	0.03434	0.00367	0.00584	0.01535	0.04476	0.0004	0.02051	0.00262	0.0003	0.007	0.04755	0.00132	0.00945	0.00429
0.02896	0.02928	0.00333	0.00339	0.01492	0.05959	0.00049	0.02355	0.00206	0.00026	0.00764	0.04483	0.00071	0.00903	0.00595
0.02981	0.03035	0.00346	0.00259	0.01808	0.04859	0.00057	0.02008	0.00157	0.00047	0.00683	0.04678	0.00151	0.00634	0.0025
0.02731	0.0282	0.00331	0.00261	0.01834	0.04829	0.0004	0.02081	0.00144	0.00042	0.00635	0.04713	0.00131	0.00828	0.00529
0.03452	0.03539	0.00328	0.00455	0.01187	0.05722	0.00044	0.02152	0.00128	0.00038	0.00876	0.05047	0.00115	0.01138	0.00611
0.02774	0.02853	0.00347	0.00347	0.01455	0.04969	0.00049	0.02142	0.00131	0.00041	0.00722	0.04558	0.00166	0.00769	0.00446
0.0276	0.02837	0.00363	0.00432	0.02542	0.04701	0.00074	0.01929	0.00108	0.0004	0.00531	0.05585	0.00177	0.00938	0.00431
0.02709	0.02797	0.00307	0.00425	0.01466	0.05395	0.00044	0.02314	0.00101	0.00019	0.00725	0.05673	0.00094	0.00941	0.00478
0.02816	0.02864	0.00341	0.00299	0.01624	0.05355	0.0016	0.02111	0.00176	0.0003	0.00744	0.0529	0.00164	0.00816	0.00515
0.03105	0.03166	0.00336	0.00524	0.01993	0.04808	0.00103	0.02046	0.00186	0.00019	0.00618	0.04727	0.00093	0.00942	0.00336
