1	21.32814861111111	20.1429578125
2	19.536497222222224	18.93474375
3	18.387025	18.101621875
4	17.605866666666667	17.397453125
5	17.08420138888889	16.9621328125
6	16.688884722222223	16.5979375
7	16.302954166666666	16.2403578125
8	15.916405555555556	15.783021875
9	15.565734722222222	15.476684375
10	15.227580555555555	15.02345625
11	14.801794444444445	14.708734375
12	14.438280555555556	14.4309875
13	14.16917361111111	14.04501875
14	13.925993055555555	13.88589375
15	13.703398611111112	13.5545484375
16	13.464372222222222	13.4572
17	13.311915277777778	13.25293125
18	13.172018055555556	13.18586875
19	13.003720833333333	12.93824375
20	12.815859722222223	12.78953671875
21	12.693869444444445	12.6855953125
22	12.545318055555555	12.5118046875
23	12.422529166666667	12.37499140625
24	12.256484722222222	12.21269375
25	12.139879166666667	12.15391875
26	12.033876388888888	11.9781484375
27	11.937081944444444	12.018978125
28	11.859343055555556	11.8248484375
29	11.7119625	11.7287015625
30	11.628786805555556	11.6449
31	11.583695138888888	11.56840234375
32	11.479803472222223	11.4567578125
33	11.438947916666667	11.48155078125
34	11.36618611111111	11.30873515625
35	11.262229861111111	11.15699375
36	11.162036805555555	11.2768875
37	11.118174305555556	11.07169921875
38	11.054611805555556	11.0253484375
39	10.978240277777777	11.1798015625
40	10.925178472222223	10.8895
41	10.874884027777778	10.90240625
42	10.784524305555555	10.739753125
43	10.802759722222222	10.72309765625
44	10.675636805555555	10.65391328125
45	10.646497916666666	10.6369140625
46	10.58935625	10.62024453125
47	10.53095625	10.53952109375
48	10.453575694444444	10.4510171875
49	10.435040972222222	10.4178796875
50	10.394259722222221	10.44074921875
51	10.348495833333333	10.3473609375
52	10.318854861111111	10.3858546875
53	10.28731736111111	10.28115625
54	10.211165277777777	10.22670859375
55	10.181272916666666	10.20489609375
56	10.152195833333334	10.16376640625
57	10.129986805555555	10.2094234375
58	10.08618888888889	10.09031953125
59	10.065774305555555	10.0386921875
60	10.030844444444444	10.00270546875
61	10.0356875	10.2053609375
62	9.93307986111111	10.019215625
63	9.915717361111112	10.15516328125
64	9.887434722222222	9.8868453125
65	9.877561111111111	9.9843953125
66	9.8198875	9.925559375
67	9.804805555555555	9.82652421875
68	9.797236805555556	9.8802140625
69	9.795049305555555	9.817484375
70	9.716114583333333	9.7247078125
71	9.688015972222223	9.72090546875
72	9.684765972222221	9.74896171875
73	9.637198611111112	9.65776171875
74	9.61358263888889	9.6594515625
75	9.567934722222223	9.621546875
76	9.563867361111111	9.6399875
77	9.54131875	9.63456875
78	9.489734027777779	9.517134375
79	9.471636111111112	9.54031875
80	9.447401388888888	9.54097265625
81	9.42856875	9.499121875
82	9.388842361111111	9.428871875
83	9.374881944444445	9.50166796875
84	9.377526388888889	9.5725921875
85	9.359031944444444	9.468746875
86	9.331040972222223	9.37554453125
87	9.2634875	9.4889453125
88	9.269015277777777	9.41499375
89	9.22916875	9.257475
90	9.220794444444444	9.29716796875
91	9.177329861111112	9.30466640625
92	9.1647125	9.25875234375
93	9.133648611111111	9.261871875
94	9.099190972222223	9.2625390625
95	9.118705555555556	9.30929453125
96	9.070922222222222	9.2097328125
97	9.036679166666667	9.2341171875
98	9.01670625	9.1897015625
99	9.04644375	9.1391140625
100	9.016864583333334	9.2277796875
101	9.010781944444444	9.04810078125
102	8.948352083333333	9.1493390625
103	8.95428125	9.0263890625
104	8.887155555555555	9.02670625
105	8.866190277777777	9.0047859375
106	8.836705555555556	9.04649453125
107	8.858480555555555	9.0479046875
108	8.793606944444445	9.045115625
109	8.777454166666667	8.92438984375
110	8.735179166666667	8.90794140625
111	8.723598611111111	8.92075078125
112	8.711740972222222	8.90897109375
113	8.674548611111112	8.88518828125
114	8.648625694444444	8.86451796875
115	8.610511805555555	8.742853125
116	8.562044444444444	8.80602265625
117	8.586034722222223	8.7457078125
118	8.55028263888889	8.7507421875
119	8.52866875	8.7040140625
120	8.482504166666667	8.72658671875
121	8.512413888888888	8.85827890625
122	8.47	8.6159046875
123	8.415491666666666	8.6705046875
124	8.427952083333333	8.61582890625
125	8.362289583333334	8.6038140625
126	8.36667986111111	8.54401875
127	8.306765972222221	8.5721453125
128	8.331911111111111	8.5920890625
129	8.266536805555555	8.58229453125
130	8.255133333333333	8.5288984375
131	8.246358333333333	8.4502953125
132	8.189688888888888	8.54927734375
133	8.175004166666668	8.45270546875
134	8.181836111111112	8.36695
135	8.108040277777778	8.39442109375
136	8.11593263888889	8.47918203125
137	8.090491666666667	8.40461640625
138	8.071107638888888	8.3845140625
139	8.044145138888888	8.392053125
140	7.997850694444445	8.30447421875
141	7.987966666666667	8.2891484375
142	7.951020833333334	8.34559140625
143	7.965295138888889	8.2403796875
144	7.9052590277777774	8.25359609375
145	7.8841375	8.2034390625
146	7.844415972222222	8.25404609375
147	7.818515277777778	8.23825625
148	7.814681944444445	8.182790625
149	7.806735416666666	8.2522515625
150	7.761256944444445	8.142771875
151	7.775801388888889	8.14103125
152	7.716329166666666	8.139928125
153	7.7264486111111115	8.2242859375
154	7.6848777777777775	8.07787265625
155	7.654305555555555	8.06411875
156	7.66158125	8.09290546875
157	7.609345833333333	8.06099296875
158	7.567833333333334	8.0171671875
159	7.5373986111111115	7.956665625
160	7.489208333333333	7.9558359375
161	7.464375694444445	7.91978828125
162	7.478810416666667	8.026325
163	7.427109027777778	7.92760625
164	7.397191666666667	7.88428359375
165	7.404172916666667	7.8861515625
166	7.402825694444444	7.867015625
167	7.304297222222222	7.8724171875
168	7.29959375	7.868240625
169	7.287157638888889	7.8695015625
170	7.257003472222222	7.820859375
171	7.227884722222222	7.710975
172	7.212874305555555	7.9105765625
173	7.271402083333333	7.7782265625
174	7.150378472222222	7.7579515625
175	7.164365972222222	7.7752765625
176	7.124806944444445	7.6500328125
177	7.065115972222222	7.73611953125
178	7.056586111111111	7.67808125
179	7.021891666666667	7.6372875
180	6.9738597222222225	7.618503125
181	6.978886111111111	7.6440578125
182	6.949840277777778	7.596421875
183	6.945773611111111	7.71329921875
184	6.919580555555555	7.60825859375
185	6.877594444444444	7.64261640625
186	6.847188194444445	7.531696875
187	6.8436763888888885	7.49692578125
188	6.8356006944444445	7.55444140625
189	6.800130555555556	7.4693875
190	6.711923611111111	7.4951796875
191	6.705879166666667	7.41416640625
192	6.652522222222222	7.49463125
193	6.64105625	7.406203125
194	6.6274125	7.39345703125
195	6.539221527777777	7.30889453125
196	6.559066666666666	7.43535234375
197	6.553949305555555	7.32451328125
198	6.510516666666667	7.3138734375
199	6.478157638888889	7.27469453125
200	6.452859722222223	7.27648515625
201	6.4399375	7.3108234375
202	6.420515972222222	7.291390625
203	6.3625597222222225	7.29648125
204	6.337953472222222	7.25222578125
205	6.324329861111111	7.3027453125
206	6.2728	7.1936671875
207	6.253425	7.22813046875
208	6.229215972222222	7.1231390625
209	6.1946875	7.194759375
210	6.152368055555556	7.0870625
211	6.140533333333333	7.10074453125
212	6.0940972222222225	7.097859375
213	6.123288888888889	7.06005546875
214	6.058204861111111	7.040103125
215	6.0148013888888885	7.00169296875
216	5.9935	6.971284375
217	5.9878680555555555	7.02096484375
218	5.965643055555556	7.0808671875
219	5.969540972222222	6.924925
220	5.869297222222222	6.894096875
221	5.888341666666666	6.95773125
222	5.841976388888889	6.891190625
223	5.802077430555555	6.8790734375
224	5.817048611111111	6.90497109375
225	5.770529861111111	6.8385578125
226	5.775834375	6.87805
227	5.749243055555556	6.75990859375
228	5.651484722222222	6.72389921875
229	5.614683680555555	6.72651171875
230	5.637974305555556	6.7654765625
231	5.590107986111111	6.7207265625
232	5.551321875	6.74575625
233	5.5811704861111116	6.82345703125
234	5.5354375	6.72515390625
235	5.493352083333333	6.626953125
236	5.438881944444445	6.662303125
237	5.369185416666666	6.64094921875
238	5.372703125	6.6314546875
239	5.347150694444444	6.58687890625
240	5.2894854166666665	6.5526578125
241	5.254335069444444	6.451758203125
242	5.206520833333333	6.552002734375
243	5.216568055555555	6.50448203125
244	5.221837847222222	6.551212890625
245	5.160914236111111	6.5539734375
246	5.139671180555555	6.446639453125
247	5.1349	6.3945859375
248	5.079116319444444	6.42723046875
249	5.054757638888889	6.38059765625
250	5.025455208333334	6.39598046875
251	5.0125795138888884	6.2838203125
252	4.982954861111111	6.534852734375
253	4.972327083333333	6.321225
254	4.961925	6.308625
255	4.856473263888889	6.23803125
256	4.829104861111111	6.268134375
257	4.827756944444444	6.2355984375
258	4.9558711805555555	6.3662828125
259	4.892587847222222	6.152947265625
260	4.741550347222222	6.2318140625
261	4.712682986111111	6.1178890625
262	4.6549885416666665	6.12602578125
263	4.677580902777778	6.186186328125
264	4.643405555555556	6.152841015625
265	4.591374652777778	6.151259765625
266	4.656028819444445	6.12383515625
267	4.552467708333333	6.108911328125
268	4.528414236111111	6.04965546875
269	4.473124305555555	5.960959765625
270	4.416588541666667	5.9706875
271	4.398727083333333	5.91355078125
272	4.360259722222223	5.96906796875
273	4.386469791666666	5.9099859375
274	4.289258333333334	5.8167
275	4.279434722222223	5.944875
276	4.262299305555556	5.85076796875
277	4.2101975694444445	5.879269140625
278	4.198723958333333	5.777332421875
279	4.1578333333333335	5.808972265625
280	4.149994791666667	5.75366875
281	4.154444791666666	5.76417734375
282	4.137128125	5.843925
283	4.061559027777778	5.7086640625
284	3.9759625	5.6589703125
285	3.959829861111111	5.77768984375
286	3.9949930555555557	5.74089921875
287	3.995832638888889	5.63292890625
288	3.926854513888889	5.593161328125
289	3.9273586805555554	5.548679296875
290	3.8549489583333334	5.53251015625
291	3.847431597222222	5.65092421875
292	3.8381659722222223	5.64263671875
293	3.924538888888889	5.613816796875
294	3.8245100694444445	5.62383359375
295	3.8239524305555554	5.489706640625
296	3.691186111111111	5.44822109375
297	4.076563194444445	5.8130328125
298	3.8800055555555555	5.52601875
299	3.696789236111111	5.411734375
300	3.689998611111111	5.69948515625
301	3.7144618055555556	5.4986796875
302	3.6926131944444442	5.45965703125
303	3.5884479166666665	5.397109375
304	3.561571875	5.660483984375
305	3.714599652777778	5.460313671875
306	3.5658881944444443	5.298553125
307	3.4224739583333332	5.29674375
308	3.3640177083333334	5.215525
309	3.307444097222222	5.23011875
310	3.37626875	5.2796609375
311	3.3307680555555557	5.173866796875
312	3.2043677083333333	5.1617984375
313	3.178852083333333	5.0691046875
314	3.123051736111111	5.076859375
315	3.1700288194444446	5.22470703125
316	3.185511111111111	5.049087890625
317	3.076554861111111	5.0571578125
318	3.032754166666667	5.0037125
319	2.9453104166666666	4.97163984375
320	2.9663961805555554	4.97076484375
321	3.067409722222222	5.1193234375
322	3.0048881944444443	4.963332421875
323	3.051014236111111	5.1490375
324	3.068497222222222	4.9387
325	2.96355625	5.01749296875
326	2.8872520833333333	4.882066015625
327	2.7984428819444442	4.807140234375
328	2.7760973958333333	4.84391875
329	2.746338541666667	4.96325859375
330	2.781827951388889	4.86760078125
331	2.697499826388889	4.82985859375
332	2.6910631944444443	4.799855078125
333	2.678079340277778	4.8044953125
334	2.734475173611111	4.76269140625
335	2.8730475694444446	5.577640625
336	3.4873444444444446	4.95566171875
337	2.801262847222222	4.807889453125
338	2.6133744791666667	4.719344921875
339	2.5692762152777777	4.750191796875
340	2.4940387152777777	4.655616796875
341	2.4052069444444446	4.6109515625
342	2.5933875	4.831484375
343	2.4922664930555554	4.54746015625
344	2.325640625	4.52007890625
345	2.304041145833333	4.62261015625
346	2.3420774305555554	4.427783203125
347	2.1902524305555557	4.558265234375
348	2.252384375	4.500684765625
349	2.175340972222222	4.56958828125
350	2.1660324652777776	4.39773203125
351	2.1496743055555556	4.44679296875
352	2.0708291666666665	4.458556640625
353	2.041255902777778	4.36437734375
354	1.9836763888888889	4.328972265625
355	2.0062760416666667	4.350839453125
356	2.0081371527777776	4.35988828125
357	2.0272027777777777	4.370338671875
358	1.9369256944444444	4.425669921875
359	2.0106520833333335	4.345953515625
360	1.8999984375	4.237228515625
361	1.7836524305555554	4.15049765625
362	1.7741078125	4.188323046875
363	1.7569086805555556	4.2046421875
364	1.7370027777777777	4.11671796875
365	1.6830276041666667	4.150419921875
366	1.6507583333333333	4.092680859375
367	1.684376388888889	4.09759921875
368	1.61925	4.025687890625
369	1.627984201388889	4.100881640625
370	1.6095550347222223	4.037559765625
371	1.6266628472222222	4.03942421875
372	1.6041416666666666	4.0977484375
373	1.55868125	4.2363078125
374	1.8472347222222223	4.0589578125
375	1.5023329861111112	3.93899375
376	1.4223374131944444	3.964200390625
377	1.4825241319444444	3.97532265625
378	1.3793092013888888	3.825821875
379	1.4044686631944445	3.958060546875
380	1.387386545138889	3.86719921875
381	1.2122114583333334	3.7843984375
382	1.225605295138889	3.853959765625
383	1.2061383680555555	3.76975859375
384	1.1670109375	3.751405859375
385	1.1816842013888889	3.735343359375
386	1.0950924479166666	3.751853125
387	1.1069364583333334	3.644384765625
388	1.0053133680555555	3.6016078125
389	0.9958221354166666	3.616462109375
390	1.0199908854166666	3.671898828125
391	1.0625717881944445	3.6134453125
392	0.9360297743055556	3.66109921875
393	0.9197325520833334	3.550040234375
394	0.9022825520833333	3.65667109375
395	1.2094296006944445	3.671567578125
396	0.8866730902777777	3.518088671875
397	0.8007039930555555	3.6839328125
398	0.9573384548611111	3.644587890625
399	0.8128021701388889	3.455607421875
400	0.7942986979166666	3.54826171875
401	0.7826405381944445	3.49246171875
402	0.6887518229166667	3.393521875
403	0.8448328993055556	3.54470625
404	0.7152681423611111	3.355926171875
405	0.5348276041666666	3.3620328125
406	0.6579986979166667	3.366476953125
407	0.5475013020833334	3.411153125
408	0.5943081163194445	3.30117265625
409	0.5846911024305556	3.34277734375
410	0.47622921006944446	3.226494140625
411	0.37853407118055554	3.3088875
412	0.39595581597222224	3.168299609375
413	0.35238233506944444	3.179123828125
414	0.36853741319444444	3.1887298828125
415	0.3368732638888889	3.175504296875
416	0.38125	3.1737357421875
417	0.3866536024305556	3.428289453125
418	0.5533356336805556	3.355426953125
419	0.3578332899305556	3.173567578125
420	0.39800694444444445	3.1499591796875
421	0.3089871744791667	3.102722265625
422	0.19201976996527778	2.96131171875
423	-0.0024513214111328125	2.9454302734375
424	0.017835679796006945	2.941985546875
425	0.11532199435763889	2.947642578125
426	0.19046471354166666	2.94399609375
427	-0.05377782660590278	2.917159765625
428	0.04008367241753472	3.17397578125
429	0.07103522135416666	2.9789130859375
430	-0.07438133138020833	2.863524609375
431	-0.02842607150607639	2.8375259765625
432	-0.08017948676215278	2.9478119140625
433	-0.05759846462673611	2.97668671875
434	-0.03748280978732639	3.126196484375
435	0.04308723958333333	2.813771875
436	-0.2658599609375	2.6927591796875
437	-0.37701085069444445	2.6812640625
438	-0.32971575520833335	2.6540390625
439	-0.2424896484375	2.7547390625
440	-0.1863910373263889	2.7687572265625
441	-0.3154170138888889	2.5827546875
442	-0.18937957899305555	2.692637890625
443	-0.45379279513888887	2.6782578125
444	-0.3619775173611111	2.472106640625
445	-0.5000370659722222	2.530981640625
446	-0.47960238715277775	2.6394953125
447	-0.5263804253472222	2.4228876953125
448	-0.6916062934027778	2.419248046875
449	-0.6646471788194445	2.34367421875
450	-0.5871777777777778	2.641166796875
451	-0.665310546875	2.430601171875
452	-0.7285355902777778	2.49610625
453	-0.6175950520833333	2.55794765625
454	-0.40027586805555554	2.541512890625
455	-0.7132067274305556	2.2831779296875
456	-0.8352380208333333	2.283903125
457	-0.9539371527777778	2.2144599609375
458	-0.8814006944444445	2.2997958984375
459	-0.8720301215277778	2.353698046875
460	-0.8886875868055556	2.441055859375
461	-0.8304352430555556	2.529865234375
462	-0.7644880208333333	2.3002287109375
463	-0.7956613715277778	2.2110466796875
464	-1.0110465277777778	2.1023470703125
465	-0.9457875	2.373034765625
466	-1.05642578125	2.0433078125
467	-1.175144704861111	2.1008126953125
468	-1.2603862847222222	2.055816015625
469	-1.2195385416666666	2.0220666015625
470	-1.2836661458333334	1.9754193359375
471	-0.862875	2.392199609375
472	-1.0536151909722222	2.095316015625
473	-1.1169077256944444	2.257755078125
474	-1.0483596354166667	2.038749609375
475	-1.3646550347222222	2.0141921875
476	-1.3961138020833332	1.94858828125
477	-1.4281944444444445	1.77727109375
478	-1.5224262152777779	1.9330654296875
479	-1.4174083333333334	1.9450205078125
480	-1.5515817708333333	1.81610859375
481	-1.5174090277777779	1.7607375
482	-1.5990791666666666	1.9295609375
483	-1.5883447916666666	1.7609703125
484	-1.6791815972222222	1.6783990234375
485	-1.670446875	1.757784765625
486	-1.4671883680555555	1.8471658203125
487	-1.690282638888889	1.63092705078125
488	-1.6119678819444445	1.9033052734375
489	-1.5597387152777777	1.7768390625
490	-1.7185901041666667	1.760452734375
491	-1.6801050347222222	1.7711388671875
492	-1.6509845486111112	1.885241796875
493	-1.5263428819444445	1.7387880859375
494	-1.813770486111111	1.4980087890625
495	-2.013985416666667	1.4472580078125
496	-2.052641840277778	1.6596421875
497	-1.8883960069444445	1.39325361328125
498	-2.041407291666667	1.46058017578125
499	-1.9666618055555556	1.55203984375
500	-2.0681098958333335	1.4442841796875
501	-2.1342244791666665	1.4293658203125
502	-2.087761284722222	1.53219091796875
503	-1.9759095486111111	1.4292015625
504	-2.0984647569444443	1.444260546875
505	-2.097173784722222	1.421821875
506	-2.2252229166666666	1.27061533203125
507	-2.1765258680555557	1.3275544921875
508	-2.3136149305555556	1.23096484375
509	-2.3920420138888887	1.17629208984375
510	-1.9201413194444445	1.4317634765625
511	-2.223196354166667	1.2032990234375
512	-2.3516116319444444	1.193717578125
513	-2.119226041666667	1.37366142578125
514	-2.431013715277778	1.0817740234375
515	-2.4695586805555556	1.2208859375
516	-2.4191352430555555	1.3861978515625
517	-2.3936114583333334	1.27098486328125
518	-2.4893213541666666	1.1611291015625
519	-2.6311411458333334	1.0129400390625
520	-2.607934201388889	1.0722478515625
521	-2.6974921875	1.1348359375
522	-2.7633175347222223	0.9849892578125
523	-2.677319965277778	1.44424306640625
524	-2.4567602430555557	1.07536650390625
525	-2.5502850694444446	1.1817873046875
526	-2.630150347222222	0.893827734375
527	-2.8980440972222223	1.00055703125
528	-2.759969791666667	0.95364775390625
529	-2.8102696180555555	1.0130673828125
530	-2.727212673611111	0.777803759765625
531	-2.917198263888889	0.9277421875
532	-2.8651407986111113	0.86267099609375
533	-2.662270659722222	1.0336904296875
534	-2.9632854166666664	0.754875
535	-2.8549026041666665	0.8859322265625
536	-2.9580927083333335	0.767134375
537	-2.949904513888889	0.7706283203125
538	-2.9745708333333334	0.72867265625
539	-3.1881993055555555	0.484987939453125
540	-3.0170069444444443	0.799057080078125
541	-2.973826736111111	0.7497578125
542	-1.2764466145833333	2.7902255859375
543	-1.4352672743055555	1.5052568359375
544	-2.2934116319444446	1.0661662109375
545	-2.901829861111111	0.7038658203125
546	-3.1465517361111113	0.5777388671875
547	-3.337718402777778	0.46683115234375
548	-3.3633493055555554	0.6546271484375
549	-3.3235944444444443	0.3892895263671875
550	-3.4619416666666667	0.397520068359375
551	-3.3694836805555557	0.918160546875
552	-2.8698098958333333	0.58059013671875
553	-3.3422347222222224	0.494463623046875
554	-3.480020138888889	0.3447214599609375
555	-3.417755902777778	0.65180546875
556	-3.4953631944444443	0.31469765625
557	-3.549871527777778	0.3571382568359375
558	-3.578447222222222	0.418848974609375
559	-3.512347222222222	0.343510205078125
560	-3.6758697916666665	0.24652802734375
561	-3.7307430555555556	0.362419921875
562	-3.7176291666666668	0.3156011474609375
563	-3.5971822916666665	0.314355078125
564	-3.793475347222222	0.05410220947265625
565	-3.814938888888889	0.1809072509765625
566	-3.925970138888889	0.032713189697265624
567	-3.8819381944444444	0.1984966552734375
568	-3.884601388888889	0.0077438232421875
569	-3.9782510416666668	0.028056109619140623
570	-3.999946527777778	-0.00755643310546875
571	-4.088666319444444	-0.08671204833984375
572	-4.081856597222222	0.077979931640625
573	-4.052234722222222	-0.090461865234375
574	-4.046288194444444	-0.052684814453125
575	-4.040012847222222	0.235698876953125
576	-4.002182291666666	-0.1036040283203125
577	-4.100285416666667	0.023646002197265623
578	-4.133867013888889	0.19001959228515625
579	-4.101366319444445	-0.04299060668945313
580	-4.154126736111111	-0.007315753173828125
581	-4.099193055555555	-0.1322177001953125
582	-4.196119791666667	-0.2096313720703125
583	-4.3231552083333336	-0.107772705078125
584	-4.310889583333333	-0.2370124267578125
585	-4.4098902777777775	-0.06422687377929688
586	-4.234774305555556	-0.20418690185546876
587	-4.371767361111111	-0.27458828125
588	-4.574326041666667	-0.43363125
589	-4.551097222222222	-0.234859130859375
590	-4.454220138888889	-0.21838896484375
591	-4.495058680555555	-0.342534033203125
592	-4.5908670138888885	-0.3451746826171875
593	-4.510038541666667	-0.159861572265625
594	-4.394802777777778	-0.17311114501953126
595	-4.531631597222222	-0.355730810546875
596	-4.676066319444445	-0.44867451171875
597	-4.5622315972222225	-0.2437534912109375
598	-4.472534722222222	-0.247356982421875
599	-4.574028472222222	-0.416951318359375
600	-4.660597916666666	-0.541416796875
601	-4.716124652777777	0.0867535888671875
602	-4.4366819444444445	-0.451481298828125
603	-4.873791319444445	-0.60762939453125
604	-4.967244097222222	-0.696794287109375
605	-4.831715277777778	-0.4138533203125
606	-4.883998958333334	-0.6039359375
607	-4.852534722222222	-0.6584931640625
608	-4.9665607638888885	-0.51906259765625
609	-4.968767708333333	-0.688647314453125
610	-5.080842361111111	-0.745916845703125
611	-5.046463194444445	-0.736973486328125
612	-4.979187847222223	-0.55136513671875
613	-4.852068055555556	-0.609456640625
614	-4.749232291666667	-0.47384921875
615	-5.053449652777778	-0.738819921875
616	-5.185809375	-0.8811158203125
617	-5.225420833333334	-0.745542822265625
618	-5.012765972222223	-0.561412451171875
619	-4.940100694444444	-0.743167578125
620	-5.166236458333334	-0.88736572265625
621	-5.309103819444444	-0.8654259765625
622	-3.620938541666667	2.7408294921875
623	-2.3932085069444446	0.2759462890625
624	-4.1921236111111115	-0.338775048828125
625	-4.818425694444445	-0.62082822265625
626	-5.0115590277777775	-0.734191015625
627	-5.1464309027777775	-0.46091572265625
628	-4.868897569444444	-0.705406787109375
629	-5.1519836805555554	-0.793157470703125
630	-5.290228125	-0.9145306640625
631	-5.37083125	-0.82816943359375
632	-5.407540277777778	-0.97058017578125
633	-5.477628472222222	-0.96942958984375
634	-5.511209375	-1.02613623046875
635	-5.44244375	-0.640991357421875
636	-5.302108333333333	-0.88363310546875
637	-5.499517708333333	-1.10072841796875
638	-5.644781597222222	-1.058634765625
639	-5.283920833333333	-0.457680224609375
640	-4.841592708333334	-0.6021470703125
641	-4.855576736111111	-0.82947890625
642	-5.0264871527777775	-0.971264453125
643	-5.423246875	-0.95370556640625
644	-5.728341319444445	-1.22451201171875
645	-5.504226736111111	-1.037778515625
646	-5.574443402777778	-1.14543681640625
647	-5.79095625	-1.41452900390625
648	-5.365971527777778	-1.1695634765625
649	-5.5051375	-0.90843994140625
650	-5.639076041666667	-1.272715625
651	-5.897356944444445	-1.42074169921875
652	-6.050298611111111	-1.4297771484375
653	-6.0400326388888885	-1.4512787109375
654	-6.017214583333334	-1.50348056640625
655	-6.013197222222222	-1.44466396484375
656	-6.113953472222223	-1.43817548828125
657	-6.0657854166666665	-1.44627900390625
658	-6.176129166666667	-1.4951755859375
659	-6.176277777777778	-1.61787294921875
660	-6.2380555555555555	-1.47131845703125
661	-6.1880145833333335	-1.5399130859375
662	-6.256592361111111	-1.5943328125
663	-6.2361409722222225	-1.61349453125
664	-5.936992361111111	-1.510040625
665	-6.250023611111111	-1.7248677734375
666	-6.2463090277777775	-1.53928828125
667	-6.226830555555556	-1.5921775390625
668	-6.3724625	-1.775675390625
669	-6.5155916666666664	-1.7435296875
670	-6.520797916666667	-1.756596875
671	-6.292569444444444	-1.291902734375
672	-6.171967361111111	-1.7087287109375
673	-6.405853472222222	-1.8323966796875
674	-6.476107638888889	-1.72016640625
675	-6.504068055555556	-1.9073017578125
676	-6.6937243055555555	-1.9595068359375
677	-6.552345138888889	-1.56247265625
678	-6.373377777777778	-1.8053173828125
679	-5.133966319444444	-0.44832197265625
680	-5.5134357638888885	-1.5336703125
681	-6.365849305555556	-1.85906640625
682	-6.31229375	-1.630950390625
683	-6.518538194444444	-1.9609890625
684	-6.470138888888889	-1.753715234375
685	-6.3668861111111115	-1.9091462890625
686	-6.611425694444445	-1.8454611328125
687	-6.738886111111111	-2.100737890625
688	-6.825755555555555	-2.0464169921875
689	-6.921189583333334	-2.0196435546875
690	-6.4390729166666665	-1.3944681640625
691	-6.421525	-2.0791669921875
692	-6.706821527777778	-2.0352888671875
693	-6.979399305555556	-2.20671328125
694	-7.133160416666667	-2.2353412109375
695	-7.133360416666667	-2.1548140625
696	-7.054877777777778	-2.31776171875
697	-6.998225	-2.197553515625
698	-7.10353125	-2.244091015625
699	-7.179417361111111	-2.297080078125
700	-7.128519444444445	-2.2051830078125
701	-7.237517361111111	-2.3339
702	-7.008834027777778	-2.1961583984375
703	-7.0284375	-2.387934375
704	-7.241684722222222	-2.3781978515625
705	-7.1416201388888885	-2.0358408203125
706	-6.883965972222223	-2.115203515625
707	-7.184440972222222	-2.50391328125
708	-7.138597916666667	-2.35871171875
709	-7.335075	-2.2818056640625
710	-7.398242361111111	-2.51816875
711	-7.414909722222222	-2.50312265625
712	-7.471403472222222	-2.583099609375
713	-7.29103125	-2.3446859375
714	-7.410834027777778	-2.4700376953125
715	-7.513010416666667	-2.527137890625
716	-7.593875	-2.6044009765625
717	-7.40955625	-2.37988046875
718	-7.498184722222223	-2.6021349609375
719	-7.501515277777778	-2.44485390625
720	-7.500635416666666	-2.3367822265625
721	-7.2616506944444446	-2.581135546875
722	-7.6514493055555555	-2.6025205078125
723	-7.615385416666666	-2.709398828125
724	-7.731	-2.639333203125
725	-7.79795	-2.77499765625
726	-7.68481875	-2.6554796875
727	-7.690417361111111	-2.70691328125
728	-7.6981118055555555	-2.6913169921875
729	-7.750538194444444	-2.863769921875
730	-7.877239583333333	-2.9137953125
731	-7.947893055555555	-2.789222265625
732	-7.701625694444444	-2.539080859375
733	-7.736483333333333	-2.84745625
734	-7.883467361111111	-2.9637828125
735	-8.0518625	-2.883906640625
736	-8.098365972222222	-2.9584052734375
737	-8.034238888888888	-2.9795232421875
738	-7.951904166666667	-2.889423046875
739	-7.958673611111111	-3.0360900390625
740	-7.472154166666667	-2.7730388671875
741	-7.858539583333333	-2.8911953125
742	-8.12568125	-2.9690896484375
743	-7.765645833333333	-2.971037890625
744	-8.043082638888889	-3.034121484375
745	-8.217008333333334	-3.1842431640625
746	-8.231915277777778	-3.1560037109375
747	-8.333414583333333	-3.20958671875
748	-8.059769444444445	-3.080165625
749	-8.020908333333333	-2.908471875
750	-7.995872916666666	-3.089518359375
751	-8.117860416666666	-3.0837806640625
752	-8.167790277777778	-3.2360189453125
753	-8.308306944444444	-3.05181484375
754	-8.206570833333334	-3.166991015625
755	-8.297326388888889	-3.207794140625
756	-8.298020138888889	-3.1325515625
757	-8.353175694444445	-3.2617658203125
758	-8.486881944444445	-3.271857421875
759	-8.483997222222222	-3.320325
760	-8.281339583333333	-3.041851171875
761	-8.273458333333334	-3.259336328125
762	-8.515490277777777	-3.3049515625
763	-8.627672916666667	-3.38006796875
764	-8.46638263888889	-3.32599140625
765	-8.239786805555555	-3.28239375
766	-8.62522361111111	-3.34618125
767	-8.656997222222222	-3.475091796875
768	-8.645408333333334	-3.44822578125
769	-8.666406944444445	-3.48883828125
770	-8.527641666666666	-3.292045703125
771	-8.586878472222223	-3.420538671875
772	-8.645491666666667	-3.37334609375
773	-8.756227083333334	-3.532720703125
774	-8.82466111111111	-3.53300234375
775	-8.822440972222223	-3.201965625
776	-8.664545833333333	-3.440993359375
777	-8.804506944444444	-3.50019609375
778	-7.793020138888889	-2.1738259765625
779	-7.658379166666666	-3.1943466796875
780	-8.458494444444444	-3.552719140625
781	-8.680204166666666	-3.6362
782	-8.83775625	-3.58679765625
783	-8.99965625	-3.75678671875
784	-8.991085416666667	-3.5911828125
785	-8.785252777777778	-3.64203828125
786	-8.860374305555556	-3.82735
787	-9.030066666666666	-3.649148046875
788	-8.960182638888888	-3.52746484375
789	-8.8659125	-3.576183203125
790	-8.98361388888889	-3.57332734375
791	-8.809577777777777	-3.45434921875
792	-8.862103472222222	-3.62401640625
793	-8.949233333333334	-3.217165625
794	-8.822444444444445	-3.70187421875
795	-9.231917361111112	-3.97724296875
796	-9.288430555555555	-3.8481484375
797	-9.322090277777777	-3.88398203125
798	-9.091290972222222	-3.52532265625
799	-9.162353472222222	-3.666198046875
800	-9.165422916666667	-3.772923828125
801	-9.191854166666667	-3.805654296875
802	-9.337006944444445	-3.671285546875
803	-8.905475	-3.55675390625
804	-9.140772916666666	-3.902077734375
805	-9.35465138888889	-3.902265625
806	-9.523283333333334	-4.157283984375
807	-9.595417361111112	-4.002609375
808	-9.552620138888889	-4.1352125
809	-9.555252777777778	-3.86810234375
810	-9.166822916666666	-3.7894421875
811	-9.32417986111111	-3.770430078125
812	-9.470263888888889	-3.876670703125
813	-9.44977986111111	-4.156909375
814	-9.745127777777778	-4.215121484375
815	-9.686533333333333	-4.14245625
816	-9.643053472222222	-4.201651953125
817	-9.489223611111111	-3.65450234375
818	-9.316224305555556	-4.019328515625
819	-9.56418125	-3.73685625
820	-9.324341666666667	-4.232880078125
821	-9.799083333333334	-4.35498828125
822	-9.895190277777777	-4.1498453125
823	-9.942286805555556	-4.378375390625
824	-9.647668055555556	-3.999036328125
825	-9.546770833333333	-4.319196484375
826	-9.841454861111112	-4.23539921875
827	-9.970389583333333	-4.435271484375
828	-9.890409722222222	-4.1907125
829	-9.511795138888889	-4.05847421875
830	-9.710403472222222	-4.402948046875
831	-10.033560416666667	-4.52632734375
832	-10.010685416666666	-4.0613671875
833	-9.885918055555555	-4.502001171875
834	-10.063066666666666	-4.40310078125
835	-10.04704375	-4.511068359375
836	-10.2182875	-4.60272890625
837	-10.302009027777778	-4.636483984375
838	-10.09106875	-4.277184765625
839	-10.04812361111111	-4.66473828125
840	-10.158883333333334	-4.6348875
841	-10.04123888888889	-4.677508203125
842	-10.240847222222222	-4.5062828125
843	-10.293895833333334	-4.67428203125
844	-10.2882	-4.519172265625
845	-10.181377083333333	-4.757553125
846	-10.36469236111111	-4.643250390625
847	-10.392722222222222	-4.741738671875
848	-10.542145833333333	-4.89711953125
849	-10.51446111111111	-4.6940046875
850	-10.447683333333334	-4.79805234375
851	-10.568628472222223	-4.717330078125
852	-10.585556944444445	-4.8768453125
853	-10.60737013888889	-4.93821796875
854	-10.381845138888888	-4.741688671875
855	-10.369190972222222	-4.808762109375
856	-10.527279861111111	-4.624365625
857	-10.16884861111111	-4.4496625
858	-10.219740972222223	-4.76702890625
859	-10.635661805555555	-4.896465234375
860	-10.794290972222223	-4.941948046875
861	-10.619658333333334	-4.85270859375
862	-10.65456875	-4.9274125
863	-10.213513194444445	-4.39040390625
864	-10.37343888888889	-4.8923625
865	-10.381943055555556	-4.729190234375
866	-10.495595833333333	-4.70247421875
867	-10.651933333333334	-5.08038203125
868	-10.855034722222221	-5.0487859375
869	-10.56679236111111	-4.484012109375
870	-10.225919444444445	-4.96261640625
871	-10.77612986111111	-4.921226953125
872	-10.76065625	-5.03623046875
873	-10.653127083333333	-4.875103515625
874	-10.76979375	-5.096118359375
875	-10.988575	-5.12992265625
876	-10.996470138888888	-5.110220703125
877	-10.907834027777778	-5.15740703125
878	-10.995447916666667	-5.15511015625
879	-11.054469444444445	-5.2588
880	-11.040345833333333	-5.24655859375
881	-10.958684027777778	-5.10668046875
882	-10.955142361111111	-5.27079609375
883	-11.069770138888888	-5.28022734375
884	-11.018308333333334	-5.261836328125
885	-11.153288194444444	-5.2105734375
886	-11.09816111111111	-5.203231640625
887	-11.052064583333333	-5.28359609375
888	-11.24682638888889	-5.37264296875
889	-11.32297638888889	-5.373507421875
890	-11.297202777777779	-5.415834375
891	-11.242082638888888	-5.340208984375
892	-11.308602777777777	-5.4171875
893	-11.439876388888889	-5.4041421875
894	-11.357823611111112	-5.41070234375
895	-11.202269444444445	-5.08654765625
896	-10.933076388888889	-4.83013359375
897	-10.906452083333333	-5.3303609375
898	-11.325769444444445	-5.504077734375
899	-11.291485416666667	-5.370758984375
900	-11.35515625	-5.283596875
901	-11.390549305555556	-5.55003203125
902	-11.419977777777778	-5.56910078125
903	-11.064369444444445	-5.046710546875
904	-11.228967361111112	-5.488602734375
905	-11.5327875	-5.5862171875
906	-11.515659722222223	-5.499439453125
907	-11.591910416666666	-5.55221484375
908	-11.562315972222223	-5.58145703125
909	-11.649664583333333	-5.582753125
910	-11.684670833333334	-5.8296796875
911	-11.681073611111112	-5.57400859375
912	-11.598116666666666	-5.62157265625
913	-11.601981944444445	-5.40592265625
914	-11.481225694444445	-5.554290625
915	-11.684202777777777	-5.73282109375
916	-11.846430555555555	-5.860485546875
917	-11.855354166666666	-5.7829875
918	-11.686041666666666	-5.30728984375
919	-11.352806944444444	-5.68247421875
920	-11.652195833333334	-5.57876796875
921	-11.735320833333333	-5.80741015625
922	-11.893376388888889	-5.75615234375
923	-12.003766666666667	-5.856876953125
924	-11.869268055555555	-5.60449609375
925	-11.800125	-5.7599359375
926	-11.868631944444445	-5.786725
927	-11.920719444444444	-5.744590234375
928	-11.9463125	-5.785553125
929	-11.508759027777778	-5.45567890625
930	-11.836495833333334	-5.8750046875
931	-12.040448611111112	-5.6895453125
932	-11.986363888888889	-5.84515546875
933	-11.989604166666666	-5.81395859375
934	-12.01029861111111	-5.76512890625
935	-12.048820833333334	-5.7763296875
936	-12.13546111111111	-5.94448046875
937	-12.014033333333334	-5.865626953125
938	-11.996554166666666	-5.78651484375
939	-11.615797222222222	-5.4043765625
940	-11.796438888888888	-5.865719140625
941	-11.896969444444444	-5.311369140625
942	-11.604944444444444	-5.651507421875
943	-11.990473611111112	-5.891425
944	-12.066605555555556	-5.8609265625
945	-12.101841666666667	-5.675813671875
946	-11.914415277777778	-5.814240625
947	-10.18817013888889	-5.01989296875
948	-11.180377777777778	-5.52390859375
949	-11.846280555555555	-5.89640625
950	-12.117358333333334	-6.09754921875
951	-12.106741666666666	-5.722441015625
952	-12.114791666666667	-6.06844296875
953	-12.352947222222221	-6.13053125
954	-12.446541666666667	-6.22300078125
955	-12.47464861111111	-6.068624609375
956	-11.92436111111111	-5.83651328125
957	-12.2792	-6.12354140625
958	-12.356633333333333	-6.145458984375
959	-12.040147222222222	-5.919859375
960	-12.096740277777778	-6.13387109375
961	-12.391984722222222	-6.02454921875
962	-12.392143055555556	-6.3193640625
963	-12.545315277777778	-6.19588671875
964	-12.487509722222223	-6.13967578125
965	-12.3315375	-6.16503359375
966	-12.530498611111112	-6.242495703125
967	-10.420998611111111	-5.114398828125
968	-11.541855555555555	-5.750371875
969	-12.04443611111111	-6.093997265625
970	-12.3762625	-6.324513671875
971	-12.664459722222222	-6.38076796875
972	-12.679577777777778	-6.4319796875
973	-12.689325	-6.240416015625
974	-12.493615277777778	-6.20455
975	-12.69318611111111	-6.41563515625
976	-12.659640277777777	-6.12104609375
977	-12.535081944444444	-6.440911328125
978	-12.794072222222223	-6.48934140625
979	-12.808102777777778	-6.507318359375
980	-12.876094444444444	-6.45505546875
981	-12.929265277777779	-6.553696875
982	-13.013290277777777	-6.73561328125
983	-12.989	-6.463748828125
984	-11.811361111111111	-6.02364765625
985	-12.37637638888889	-6.244939453125
986	-12.537340277777778	-6.333728125
987	-12.736668055555555	-6.393443359375
988	-12.992886111111112	-6.72877578125
989	-13.080195833333333	-6.6852140625
990	-13.189402777777778	-6.7117234375
991	-13.237511111111111	-6.7160671875
992	-13.045169444444445	-6.61962109375
993	-13.196729166666668	-6.76170703125
994	-12.8525	-5.726328125
995	-12.230333333333334	-6.42980859375
996	-13.020427777777778	-6.675109375
997	-13.245409722222222	-6.7768625
998	-13.204902777777777	-6.7283953125
999	-13.10865138888889	-6.70443828125
1000	-13.232472222222222	-6.75415859375
1001	-13.251988888888889	-6.8101546875
1002	-13.352705555555556	-6.8325671875
1003	-13.265030555555555	-6.7176296875
1004	-13.085348611111112	-6.49027109375
1005	-12.615319444444445	-6.276918359375
1006	-13.080743055555555	-6.875171875
1007	-13.386072222222221	-6.98728359375
1008	-13.377427777777777	-6.5489609375
1009	-13.344934722222222	-6.82218359375
1010	-13.446188888888889	-6.95108671875
1011	-13.502676388888888	-6.98758046875
1012	-13.556083333333333	-6.9245890625
1013	-12.561694444444445	-6.168253125
1014	-13.027826388888888	-6.8515078125
1015	-13.403680555555555	-6.83445078125
1016	-13.48635	-6.9506671875
1017	-13.645855555555556	-6.9637546875
1018	-13.604804166666666	-7.06851875
1019	-13.649688888888889	-7.13118984375
1020	-13.664993055555556	-7.0499359375
1021	-13.718768055555556	-6.87271484375
1022	-13.263284722222222	-6.875315625
1023	-13.349059722222222	-6.90549140625
1024	-13.476406944444445	-6.8634625
1025	-13.404841666666666	-6.8978359375
1026	-13.62316388888889	-7.00648671875
1027	-13.779529166666666	-6.944971875
1028	-13.594509722222222	-7.02233671875
1029	-13.743981944444444	-7.1522546875
1030	-13.692905555555555	-6.87960390625
1031	-13.565222222222221	-6.86323515625
1032	-13.672140277777778	-7.14506328125
1033	-11.582194444444445	-3.170474609375
1034	-10.295752777777778	-5.689196484375
1035	-12.416822222222223	-6.65111015625
1036	-13.267720833333334	-6.8207796875
1037	-13.475997222222222	-7.08235703125
1038	-13.695883333333333	-7.1725296875
1039	-13.852633333333333	-7.20830234375
1040	-13.729175	-6.99076328125
1041	-13.672056944444444	-7.22812890625
1042	-13.8467375	-7.17960390625
1043	-13.908475	-7.28773671875
1044	-13.942495833333334	-7.2510828125
1045	-13.933465277777778	-7.2348078125
1046	-13.871248611111112	-7.10073984375
1047	-13.850223611111112	-7.2640234375
1048	-14.056291666666667	-7.3726234375
1049	-13.548819444444444	-7.00094140625
1050	-13.586069444444444	-7.060859375
1051	-13.8559625	-7.40260234375
1052	-14.025198611111112	-7.39568671875
1053	-14.065954166666666	-7.327040625
1054	-14.203286111111112	-7.445809375
1055	-14.150068055555556	-7.46155703125
1056	-13.2308	-5.861879296875
1057	-12.937230555555555	-6.77112734375
1058	-13.739265277777777	-7.286
1059	-14.058309722222223	-7.4667875
1060	-14.116445833333334	-7.36214921875
1061	-14.220084722222222	-7.521365625
1062	-14.301481944444445	-7.644425
1063	-14.352840277777778	-7.50061484375
1064	-14.366115277777778	-7.63190625
1065	-14.394580555555555	-7.6069015625
1066	-14.432197222222221	-7.6203828125
1067	-14.432404166666666	-7.58281875
1068	-13.703483333333333	-7.25382578125
1069	-14.188290277777778	-7.5593359375
1070	-14.256511111111111	-7.41169296875
1071	-14.360540277777778	-7.7534390625
1072	-14.542515277777778	-7.6169984375
1073	-14.540280555555556	-7.61406640625
1074	-14.490058333333334	-7.6444671875
1075	-14.541240277777778	-7.6938515625
1076	-14.502881944444445	-7.48921328125
1077	-14.46266111111111	-7.564
1078	-13.516198611111111	-6.32939609375
1079	-13.021679166666667	-7.0547875
1080	-13.896905555555556	-7.499559375
1081	-14.363284722222222	-7.6727703125
1082	-14.467902777777777	-7.742459375
1083	-14.18886111111111	-7.42575390625
1084	-14.259463888888888	-7.6327359375
1085	-14.561515277777778	-7.841525
1086	-12.651655555555555	-6.82619921875
1087	-13.927775	-7.5370265625
1088	-14.562873611111112	-7.6678828125
1089	-14.691938888888888	-7.841875
1090	-14.727701388888889	-7.70482421875
1091	-14.687438888888888	-7.80685859375
1092	-14.723413888888889	-7.8864546875
1093	-14.708018055555556	-7.80222421875
1094	-14.753423611111112	-7.86673125
1095	-14.82638611111111	-7.814815625
1096	-14.815597222222221	-7.68952734375
1097	-14.768508333333333	-7.8142859375
1098	-14.157804166666667	-7.4788703125
1099	-14.254554166666667	-7.500375
1100	-14.524852777777777	-7.81494296875
1101	-14.685740277777779	-7.7283140625
1102	-14.68592638888889	-7.8394109375
1103	-14.701627777777778	-7.9201453125
1104	-14.799283333333333	-7.9644546875
1105	-14.840254166666666	-7.8899390625
1106	-14.67501388888889	-7.82604375
1107	-14.424406944444444	-7.60688046875
1108	-14.405441666666666	-7.90802578125
1109	-14.622031944444444	-7.22317265625
1110	-14.064191666666666	-7.75673203125
1111	-14.533058333333333	-7.9632328125
1112	-14.8683375	-8.16059453125
1113	-15.094891666666667	-8.24884453125
1114	-15.100222222222222	-8.2212625
1115	-15.061679166666666	-8.09667109375
1116	-14.962902777777778	-8.2173453125
1117	-15.133406944444445	-8.25575859375
1118	-15.200034722222222	-8.052996875
1119	-15.00585	-8.04119296875
1120	-14.928725	-8.0721984375
1121	-14.9848875	-8.07714609375
1122	-15.178043055555555	-8.27346328125
1123	-15.194104166666667	-8.14375625
1124	-15.037004166666666	-8.236328125
1125	-15.3488625	-8.380703125
1126	-15.403877777777778	-8.2293390625
1127	-15.299993055555555	-8.25860703125
1128	-14.71380138888889	-8.04631484375
1129	-15.289158333333333	-8.294184375
1130	-15.427830555555555	-8.42796796875
1131	-15.54609861111111	-8.5029625
1132	-15.46218611111111	-8.36016484375
1133	-15.570041666666667	-8.4449078125
1134	-15.470895833333334	-8.428125
1135	-15.59104861111111	-8.5026765625
1136	-15.590030555555556	-8.30447890625
1137	-15.590683333333333	-8.54434453125
1138	-15.645761111111112	-8.45339140625
1139	-15.314490277777777	-8.064678125
1140	-15.284165277777777	-8.40166953125
1141	-15.531497222222223	-8.50341796875
1142	-15.4897875	-8.4537921875
1143	-15.650218055555555	-8.65440703125
1144	-15.687770833333333	-8.6255578125
1145	-15.688466666666667	-8.543646875
1146	-15.770054166666666	-8.5973984375
1147	-15.587447222222222	-8.53823984375
1148	-15.657894444444445	-8.6328578125
1149	-15.708940277777778	-8.5080265625
1150	-15.6508	-8.5910328125
1151	-15.588283333333333	-8.3580015625
1152	-15.613909722222223	-8.524590625
1153	-15.832575	-8.75580625
1154	-15.896572222222222	-8.6748671875
1155	-15.863265277777778	-8.80625390625
1156	-15.551920833333334	-8.46348359375
1157	-15.74672638888889	-8.5652359375
1158	-15.876502777777779	-8.74007265625
1159	-15.976923611111111	-8.69656875
1160	-15.696925	-8.7029328125
1161	-15.926763888888889	-8.79407109375
1162	-15.579184722222223	-8.3102796875
1163	-15.674177777777778	-8.7409859375
1164	-16.0442125	-8.8386609375
1165	-15.976655555555556	-8.779840625
1166	-16.01158472222222	-8.80966484375
1167	-16.042359722222223	-8.937834375
1168	-15.774719444444445	-8.747740625
1169	-16.022144444444443	-8.74603515625
1170	-16.081397222222222	-8.9144
1171	-16.13809722222222	-8.86690703125
1172	-16.232559722222224	-9.0267
1173	-15.9952375	-7.81874453125
1174	-15.097797222222223	-8.6349375
1175	-16.006609722222223	-8.98260625
1176	-16.074158333333333	-9.002559375
1177	-16.08205277777778	-8.90639375
1178	-16.163756944444444	-8.88767890625
1179	-16.258694444444444	-9.03216171875
1180	-15.699381944444445	-7.89844921875
1181	-15.515808333333334	-8.90723125
1182	-16.12550138888889	-8.979921875
1183	-16.3171875	-9.17101875
1184	-16.397718055555554	-8.92341875
1185	-16.33328611111111	-9.05815390625
1186	-16.2460625	-8.8330390625
1187	-16.185536111111112	-9.11366875
1188	-16.413504166666666	-9.20084453125
1189	-16.511875	-9.11333125
1190	-16.455733333333335	-9.09963203125
1191	-16.457502777777776	-9.021425
1192	-16.456198611111112	-9.07259453125
1193	-16.517672222222224	-9.21249375
1194	-16.512656944444444	-9.220940625
1195	-16.565706944444443	-9.15245234375
1196	-16.55	-9.12561953125
1197	-16.59946111111111	-9.19928359375
1198	-16.645902777777778	-9.27509296875
1199	-16.62006388888889	-9.1640609375
1200	-16.578151388888887	-9.13245703125
1201	-16.45195138888889	-8.927353125
1202	-16.446194444444444	-9.06463984375
1203	-16.535598611111112	-9.1757578125
1204	-14.358465277777778	-6.4061703125
1205	-14.257386111111112	-8.40988125
1206	-15.718155555555555	-8.91608203125
1207	-16.133340277777776	-8.4867296875
1208	-16.1834375	-9.1310453125
1209	-16.572754166666666	-9.23280625
1210	-16.569483333333334	-8.94309609375
1211	-16.33197361111111	-9.28773828125
1212	-16.480558333333335	-9.3016125
1213	-16.743631944444445	-9.328528125
1214	-16.794097222222224	-9.4092125
1215	-16.670043055555556	-8.303675
1216	-15.869869444444445	-9.0218453125
1217	-16.298872222222222	-9.2863390625
1218	-16.327456944444446	-8.6147
1219	-16.044651388888887	-8.8493
1220	-16.494918055555555	-9.31156796875
1221	-16.755841666666665	-9.33462578125
1222	-16.804181944444444	-9.257790625
1223	-16.895743055555556	-9.5068578125
1224	-16.432475	-9.0406921875
1225	-15.790216666666666	-8.904746875
1226	-16.567079166666666	-9.26066875
1227	-16.74733611111111	-9.44258125
1228	-16.9816125	-9.4462125
1229	-16.89905	-9.3413625
1230	-16.934255555555556	-9.5902953125
1231	-16.965879166666667	-9.49747890625
1232	-17.09163472222222	-9.6499046875
1233	-17.156380555555554	-9.53517265625
1234	-17.184645833333335	-9.54686953125
1235	-17.249961111111112	-9.57178203125
1236	-17.22457361111111	-9.6834203125
1237	-17.190775	-9.581865625
1238	-17.251079166666667	-9.68329375
1239	-17.251320833333335	-9.60346484375
1240	-17.179594444444444	-9.7244390625
1241	-17.301354166666666	-9.6642328125
1242	-17.333406944444445	-9.7032578125
1243	-17.266401388888887	-9.66046328125
1244	-17.2025	-9.3089078125
1245	-17.124230555555556	-9.65643828125
1246	-17.03533472222222	-9.67234296875
1247	-17.13968611111111	-9.7083765625
1248	-17.359554166666666	-9.6791734375
1249	-17.347991666666665	-9.71442109375
1250	-17.399213888888887	-9.73604765625
1251	-17.4219	-9.6846390625
1252	-17.230579166666665	-9.47091875
1253	-17.255320833333332	-9.7179765625
1254	-17.382236111111112	-9.82542890625
1255	-17.1469	-9.55405546875
1256	-17.339123611111113	-9.6751984375
1257	-17.091868055555555	-9.5133875
1258	-17.161183333333334	-9.53892421875
1259	-17.247281944444445	-9.7535796875
1260	-17.425148611111112	-9.60849296875
1261	-17.224397222222223	-9.5823125
1262	-17.337665277777777	-9.59147265625
1263	-17.433668055555554	-9.6259
1264	-17.480779166666668	-9.41901875
1265	-17.383793055555557	-9.716384375
1266	-17.501933333333334	-9.77707421875
1267	-17.49976527777778	-9.688075
1268	-17.491054166666668	-9.66893125
1269	-17.528094444444445	-9.5994671875
1270	-17.47683333333333	-9.61803359375
1271	-17.580068055555557	-9.7228609375
1272	-17.551731944444445	-9.5561046875
1273	-17.566536111111112	-9.69590703125
1274	-17.682818055555554	-9.5827984375
1275	-17.611243055555555	-9.63156796875
1276	-17.655516666666667	-9.744178125
1277	-17.667066666666667	-9.97761953125
1278	-17.644218055555555	-9.52878828125
1279	-17.319961111111112	-9.7421140625
1280	-17.6779875	-9.8762375
1281	-17.618961111111112	-9.92004375
1282	-17.745373611111113	-10.027259375
1283	-17.918163888888888	-10.06857109375
1284	-17.881569444444445	-9.8438453125
1285	-17.71068888888889	-9.95811796875
1286	-17.755044444444444	-9.75768984375
1287	-17.739255555555555	-10.046571875
1288	-17.90641527777778	-10.2198796875
1289	-18.020419444444446	-10.23886015625
1290	-17.91077361111111	-10.04384609375
1291	-17.81461527777778	-10.147984375
1292	-17.844675	-10.0202546875
1293	-17.859344444444446	-10.1487109375
1294	-18.041430555555557	-10.1218796875
1295	-17.94926388888889	-10.24259375
1296	-18.104359722222224	-10.27451953125
1297	-17.702295833333334	-9.01775703125
1298	-16.524426388888887	-9.51385703125
1299	-17.369931944444446	-10.06409140625
1300	-17.69436388888889	-10.2246046875
1301	-17.95315972222222	-10.04736875
1302	-17.89072361111111	-10.17361875
1303	-18.036058333333333	-10.30420234375
1304	-18.152668055555555	-10.3589390625
1305	-18.2333875	-10.38968046875
1306	-18.179469444444443	-10.2902765625
1307	-18.146508333333333	-10.32024765625
1308	-18.191279166666668	-10.38084375
1309	-18.29562222222222	-10.44874296875
1310	-18.275422222222222	-10.3218484375
1311	-18.256169444444446	-10.307203125
1312	-18.092077777777778	-10.3878875
1313	-18.3293875	-10.5185875
1314	-18.37222361111111	-10.47546875
1315	-18.291555555555554	-10.3387453125
1316	-18.2388125	-10.32262578125
1317	-15.155647222222223	-8.14820546875
1318	-16.2822375	-9.688534375
1319	-17.579556944444445	-10.142828125
1320	-17.827919444444444	-10.2261609375
1321	-18.13874722222222	-10.3288890625
1322	-18.18950138888889	-10.3044921875
1323	-18.343825	-10.529909375
1324	-18.469245833333332	-10.523890625
1325	-18.52730138888889	-10.4657046875
1326	-18.52816388888889	-10.5417109375
1327	-18.5376375	-10.52641796875
1328	-18.469870833333335	-10.48227421875
1329	-18.06849861111111	-10.1174078125
1330	-18.258779166666667	-10.4237484375
1331	-18.512711111111113	-10.5882703125
1332	-18.5832	-10.53305078125
1333	-18.614863888888888	-10.53903203125
1334	-18.5043	-10.3303828125
1335	-18.51483888888889	-10.593946875
1336	-18.66298888888889	-10.645390625
1337	-18.698427777777777	-10.6791359375
1338	-18.710731944444444	-10.53021484375
1339	-18.66668611111111	-10.68156171875
1340	-18.72623888888889	-10.688521875
1341	-18.760626388888888	-10.736696875
1342	-18.831079166666665	-10.7798921875
1343	-18.86889861111111	-10.7430140625
1344	-18.74367361111111	-10.4856375
1345	-17.99340972222222	-10.3898
1346	-18.44019861111111	-10.63074296875
1347	-18.733527777777777	-10.15413671875
1348	-17.689344444444444	-10.33469765625
1349	-18.5017125	-10.7141625
1350	-18.722143055555556	-10.7279984375
1351	-18.808255555555554	-10.822775
1352	-18.94242361111111	-10.77214140625
1353	-18.973958333333332	-10.816675
1354	-18.97685277777778	-10.7827671875
1355	-18.87754027777778	-10.6647625
1356	-18.805783333333334	-10.69215
1357	-18.877116666666666	-10.77726015625
1358	-19.02230972222222	-10.95480625
1359	-19.015229166666668	-10.7267328125
1360	-18.918530555555556	-10.80563046875
1361	-18.746608333333334	-10.5591171875
1362	-18.8113875	-10.77685
1363	-19.079530555555557	-10.8716765625
1364	-19.082344444444445	-10.9022921875
1365	-19.132804166666666	-10.83123984375
1366	-19.032716666666666	-10.8149671875
1367	-19.12602083333333	-10.69415625
1368	-19.130436111111113	-10.8494515625
1369	-19.219804166666666	-10.85488828125
1370	-19.079156944444446	-10.7627859375
1371	-19.052365277777778	-10.807334375
1372	-19.08969861111111	-10.7427015625
1373	-19.21721527777778	-10.83759921875
1374	-19.084381944444445	-10.73993125
1375	-19.05449722222222	-10.7368046875
1376	-19.146159722222222	-10.70721484375
1377	-19.136509722222222	-10.88657109375
1378	-19.29117638888889	-10.875965625
1379	-18.45235138888889	-9.53120078125
1380	-18.063031944444443	-10.430421875
1381	-18.82288888888889	-10.72584296875
1382	-19.184459722222222	-10.99242890625
1383	-19.33299027777778	-11.01569375
1384	-19.351216666666666	-11.06164375
1385	-19.4177375	-11.10845625
1386	-19.447719444444445	-11.1099140625
1387	-19.51547083333333	-11.07023359375
1388	-19.4981	-11.17273125
1389	-19.47699861111111	-10.77470078125
1390	-18.948540277777777	-10.92600625
1391	-19.40312638888889	-11.10459609375
1392	-19.559833333333334	-11.17495625
1393	-19.590429166666667	-11.151571875
1394	-19.568718055555557	-11.22021015625
1395	-19.51494027777778	-11.1654421875
1396	-19.561733333333333	-11.2255046875
1397	-19.6223875	-11.12965
1398	-19.65942638888889	-11.209946875
1399	-19.729111111111113	-11.167296875
1400	-19.4670875	-11.04495
1401	-19.42309861111111	-11.19940390625
1402	-19.678361111111112	-11.2596015625
1403	-19.738654166666667	-11.29661015625
1404	-19.71321111111111	-11.0952921875
1405	-19.730704166666666	-11.310946875
1406	-19.780520833333334	-11.3052171875
1407	-19.77936111111111	-11.20830078125
1408	-19.76582638888889	-11.30775078125
1409	-19.833909722222224	-11.398971875
1410	-19.857204166666666	-11.2822
1411	-19.845245833333333	-11.21809375
1412	-19.83771527777778	-11.33221171875
1413	-19.90678611111111	-11.3836703125
1414	-19.942790277777778	-11.38606171875
1415	-19.96529027777778	-11.28849921875
1416	-19.88391111111111	-11.26830546875
1417	-19.932861111111112	-11.34483046875
1418	-19.9908125	-11.4213
1419	-20.00422222222222	-11.3753953125
1420	-19.34899861111111	-9.978240625
1421	-18.93254027777778	-11.0806640625
1422	-19.755990277777776	-11.41015234375
1423	-19.97378888888889	-11.4754328125
1424	-20.033215277777778	-11.47216484375
1425	-20.055102777777776	-11.5145828125
1426	-19.809840277777777	-11.368228125
1427	-19.986752777777777	-11.516465625
1428	-20.112469444444443	-11.4457875
1429	-20.08043888888889	-11.50709375
1430	-20.148180555555555	-11.3906046875
1431	-20.132233333333332	-11.45535546875
1432	-20.18665138888889	-11.51819453125
1433	-20.230425	-11.5664546875
1434	-20.231633333333335	-11.5626046875
1435	-20.226441666666666	-11.504415625
1436	-20.19545972222222	-11.5189515625
1437	-20.182661111111113	-11.5084484375
1438	-20.26051111111111	-11.53330078125
1439	-20.270119444444443	-11.5863640625
1440	-20.355793055555555	-11.58831796875
1441	-20.320598611111112	-11.57561875
1442	-20.317820833333332	-11.63405234375
1443	-20.350431944444445	-11.69228359375
1444	-20.232577777777777	-11.643003125
1445	-20.356102777777778	-11.62162578125
1446	-20.388059722222224	-11.5990546875
1447	-20.29645138888889	-11.56785546875
1448	-20.37245	-11.6059359375
1449	-20.432533333333332	-11.724278125
1450	-20.401883333333334	-11.6574375
1451	-20.353726388888887	-11.5731375
1452	-20.4230375	-11.5344453125
1453	-20.466268055555556	-11.7395421875
1454	-20.444920833333335	-11.5615796875
1455	-20.502181944444445	-11.6900265625
1456	-20.468894444444445	-11.6188390625
1457	-20.203165277777778	-11.59722421875
1458	-20.401102777777776	-11.7443859375
1459	-20.436125	-11.6933546875
1460	-20.521581944444446	-11.60865234375
1461	-20.279252777777778	-11.66032421875
1462	-20.461201388888888	-11.7124890625
1463	-20.373045833333332	-11.38168046875
1464	-20.255675	-11.72772578125
1465	-20.473701388888887	-11.7428375
1466	-20.522069444444444	-11.722575
1467	-20.543311111111112	-11.7641703125
1468	-20.544381944444446	-11.7047078125
1469	-20.24298888888889	-11.60630625
1470	-20.443415277777778	-11.8074859375
1471	-20.5274625	-11.67229140625
1472	-20.517247222222224	-11.782965625
1473	-20.574355555555556	-11.8256140625
1474	-20.615019444444446	-11.8270109375
1475	-20.698793055555555	-11.79207890625
1476	-20.621319444444445	-11.5922734375
1477	-20.483979166666668	-11.73126875
1478	-20.629280555555557	-11.73699921875
1479	-20.632366666666666	-11.45797890625
1480	-20.443	-11.7562
1481	-20.718493055555555	-11.8646484375
1482	-20.725019444444445	-11.85391875
1483	-20.79219722222222	-11.901615625
1484	-20.842122222222223	-11.727503125
1485	-20.657558333333334	-11.8884953125
1486	-20.820216666666667	-11.8600453125
1487	-20.82366111111111	-11.87818984375
1488	-20.7823	-11.8652203125
1489	-20.88372361111111	-11.9583796875
1490	-20.94055277777778	-11.9278671875
1491	-20.94382638888889	-11.91753359375
1492	-20.958318055555555	-11.9285546875
1493	-20.914326388888888	-11.98368125
1494	-20.981918055555557	-11.91691640625
1495	-21.02258611111111	-11.98468828125
1496	-21.065822222222224	-11.94584375
1497	-21.076769444444444	-12.01178515625
1498	-21.076686111111112	-12.16656328125
1499	-21.02528611111111	-11.972328125
1500	-21.051820833333334	-12.14424765625
1501	-20.65518611111111	-11.75776328125
1502	-20.832433333333334	-12.0739234375
1503	-21.103490277777777	-12.07035078125
1504	-21.102905555555555	-12.02426484375
1505	-21.191606944444445	-12.10665
1506	-21.176025	-12.15172109375
1507	-21.178808333333333	-12.09289921875
1508	-21.172366666666665	-12.07235703125
1509	-21.114775	-12.1368515625
1510	-21.184177777777776	-12.027659375
1511	-21.21063472222222	-12.08378359375
1512	-21.209754166666666	-12.20641015625
1513	-21.270722222222222	-12.08453671875
1514	-21.281893055555557	-12.1129859375
1515	-21.29605972222222	-12.08420625
1516	-21.298134722222223	-12.194021875
1517	-21.2973	-12.19274765625
1518	-21.290670833333333	-12.1033421875
1519	-21.239822222222223	-12.1384109375
1520	-21.297119444444444	-12.20446015625
1521	-21.342277777777777	-12.14938203125
1522	-21.41961388888889	-12.18356875
1523	-21.307755555555556	-12.18501875
1524	-21.3057375	-12.1742171875
1525	-21.348127777777776	-12.2272
1526	-21.432268055555557	-12.2555875
1527	-21.425343055555555	-12.24654453125
1528	-21.42962361111111	-12.233215625
1529	-21.46886388888889	-12.165909375
1530	-21.34143472222222	-12.2269125
1531	-21.449693055555556	-12.23066953125
1532	-21.490104166666665	-12.2125328125
1533	-21.51214166666667	-12.32617578125
1534	-21.54947361111111	-12.3543984375
1535	-21.486327777777777	-12.31025234375
1536	-21.592005555555556	-12.3213953125
1537	-21.573230555555554	-12.23745703125
1538	-21.466025	-12.25342109375
1539	-21.53260138888889	-12.333021875
1540	-21.56978611111111	-12.20188515625
1541	-21.60190138888889	-12.2466125
1542	-21.561238888888887	-12.28133125
1543	-21.547020833333335	-12.23747109375
1544	-21.59005833333333	-12.31697421875
1545	-21.627880555555556	-12.3429453125
1546	-21.649120833333335	-12.31503515625
1547	-21.660066666666665	-12.36705546875
1548	-21.695058333333332	-12.3711453125
1549	-21.685269444444444	-12.29476328125
1550	-21.68228611111111	-12.37450703125
1551	-21.70529722222222	-12.3940546875
1552	-21.709494444444445	-12.39229140625
1553	-21.727908333333332	-12.3662140625
1554	-21.704131944444445	-12.4138953125
1555	-21.72604722222222	-12.37825859375
1556	-21.74277777777778	-12.31036171875
1557	-21.683316666666666	-12.431353125
1558	-21.746265277777777	-12.305490625
1559	-21.707279166666666	-12.36012265625
1560	-21.693177777777777	-12.3496421875
1561	-21.72515277777778	-12.3406125
1562	-21.564016666666667	-12.17298203125
1563	-21.652018055555555	-12.3743640625
1564	-21.649583333333332	-12.311621875
1565	-21.620468055555556	-12.3194828125
1566	-21.624859722222222	-12.33985703125
1567	-21.761804166666668	-12.33894609375
1568	-21.784230555555556	-12.3391375
1569	-21.736130555555555	-12.42107578125
1570	-21.786470833333333	-12.411721875
1571	-21.834923611111112	-12.44723671875
1572	-21.88190277777778	-12.3991890625
1573	-21.850638888888888	-12.3974125
1574	-21.89474583333333	-12.48270390625
1575	-21.95760138888889	-12.503371875
1576	-21.985668055555557	-12.42343359375
1577	-21.994834722222222	-12.4513890625
1578	-21.98928888888889	-12.22868046875
1579	-21.78410138888889	-12.466671875
1580	-21.964204166666665	-12.412553125
1581	-21.95799583333333	-12.47628125
1582	-22.01270277777778	-12.442284375
1583	-21.955395833333334	-12.4619546875
1584	-22.03322777777778	-12.509659375
1585	-22.062684722222222	-12.5488734375
1586	-22.09935	-12.56325625
1587	-22.148083333333332	-12.5586234375
1588	-22.170561111111112	-12.517559375
1589	-22.147890277777776	-12.50040625
1590	-22.15523888888889	-12.62066484375
1591	-22.104980555555557	-12.56518125
1592	-22.170020833333332	-12.52718125
1593	-22.194033333333334	-12.546925
1594	-22.143616666666667	-12.531928125
1595	-22.201370833333332	-12.50581640625
1596	-22.22812777777778	-12.6153171875
1597	-22.245751388888888	-12.6066625
1598	-22.260493055555557	-12.531959375
1599	-22.090376388888888	-12.4851875
1600	-22.224719444444446	-12.639609375
1601	-22.31057361111111	-12.637221875
1602	-22.30035277777778	-12.574921875
1603	-22.313679166666667	-12.5894671875
1604	-22.306570833333332	-12.674303125
1605	-22.383294444444445	-12.63458515625
1606	-22.33047361111111	-12.6244953125
1607	-22.34008888888889	-12.556753125
1608	-22.191377777777777	-12.66578046875
1609	-22.314879166666667	-12.5608203125
1610	-22.3165875	-12.594975
1611	-22.384029166666668	-12.708178125
1612	-22.3691125	-12.62763046875
1613	-22.348270833333334	-12.6315765625
1614	-22.318031944444446	-12.69201640625
1615	-22.3878375	-12.7468609375
1616	-22.434775	-12.6722109375
1617	-22.466106944444444	-12.7382828125
1618	-22.49731388888889	-12.737015625
1619	-22.530573611111112	-12.7417796875
1620	-22.55432638888889	-12.79348125
1621	-22.522956944444445	-12.79749375
1622	-22.55473472222222	-12.8020046875
1623	-22.590834722222223	-12.7336359375
1624	-22.589881944444443	-12.758090625
1625	-22.623361111111112	-12.8350578125
1626	-22.614248611111112	-12.7901765625
1627	-22.612618055555554	-12.7249125
1628	-22.617606944444443	-12.7357859375
1629	-22.588115277777778	-12.7656515625
1630	-22.597618055555557	-12.7985484375
1631	-22.524180555555557	-12.711965625
1632	-22.571566666666666	-12.69326875
1633	-22.646145833333332	-12.8658515625
1634	-22.357211111111113	-12.70193046875
1635	-22.520741666666666	-12.7257578125
1636	-22.61074861111111	-12.78478671875
1637	-22.626680555555556	-12.7052203125
1638	-22.615866666666665	-12.71325546875
1639	-22.62889861111111	-12.82544453125
1640	-22.71653611111111	-12.8414671875
1641	-22.742431944444444	-12.7305765625
1642	-22.701133333333335	-12.79162578125
1643	-22.72305972222222	-12.754478125
1644	-22.736331944444444	-12.749834375
1645	-22.760993055555556	-12.8335921875
1646	-22.786594444444443	-12.76189765625
1647	-22.768904166666665	-12.808653125
1648	-22.81775	-12.8515828125
1649	-22.838934722222223	-12.82493125
1650	-22.674879166666667	-12.7990921875
1651	-22.790359722222224	-12.880384375
1652	-22.84795972222222	-12.8485265625
1653	-22.829615277777776	-12.872628125
1654	-22.872640277777776	-12.8728578125
1655	-22.902797222222222	-12.8341765625
1656	-22.897231944444446	-12.89736796875
1657	-22.887284722222223	-12.944190625
1658	-22.9219625	-12.90051484375
1659	-22.938119444444446	-12.9337640625
1660	-22.965468055555554	-12.9608078125
1661	-22.983975	-13.00090625
1662	-22.97332777777778	-12.90174609375
1663	-22.973281944444444	-12.989975
1664	-23.03074861111111	-13.00998984375
1665	-22.91952638888889	-12.9504703125
1666	-22.984418055555555	-13.0678734375
1667	-22.96333611111111	-12.92086953125
1668	-22.99431111111111	-13.01625
1669	-23.0371125	-12.92286015625
1670	-23.064281944444446	-12.9991171875
1671	-23.032656944444444	-13.0630640625
1672	-23.068415277777778	-13.02448046875
1673	-23.1006	-13.03219140625
1674	-23.092252777777777	-13.02767890625
1675	-23.11468888888889	-13.00186875
1676	-23.062569444444446	-13.066071875
1677	-23.1245625	-13.03640859375
1678	-23.18307638888889	-13.0591515625
1679	-23.198641666666667	-13.0566734375
1680	-23.209508333333332	-13.1021859375
1681	-23.167090277777778	-12.93262265625
1682	-23.029019444444444	-13.0067765625
1683	-23.1526	-13.03403984375
1684	-23.2143625	-13.102709375
1685	-23.213148611111112	-13.1402171875
1686	-23.239851388888887	-13.138084375
1687	-23.287997222222224	-13.1794046875
1688	-23.311694444444445	-13.07629375
1689	-23.257866666666665	-13.04863125
1690	-23.28136388888889	-13.11411875
1691	-23.299243055555557	-13.1469375
1692	-23.316677777777777	-13.141846875
1693	-23.190248611111112	-13.0442078125
1694	-23.2544125	-13.1626625
1695	-23.31515	-13.127846875
1696	-23.34123611111111	-13.179765625
1697	-23.35410277777778	-13.192275
1698	-23.376597222222223	-13.1469453125
1699	-23.389005555555556	-13.1269015625
1700	-23.366394444444445	-13.1931296875
1701	-23.378883333333334	-13.158421875
1702	-23.41993611111111	-13.185696875
1703	-23.392211111111113	-13.13144375
1704	-23.385533333333335	-13.1268125
1705	-23.43134722222222	-13.1925109375
1706	-23.432225	-13.1131859375
1707	-23.4474	-13.259275
1708	-23.48050277777778	-13.1865
1709	-23.460105555555554	-13.21735
1710	-23.467872222222223	-13.0753734375
1711	-23.287194444444445	-13.2255046875
1712	-23.469919444444443	-13.2157890625
1713	-23.475355555555556	-13.301340625
1714	-23.499683333333333	-13.275365625
1715	-23.528005555555556	-13.318725
1716	-23.531525	-13.2541078125
1717	-23.544933333333333	-13.320975
1718	-23.554047222222223	-13.3293046875
1719	-23.549916666666668	-13.2917296875
1720	-23.5882	-13.309759375
1721	-23.60821111111111	-13.3652125
1722	-23.614044444444446	-13.3480734375
1723	-23.58652222222222	-13.2981296875
1724	-23.62661388888889	-13.3277765625
1725	-23.614469444444445	-13.324678125
1726	-23.58299722222222	-13.386621875
1727	-23.616777777777777	-13.39119375
1728	-23.659958333333332	-13.379134375
1729	-23.64843611111111	-13.3660421875
1730	-23.616802777777778	-13.3866734375
1731	-23.652225	-13.4314328125
1732	-23.68568611111111	-13.3530546875
1733	-23.70253888888889	-13.4396171875
1734	-23.713241666666665	-13.4561203125
1735	-23.73168888888889	-13.3972421875
1736	-23.728969444444445	-13.385075
1737	-23.421591666666668	-13.2398515625
1738	-23.60345277777778	-13.364340625
1739	-23.700633333333332	-13.4129046875
1740	-23.71248611111111	-13.457215625
1741	-23.75176111111111	-13.4222046875
1742	-23.78821111111111	-13.4707078125
1743	-23.818872222222222	-13.464646875
1744	-23.8268	-13.38816875
1745	-23.847927777777777	-13.4610765625
1746	-23.8695	-13.445296875
1747	-23.876180555555557	-13.470046875
1748	-23.85997777777778	-13.4468078125
1749	-23.885566666666666	-13.5294515625
1750	-23.90962222222222	-13.51750625
1751	-23.921769444444443	-13.4746625
1752	-23.932344444444446	-13.4843796875
1753	-23.895127777777777	-13.4543890625
1754	-23.925258333333332	-13.5374828125
1755	-23.936222222222224	-13.51650625
1756	-23.96958888888889	-13.563953125
1757	-23.951283333333333	-13.501965625
1758	-23.990930555555554	-13.549275
1759	-23.99153888888889	-13.45206875
1760	-23.991441666666667	-13.5043359375
1761	-24.009788888888888	-13.5272796875
1762	-24.033494444444443	-13.5861515625
1763	-24.031375	-13.5464484375
1764	-24.0118	-13.508240625
1765	-24.052775	-13.5848046875
1766	-24.073455555555554	-13.58659375
1767	-24.076830555555556	-13.5268546875
1768	-24.06083611111111	-13.651253125
1769	-24.09034722222222	-13.6034453125
1770	-24.080772222222222	-13.6355265625
1771	-24.10128611111111	-13.6018890625
1772	-24.127094444444445	-13.551553125
1773	-24.12442777777778	-13.698025
1774	-24.151747222222223	-13.602271875
1775	-24.142555555555557	-13.5505953125
1776	-24.15701111111111	-13.6607234375
1777	-24.144797222222223	-13.5988
1778	-24.136177777777778	-13.705246875
1779	-24.171872222222223	-13.6782765625
1780	-24.209647222222223	-13.6656296875
1781	-24.185163888888887	-13.584796875
1782	-24.19598611111111	-13.6503296875
1783	-24.199841666666668	-13.701871875
1784	-24.207116666666668	-13.69986875
1785	-24.23233888888889	-13.607721875
1786	-24.247491666666665	-13.6325765625
1787	-24.24251388888889	-13.6626453125
1788	-24.225447222222222	-13.669903125
1789	-24.247341666666667	-13.598196875
1790	-24.266680555555556	-13.6720125
1791	-24.277808333333333	-13.662690625
1792	-24.27825	-13.652853125
1793	-24.300391666666666	-13.6607265625
1794	-24.304547222222222	-13.7120296875
1795	-24.311255555555555	-13.7454296875
1796	-24.326766666666668	-13.6799515625
1797	-24.323408333333333	-13.69684375
1798	-24.29923611111111	-13.6876140625
1799	-24.29966111111111	-13.6424171875
1800	-24.317525	-13.7113640625
1801	-24.345730555555555	-13.69924375
1802	-24.348472222222224	-13.669590625
1803	-24.369452777777777	-13.72375625
1804	-24.35861388888889	-13.762665625
1805	-24.377055555555554	-13.7481359375
1806	-24.38658611111111	-13.7332171875
1807	-24.396533333333334	-13.73589375
1808	-24.41582222222222	-13.6977078125
1809	-24.391091666666668	-13.6256625
1810	-24.26897222222222	-13.7602203125
1811	-24.40225	-13.6818015625
1812	-24.407755555555557	-13.815546875
1813	-24.41803888888889	-13.778453125
1814	-24.447241666666667	-13.750440625
1815	-24.43363611111111	-13.8477125
1816	-24.445180555555556	-13.8017125
1817	-24.450802777777778	-13.7805953125
1818	-24.468486111111112	-13.7832828125
1819	-24.473208333333332	-13.76433125
1820	-24.434769444444445	-13.7813828125
1821	-24.500933333333332	-13.8099921875
1822	-24.49900277777778	-13.8982171875
1823	-24.491875	-13.757346875
1824	-24.516008333333332	-13.815753125
1825	-24.502447222222223	-13.7897796875
1826	-24.546069444444445	-13.7695453125
1827	-24.519469444444443	-13.772746875
1828	-24.545202777777778	-13.751053125
1829	-24.53006111111111	-13.825290625
1830	-24.555622222222222	-13.77195625
1831	-24.545080555555554	-13.762253125
1832	-24.567319444444443	-13.7570578125
1833	-24.572991666666667	-13.839390625
1834	-24.567916666666665	-13.7996359375
1835	-24.585044444444446	-13.8236890625
1836	-24.58086388888889	-13.8249734375
1837	-24.578725	-13.890896875
1838	-24.597719444444444	-13.818496875
1839	-24.59598888888889	-13.89038125
1840	-24.530230555555555	-13.83624375
1841	-24.574761111111112	-13.7419125
1842	-24.61008888888889	-13.82271875
1843	-24.607602777777778	-13.807678125
1844	-24.61956111111111	-13.8502453125
1845	-24.628752777777777	-13.8578359375
1846	-24.631458333333335	-13.8637578125
1847	-24.66837222222222	-13.831009375
1848	-24.65688611111111	-13.8622546875
1849	-24.659080555555555	-13.8494296875
1850	-24.664080555555554	-13.9109765625
1851	-24.684605555555557	-13.917628125
1852	-24.67291388888889	-13.8940296875
1853	-24.68793888888889	-13.8750875
1854	-24.699494444444444	-13.84233125
1855	-24.687580555555556	-13.936315625
1856	-24.69225	-13.8946109375
1857	-24.713905555555556	-13.90275625
1858	-24.729441666666666	-13.9404015625
1859	-24.713966666666668	-13.912453125
1860	-24.713697222222223	-13.8863328125
1861	-24.761294444444445	-13.89563125
1862	-24.735477777777778	-13.9327703125
1863	-24.735716666666665	-13.8866140625
1864	-24.74157222222222	-13.9248328125
1865	-24.76996111111111	-13.8238875
1866	-24.742427777777777	-13.9502390625
1867	-24.764488888888888	-13.9772015625
1868	-24.746041666666667	-13.876184375
1869	-24.728583333333333	-13.9194953125
1870	-24.775419444444445	-13.8177
1871	-24.762119444444444	-13.875121875
1872	-24.77863333333333	-13.87760625
1873	-24.79195	-13.917034375
1874	-24.801430555555555	-13.97230625
1875	-24.822086111111112	-13.9370890625
1876	-24.79647222222222	-13.9316609375
1877	-24.810436111111112	-13.9250671875
1878	-24.826625	-13.8906046875
1879	-24.807866666666666	-13.9361546875
1880	-24.819269444444444	-13.9695671875
1881	-24.828744444444446	-13.938334375
1882	-24.82321111111111	-13.97273125
1883	-24.851227777777776	-13.942440625
1884	-24.853927777777777	-14.01690625
1885	-24.836925	-13.9202234375
1886	-24.851316666666666	-13.9687671875
1887	-24.85534722222222	-13.902778125
1888	-24.832175	-13.875346875
1889	-24.766566666666666	-13.909915625
1890	-24.810916666666667	-13.973425
1891	-24.85568333333333	-13.9320234375
1892	-24.859525	-13.9775375
1893	-24.87045277777778	-13.944265625
1894	-24.89860277777778	-13.9465109375
1895	-24.884694444444445	-13.982578125
1896	-24.895658333333333	-13.923571875
1897	-24.90932777777778	-13.9498203125
1898	-24.915086111111112	-14.015046875
1899	-24.931044444444446	-14.020565625
1900	-24.925683333333332	-14.0033265625
1901	-24.91494722222222	-13.971490625
1902	-24.916030555555555	-13.9653796875
1903	-24.924191666666665	-14.0198375
1904	-24.93326666666667	-14.06005
1905	-24.948422222222224	-14.0597328125
1906	-24.95545	-14.02544375
1907	-24.94479722222222	-14.04970625
1908	-24.964058333333334	-13.9829015625
1909	-24.936577777777778	-14.0758140625
1910	-24.969225	-13.9956953125
1911	-24.97925	-13.964390625
1912	-24.981175	-14.0241359375
1913	-24.962097222222223	-14.036765625
1914	-24.975952777777778	-14.055390625
1915	-24.983758333333334	-14.03184375
1916	-24.972183333333334	-14.0018203125
1917	-24.987513888888888	-14.073984375
1918	-25.001519444444444	-13.9623875
1919	-24.989569444444445	-14.0410875
1920	-24.995383333333333	-14.05604375
1921	-24.998344444444445	-14.0576625
1922	-24.981413888888888	-14.020184375
1923	-24.99832222222222	-14.0214578125
1924	-24.988383333333335	-14.0413984375
1925	-25.00626388888889	-13.982771875
1926	-25.0153	-14.036546875
1927	-25.0112	-14.079890625
1928	-25.02461388888889	-14.082396875
1929	-25.003219444444444	-14.0279875
1930	-25.001491666666666	-14.0749265625
1931	-25.042708333333334	-14.0441453125
1932	-25.026144444444444	-14.005309375
1933	-25.019277777777777	-14.092790625
1934	-25.024397222222223	-14.0259875
1935	-25.035405555555556	-14.0465046875
1936	-25.03044722222222	-14.081559375
1937	-25.041230555555554	-14.088865625
1938	-25.042469444444443	-14.01134375
1939	-25.051408333333335	-14.07673125
1940	-25.03123888888889	-14.06155
1941	-25.044825	-14.032428125
1942	-25.042244444444446	-14.12075625
1943	-25.06773888888889	-14.0424640625
1944	-25.051419444444445	-14.0422921875
1945	-25.0467	-14.072034375
1946	-25.04793611111111	-13.9995296875
1947	-25.062772222222222	-14.03075
1948	-25.060866666666666	-14.035728125
1949	-25.06341111111111	-14.055034375
1950	-25.075505555555555	-14.06363125
1951	-25.06878888888889	-14.040340625
1952	-25.052038888888887	-14.103665625
1953	-25.073102777777777	-14.0655828125
1954	-25.06170277777778	-14.119775
1955	-25.069466666666667	-14.0364578125
1956	-25.077436111111112	-13.972971875
1957	-25.07200277777778	-14.07079375
1958	-25.082327777777778	-14.0407203125
1959	-25.0686	-14.0837828125
1960	-25.077766666666665	-14.1610734375
1961	-25.076144444444445	-14.061571875
1962	-25.071527777777778	-14.0703625
1963	-25.097438888888888	-14.0505453125
1964	-25.069166666666668	-14.0469828125
1965	-25.085380555555556	-14.0244
1966	-25.07786388888889	-14.043134375
1967	-25.07511388888889	-14.036790625
1968	-25.087366666666668	-14.0434375
1969	-25.074822222222224	-14.12876875
1970	-25.086930555555554	-14.049809375
1971	-25.08962777777778	-14.0827890625
1972	-25.08097777777778	-14.070534375
1973	-25.094625	-14.05624375
1974	-25.108102777777777	-14.087134375
1975	-25.07053611111111	-13.9991921875
1976	-25.091197222222224	-14.0213328125
1977	-25.083047222222223	-14.01745625
1978	-25.09236388888889	-14.0415765625
1979	-25.102475	-14.027628125
1980	-25.065827777777777	-14.1071578125
1981	-25.08587222222222	-14.064465625
1982	-25.08545833333333	-14.053078125
1983	-25.076261111111112	-14.0543390625
1984	-25.112761111111112	-14.0910171875
1985	-25.096755555555557	-14.0982453125
1986	-25.098691666666667	-14.0387890625
1987	-25.085522222222224	-14.013628125
1988	-25.087988888888887	-14.08965
1989	-25.098322222222222	-14.0496609375
1990	-25.10186388888889	-14.0660078125
1991	-25.0943	-14.0139875
1992	-25.086425	-14.004515625
1993	-25.09345	-14.05633125
1994	-25.096166666666665	-14.08209375
1995	-25.097255555555556	-14.0777703125
1996	-25.084025	-14.0506984375
1997	-25.084097222222223	-14.0724546875
1998	-25.09831388888889	-14.0339234375
1999	-25.10137222222222	-14.02615
2000	-25.10515277777778	-14.0300765625
