mass_1	mass_2	phase	time	distance	a_1	a_2	tilt_1	tilt_2	phi_12	phi_jl	theta_jn	psi	ra	dec
6.448979637726136	9.133003120551777	0.5098424637911169	8.484273981546131	0.8904430698920727	0.6755084354044537	0.5327389568628682	0.1272112392220266	0.12135704845349167	0.4849923463537908	0.5320331860672864	0.7873936630309205	0.4813775317260224	1.1933429867188714	0.9407549504002262
6.525841027989497	9.051943825131803	0.5056646100040186	8.255305048493403	0.9059020559859261	0.6659397312837743	0.5427324080180987	0.12891640728878043	0.12327899510705737	0.5183586840399094	0.5125829129393414	0.7873190385266966	0.5081566218181489	1.188343941562125	0.9482181947709276
6.5387562759421725	8.79440832654568	0.5114166835865428	8.689306843621587	0.9010432486398618	0.6391362778631798	0.5299415735527782	0.129172489608828	0.12520329239012182	0.5001806567386726	0.5373538129452143	0.7823007453378099	0.5215070616334808	1.1797539553872023	0.9762307668327266
6.203166997037857	8.694535891923952	0.5044356216742766	8.366923106332779	0.916318156303621	0.6388644973276308	0.5283787123671289	0.1291699062251478	0.11436278155685958	0.5082082827319423	0.5382096617289486	0.8061445776188616	0.519702041647164	1.230607761023483	0.9520994697210345
6.255410610610903	7.913918700505898	0.5167412289230616	8.03292231903384	0.914792998873582	0.6521967620291547	0.5343572176617871	0.12869575296659963	0.1290116125753535	0.5089735501064198	0.523438014446654	0.8898286927295511	0.5314152590187069	1.2862787539942375	0.9468590679298812
6.182779168015216	8.380490440223417	0.4908754667977942	9.403198083972926	0.9944649165624189	0.6548120890009996	0.5206086334666642	0.11917885393139376	0.13234347664777932	0.5149252187844358	0.5341788823400706	0.8381026841821111	0.5176947660678121	1.1842664064147224	0.9292480212921777
6.533749634402466	7.725105748084226	0.4917542778148938	7.45816274795522	1.0495410260636322	0.6517269540651028	0.5205248045771562	0.127585584628218	0.11457662778909664	0.5000108302377879	0.5463505765874885	0.8846405079680008	0.47919708735047417	1.2051827648595104	1.0222449437966847
6.541870959669226	8.069303531448602	0.5079956500724574	9.058363070899729	1.1024430531706193	0.6460145914091261	0.524683887544605	0.12106926540502802	0.11865866710105445	0.5027585668565727	0.5412106407247472	0.7007671954485436	0.5326745513686312	1.2379655579432884	0.9274932259734744
6.523298734300911	7.025335082408275	0.5319308535831088	9.144246175739886	1.0631916839252433	0.6360088221166184	0.5144821487012948	0.12952230873595624	0.1236077744083833	0.5110783455129829	0.5408764103194765	0.7829648727778632	0.4989659587430423	1.2379021522732898	1.0113767778056677
6.389132988788442	8.206175315263296	0.5238194792154078	7.2333047693229435	1.1241166337641593	0.675194261737799	0.5422794752492948	0.13984399066433764	0.12431537146810301	0.528324950899652	0.5549570771390331	0.7792511919308781	0.523413961443661	1.2508756307739575	1.1202736011637136
6.284898989711722	7.064237762951658	0.5070461224044742	8.114054588454563	1.067132210027388	0.6471581010253058	0.5159624431738993	0.12524818671481766	0.11920815368261824	0.5180978091114244	0.5467480889645432	0.8178857233470407	0.5158358135868932	1.1757931453244819	0.9809066824640759
6.061352831493565	7.850558797969157	0.5012183078672227	7.597568550100371	1.0835277964385757	0.6438929229960315	0.511220723566206	0.12734884064152605	0.12194174018782838	0.5189411878392007	0.5228265172536429	0.9151670714060296	0.4897216634999756	1.180802737530011	0.9263892854690261
5.921099006111439	7.594528065994195	0.5078266966868625	9.102301356412758	1.0625939652720853	0.6444511674561497	0.5066961524823248	0.1402492670847079	0.1337169954472153	0.4996111698517866	0.5245276906132812	0.7396935014822331	0.5189637459151207	1.2997871723416725	0.8470528721604241
6.575962617578056	7.785134894788076	0.48899333955544144	6.663914020836415	1.071810806936969	0.646772238982106	0.5320060848281181	0.1403003299209958	0.13356113811123826	0.5119666244525479	0.5314974922358799	0.7537313172938106	0.5201228215269682	1.2292219520631436	0.9139090390980561
6.055000063486109	6.313944581478578	0.49247796438507685	10.456088102336258	1.0347266413327123	0.6372403492669569	0.5509974691886803	0.1354454608024557	0.12295916394666041	0.49565964498807114	0.5422971376033692	1.037166318441959	0.5213153395224988	1.2243521863444427	0.7816464422106729
6.560149973715402	7.318563742057939	0.46317666382568146	7.980767269131159	1.0546399394190167	0.6139710839429876	0.5168625678469013	0.1400059715786055	0.12334044537442941	0.5042732299625918	0.5373349682225087	0.8402667071914897	0.49951858645595654	1.3120866007826824	0.8178824965821644
6.066555065206068	6.559061664908522	0.4684205009185767	8.168237083938454	1.0247731974077552	0.6277555455585256	0.5081863029090474	0.13514015488370704	0.13614018892881483	0.48599477642383127	0.5220290152108119	0.7985010070782718	0.5058532378620549	1.3886341321112892	0.7882694926850993
6.391677318601661	7.147435206540931	0.4913075676752268	10.325776181098009	1.0213173795843746	0.6452762864428785	0.5096988949031941	0.13498629520924807	0.11954569759646742	0.4980201449090609	0.5180003576060589	0.6695370735619979	0.49015522956146496	1.2763630315486925	0.7093462663799753
6.1620056679634985	6.746748970541443	0.4658854596037906	11.462273328764944	1.0129751555460944	0.6078080608012166	0.5026853629670806	0.134995730172837	0.12835800067285325	0.5031039062926765	0.5105786065533786	0.7204799512965311	0.5172049650167503	1.332212878302376	0.7196858687610898
5.932090574866034	6.6622549903008395	0.473858223001886	10.490058131847096	1.012628184325206	0.594974845849697	0.5246374725601168	0.13310751215509548	0.12787989254124835	0.4843879564179954	0.5103676499092348	0.7766185726440854	0.4989396842056355	1.3763762583466381	0.7278723794893318
5.635861694495045	5.3246984686143755	0.43974115314624235	9.827690015040456	0.986718462283679	0.5796324394874233	0.5238011488098575	0.13594088415280384	0.1242340075779983	0.5038161546165988	0.4882666573180985	1.0053658610657574	0.5347407198059264	1.366731487982428	0.7224907939809369
5.883612488438514	6.182152467561253	0.412543834859708	10.408037714176166	1.0075047871743772	0.5975416398092576	0.5212789968996517	0.13287932428884489	0.1259677927780371	0.47505590056817015	0.49036539432756693	0.8319662553224432	0.47532120046364396	1.400484676810244	0.7150207044693341
5.565658220435798	5.583286176619615	0.3992382118240814	9.662235571682517	1.0096931579279438	0.5647761818259799	0.5102448051457604	0.13213264790140955	0.13011653747999258	0.4815814190505217	0.4787187349830776	0.8484752630408132	0.46986890764036543	1.3058812183826183	0.7098253634367833
5.775300121071281	6.358442570081336	0.3961829065740399	10.885674064821416	0.9932631761486528	0.5600268727412887	0.532681394451984	0.12654751817854584	0.13215647199029967	0.5009436423618583	0.4317330906114143	0.7242662080298828	0.5049108266205882	1.2388267571660618	0.6985371335929167
6.287065836444412	6.441278772521826	0.3760209990417767	10.192001208740907	0.9892730553214207	0.5920902773313992	0.5355075344568796	0.1368616809477848	0.12627129855585942	0.5045332837420244	0.38819071910531927	0.8973553842920297	0.48768539135637173	1.2202675426663354	0.6653246794289684
6.045903634346115	6.725298669720692	0.3190809318674359	10.966008655470624	1.007701871511036	0.5630713518105674	0.5031498900666932	0.13450189494175135	0.11844845177671488	0.4941588148950438	0.36407459678063664	0.8044675886733464	0.45567767456726427	1.295592948299246	0.6416920965126537
5.231646460319357	6.024958076441281	0.30597554869781324	13.049187730296884	1.0037842779401485	0.5320907421282856	0.47954395463876964	0.13020475937571976	0.11583497876805941	0.49358215661913907	0.3047283354098074	0.7571756004021127	0.46194656667234585	1.3507595259048315	0.6526543035666104
5.587063424255863	4.561560417988756	0.24177639371997187	10.8441145964564	0.9657603943194456	0.4916182902266241	0.48056533718876127	0.1440111302669743	0.12429055509758394	0.5032501961709305	0.26835076930463253	1.0651419241767222	0.44583422326249317	1.332899696173537	0.6583265060350627
5.797984531718954	5.314527234189292	0.2217144506706565	10.588800561456708	0.9955923068680325	0.45282689791064623	0.5027676142361303	0.13111329245411016	0.11880876956268202	0.47133765121030907	0.24645768571186485	0.9228317591617208	0.4457028282531892	1.303457528799133	0.6814004293981955
5.254759879509282	4.77261001832011	0.21121895177106007	12.488283687231148	1.009447357258738	0.4395748403733817	0.4740173814884668	0.13380275268765596	0.13326298688968066	0.465233317610187	0.21840126154445189	0.8425588194895461	0.4032157621867127	1.345651708512055	0.6695225393588127
4.574285268295333	4.884525167119949	0.18639013343444258	12.447807351821433	0.9932622320641098	0.40768517575748403	0.46247310001243436	0.13012061503626135	0.13166062932026495	0.45260674518583904	0.1967073864582777	0.8003046180410008	0.4048553977570087	1.260116376342133	0.6821227087267347
4.464892648114562	4.24672552829354	0.17489599575858852	12.959675932927654	0.9952596144702469	0.3393318504270042	0.4598448264512711	0.12135107069607144	0.1190678829519759	0.4265440942251539	0.20416004157397805	0.8341580592987257	0.3836796891019804	1.2834408807397504	0.6507476345434273
5.393954029094013	5.095980639047339	0.16776756994852132	11.804363377079264	1.0015563124688749	0.3346070673233932	0.4827296497599066	0.13109954754272762	0.12025397416205674	0.4335035347504033	0.18820921629262624	0.9516864952720865	0.37383326041394604	1.281353856151888	0.7105842126309668
5.241961365048302	4.660724346746542	0.15608294509773346	12.172780907348836	0.9848996493598547	0.33508553912499384	0.45471080277705317	0.1299975533436165	0.12314481149906555	0.4143216696352945	0.17689169673470861	0.880240388884032	0.3531898789076246	1.3144191521653588	0.6624083748631066
4.669703412756283	5.41218837567871	0.1410482175457093	12.15732208482889	0.9936722971939976	0.3268438610970132	0.4223963549898184	0.11565241645685262	0.11732145951309496	0.4209820610030986	0.16950482524914243	0.7408247971891521	0.35125310461908094	1.1826022671958905	0.6614706008144008
4.389659298537755	5.237590778905865	0.1330544224589478	11.48141503237152	1.0059079976362442	0.2992838219497448	0.39465764197869285	0.1273907687860276	0.12195933863627091	0.392300207697028	0.15484902341900617	0.8160259562750378	0.28703521411186744	1.3017632162028194	0.7342929036991275
4.913578051252591	4.870550109188495	0.13585033678275565	11.565575908510542	0.9987574289369578	0.2897956667633535	0.39156637776112846	0.13268414129996445	0.13201234090214492	0.3675035103828427	0.1467749160910162	0.7500505330640989	0.26244971804995565	1.2342020067080093	0.7163158284947205
5.6793570709479555	4.22412605206711	0.1276352575270271	11.428261092043101	0.9953080357798201	0.30088174057410777	0.3844818713965914	0.13015297317606758	0.1260028582708775	0.34312170111445145	0.1620716976718213	1.0200163695530111	0.24600355188835088	1.3699228469913456	0.6620742273345374
4.008528185815429	5.351535576780848	0.12115486396058124	9.864946693624534	0.9937749706212383	0.2809562840001006	0.3338571501473071	0.12094247688879482	0.12565268342614594	0.32631801952398914	0.1434335568173184	0.8281446200297199	0.23139003951022805	1.4922243886990376	0.6505861530847061
4.670355959397107	5.52862608694732	0.12514853521983024	11.762691286534753	1.0111394354337166	0.27563887545855803	0.32254367311660215	0.11921768151447594	0.1258889928207431	0.2932093401845575	0.14187324587768196	0.8099741928615793	0.23178159140894417	1.2997629037039236	0.6463416572547167
4.870618969272429	5.008080856466959	0.12817981132316725	12.533698116872836	1.0068754660927537	0.29383299932207374	0.30804694868045623	0.12311389948908635	0.12557652571229838	0.2866635348466098	0.14771635207965758	0.7959716936887548	0.2005745865556642	1.346999012761215	0.6551394714613443
5.252264781997678	5.656075137299409	0.11963972494520063	11.921851564531616	1.011810272484696	0.2802510321776644	0.3008073159742706	0.12411733738851938	0.12042093351533696	0.24101868629415865	0.1270664091903734	0.8326233296420684	0.18867824041242864	1.4496723391068418	0.6435993584869584
4.800298264283187	4.350723333825965	0.11738413136778245	10.973445851067357	0.9960691930680108	0.27561060220261	0.281203589480806	0.12633756900809995	0.11836024208639333	0.21784376864275876	0.12764960590519894	0.929029308066986	0.180573512415129	1.4419402055610049	0.6472591953083681
4.749821514717958	5.350005534225579	0.11977470045417071	10.788050257312266	1.0021153117710828	0.2519055589292627	0.2589036757600272	0.13759292071855173	0.131323827401224	0.1952573932712024	0.13716911815346225	0.8249703066762614	0.17828108166748774	1.562569677973656	0.6549624503741723
4.600521051745762	4.176786580214125	0.11753194047267157	12.043921641474803	1.0070488884853095	0.2548372657492573	0.23587404338760612	0.13087057403091096	0.1368391765487268	0.19368947281306276	0.124915380710723	0.8018690322025877	0.1729165090964773	1.4437166768943204	0.602965968675808
3.8774889566686235	4.349745897420775	0.11468742977194842	11.966110152006777	1.0123522377742664	0.2585658357501861	0.23967340306482454	0.11744986810954963	0.13254445243144247	0.19433314687824543	0.13631722820293304	0.9140113218219981	0.16561354013829582	1.4230765957016585	0.6167781076878512
3.478581197969249	5.590756537686987	0.11434706330783123	12.42388838462734	1.016463412142752	0.24112807593449812	0.21689765816366538	0.12185459577449267	0.13413290221748633	0.1764438901002719	0.12266717892768528	0.5897826029386566	0.14919553087024462	1.3373743270976155	0.5891156443431166
4.810167654781675	4.658634279010758	0.10773357325449567	10.28293384521997	1.009421968613497	0.26273854842785893	0.22976658808312123	0.10735814964170426	0.13183666050405327	0.1671915049769857	0.11819262019525918	0.9463859795069435	0.15257506298279352	1.3167587132974228	0.6061431045809796
3.783467791687107	4.947336458479105	0.10846682598826421	10.555469609692159	1.0152978496943363	0.23901326382532312	0.21770825414363218	0.1205031161774409	0.1432726549946313	0.16312741511675735	0.10195275946781378	0.8948449824566295	0.14925443554248138	1.2686045749380312	0.6133680920837937
3.9695062315711156	4.556012693212678	0.09794907801329267	11.700260229351152	1.009641520437969	0.24486990060132874	0.2020406882069385	0.12090462015473204	0.13243212160940726	0.1577759752393586	0.11736375086591437	1.031762051090378	0.13804288739640586	1.3771718412243108	0.5798918931531982
3.8928580243824236	3.6228759834202093	0.10296694559154486	10.907662176235622	1.0297981058885675	0.22296758082394574	0.20212934844368224	0.12083739064916821	0.13056297962176838	0.14713908013352894	0.10072973623835965	0.8067788214642008	0.14067818659916836	1.4125130959129115	0.6027688594170892
4.813204902340182	3.8064917924661827	0.09854266176807575	11.684740897981133	1.0023681544459793	0.2434448192021855	0.1943065847393374	0.126765158196685	0.12999398585531108	0.14110269022708746	0.11114196423292738	0.830168739857693	0.13600248714479923	1.3332313468059604	0.6171673932982247
4.1314179896338885	4.616670013640646	0.09161910931484299	12.078277409754932	1.0542928933191706	0.22602148334515249	0.19746376988133954	0.1179072813059036	0.12142725574977546	0.15185693110302326	0.11570846289520131	0.7967098324314934	0.13564947361101548	1.2650748897049993	0.6248296598004254
4.524360608676956	5.5613354965072626	0.10334152741685079	10.226332836562012	1.0114387364321122	0.2365357915778051	0.18856057799849613	0.1366095638005421	0.1246646343817169	0.14263765674526876	0.10633959427830296	0.8070318175914533	0.1263641800756374	1.3693183709041914	0.6010085549261462
4.733012092012954	5.186041101987757	0.10098775672851705	9.56468082273341	1.0137896725572697	0.2200684402921675	0.1974796120652668	0.12944388224508302	0.12834338136810877	0.13307688639871548	0.10427100118461374	0.8745103194792021	0.1266320135645928	1.3524450948557751	0.6466335105401382
4.484342290670299	3.6696693221190815	0.09412027272496472	10.30940303583909	1.020284723377538	0.23086535801044672	0.18069964739653616	0.12130221008793186	0.12007888821780806	0.13067535914642242	0.09461064317436994	0.9247323234849927	0.11943741143635253	1.421758048279015	0.6041949624018712
3.986408431628179	3.5303041795700043	0.08733425456929565	11.013139387477969	1.006467448081991	0.22336230039576926	0.17778101390591694	0.13372308339101086	0.12901330859084872	0.12437117952801721	0.10111504955146855	0.8582749296032824	0.11730613432828846	1.4482500515438528	0.5519286423177552
3.627417916480172	4.201565827287527	0.10344954678672248	9.309963051394726	1.0079857486331687	0.2361090844738317	0.17360213642968328	0.1321384703856354	0.12484977949893966	0.13409791834288393	0.09858847123783765	0.8734352476261524	0.12612088101605148	1.3959224432729234	0.6102135905540275
4.77733085309081	4.111072324676188	0.08542329963793796	9.585801656502435	1.0017008340568656	0.23504741950935676	0.17260870704747533	0.148703270693295	0.12721266818926213	0.12765314430206978	0.08556624895413892	1.054863023516874	0.12370125068599727	1.4148237799582482	0.6413056332409866
3.6509243063451358	4.4367171650136745	0.08483083212549837	10.045486182222199	0.9999718793629956	0.22480060679300132	0.1736997010684925	0.11985350906630554	0.12662794495543642	0.12432231168296426	0.09358604033097356	0.968986367652744	0.12043382704526574	1.21096670384484	0.6542652171213584
4.660883799199692	4.351926018655643	0.08987777573085202	10.817310940998642	1.0006401809380863	0.24680044409937335	0.1644285653283432	0.13239963117489983	0.12774808940702412	0.11865158223113158	0.09750776893588713	0.9603042956238732	0.11412339769442392	1.3438427001654671	0.6177700553129158
4.15239221678775	4.671412710369491	0.09179909132197812	10.19176228436113	1.0143377853647795	0.24448989306038107	0.16174009857162966	0.1151040348610577	0.12198307772568255	0.11971017961419396	0.09092560697235524	0.8842408670844081	0.11838377832004288	1.3878474799604084	0.6244930338130097
4.492980733580976	3.8840796096467933	0.0854683795822564	9.699859483202262	1.0053922687398877	0.2290894057892122	0.15818363062101462	0.12145780896062708	0.12126204200652824	0.11617019029472596	0.09023882617022895	0.9051084961222756	0.10855201272700638	1.2790549247260385	0.644864076693082
4.776038839861192	4.132558722690652	0.08789443506410624	9.773573364813467	1.0088567185615775	0.22774680022980814	0.16107287019845265	0.10992933053994837	0.12378772169875561	0.11278007499399474	0.09084373896814496	0.9133840674313257	0.11108491396195708	1.2635088737326545	0.5978630881727248
4.504003195215763	4.3161039339049445	0.0728915124737896	10.586213212192446	0.999962467471055	0.24261224636466508	0.15678200097641068	0.11547782893315758	0.12243331208849696	0.12018357741816028	0.08362542271731542	0.7925515533807215	0.11299111706540083	1.4015655448706634	0.6622952389481981
4.418097295226852	5.070952840714007	0.08289326372701315	10.34375420674238	1.0079557764976779	0.23431293566178368	0.15675344825032925	0.12542859344221027	0.12355865648712151	0.10586351000929291	0.08015053384962983	0.9382980963125109	0.10905105281010544	1.2939765626745894	0.6271806789424813
4.305530778222273	4.044569815437906	0.0832924613414114	9.728711294244475	1.0008366169458116	0.23547407215989666	0.15017137835515026	0.12356623517344004	0.12137557247613268	0.11101725102916135	0.0871411507330559	0.9379497797977223	0.11785881261046842	1.2523490025302788	0.6091326308344979
4.495936787161499	4.01665723543935	0.07788288501540576	10.410038302721846	1.0436065840987176	0.23575197895423364	0.1605658308349612	0.12102017906317332	0.12992327206824092	0.10349713948447246	0.07774527963314813	0.9893502361551144	0.11068373179600238	1.3360678048365007	0.590705107217086
4.020089655252017	4.3179047057427455	0.07579001765362117	9.848590078494471	1.0475323079331156	0.23303456789211174	0.14572033749327065	0.11438449647527667	0.1132797809587366	0.11412426565208796	0.07278458896189269	0.949288955515921	0.10117726657070236	1.3809382032468918	0.6103984824245551
4.567767189817708	4.099411059361914	0.07916334949150582	10.551892381836911	1.0265480260163624	0.22198604743305034	0.1431003218564708	0.11926399030550847	0.12801764128665963	0.11334060600946083	0.07868844037969855	1.026109792511271	0.10859817903015795	1.2468807699172872	0.6568920483778595
4.710579342623423	4.8565082449992865	0.07234882898244585	10.18884710190016	1.0226293335268428	0.21244057814075243	0.13350114492683418	0.12407780548961914	0.11797741769951528	0.10459561908655525	0.0801464752634637	0.762055331072477	0.10013945409047764	1.275336221570695	0.6281404405570622
3.4818476588234413	3.8028443786914807	0.07460385943260425	9.382138456993758	1.0254304357189767	0.22596842390400304	0.14841893731076458	0.11069501817347976	0.13182116844653016	0.09969072907289908	0.07023506989256377	0.8690703502594013	0.09308198920091335	1.1920407753768882	0.5976154292770931
4.408084469081812	3.6838267353071017	0.0722089480051367	9.350633636112246	1.0156190034590011	0.23857411046899	0.15386064693382442	0.1283538583506046	0.1163397285884466	0.09769088142474876	0.07696147826263637	0.8406877067600186	0.09201402756772101	1.3165071731666076	0.5949753088602932
4.12528426043733	4.168659463427169	0.07161906127097858	9.001612707660659	1.0092355386694238	0.2374706200451084	0.13759323384941055	0.11135796725098135	0.12722343526467275	0.10333427413957048	0.08223622657326736	0.8878490275866249	0.10620851994825327	1.3098496867624394	0.6176180288300334
4.329893913472769	4.184564236853961	0.06492018196743576	9.83673062715389	1.0054907619489948	0.2388351150571151	0.13344088019832362	0.10902409657824504	0.1235797282400865	0.10348101353934896	0.070054558119695	0.9992261949740063	0.09917029870805359	1.416758158869448	0.5714709866098411
4.532141846909079	3.674798611855473	0.06633428688799255	9.933358125457993	1.020092460698193	0.266025128521046	0.13374243805573818	0.1208563415644818	0.12565737914152147	0.10280446142477198	0.07369694287247584	1.0098668433495508	0.09242383358214883	1.125202486637335	0.6690866294808925
4.461135167819165	3.4231153293302614	0.06741160424600069	9.29950344188904	1.0451288858144885	0.2406983974392574	0.14147771936705963	0.11078153734798714	0.13699507065631905	0.09831897039779375	0.07232599609941043	1.0656950374574343	0.09534194882131695	1.1362055275747558	0.6005088315156003
4.935732256989166	4.294725048921066	0.06828628527743245	9.294557436629232	1.016660804548564	0.2263064614598573	0.14147038531487277	0.12234474768062782	0.12702012687597752	0.09493763294907502	0.07062066522285415	0.964909543463735	0.09154628935999369	1.2632218509644493	0.6158903240706718
5.243768512583491	5.162834337025304	0.06521379849040175	8.666237568331423	1.0162766517427655	0.24279777267698743	0.12804815126897046	0.11336731278754279	0.1288333931082279	0.09242327547683991	0.0638160970361865	0.8462538748001578	0.09198758965415958	1.2620676111949327	0.5908194067206473
4.693937116435171	3.83004828585968	0.06910299401920639	8.759932744331303	1.0138923345769046	0.22132751605779294	0.12912216151084557	0.10881386781504042	0.1251693913553047	0.0912029487629143	0.0666715305146006	0.9416975521119008	0.09063195985165817	1.2534301681837436	0.6550992481723896
4.796982250193231	3.8657319559944265	0.06663745524693504	10.31807502983395	1.0052383645059548	0.24897236054014776	0.13690944311731665	0.11278884444308543	0.12181920998004378	0.09781372913153835	0.07443760533251037	0.837344341229792	0.09426783223519475	1.3261731444953655	0.5278610062377677
4.110614013991568	4.764573449914172	0.06205672694628736	10.183393995235846	1.0121264584293017	0.24007286168448463	0.13955233891906807	0.09200768138706647	0.126095593182316	0.098612024433622	0.06447179791613616	0.8671997913204101	0.09676518902357734	1.2500728449099143	0.6214867896443502
4.281899080750731	4.135870408230869	0.06726916853219438	10.562651261729062	1.018677383858152	0.2509107229598733	0.13986856720492233	0.09925547771764046	0.1280454852936828	0.08336444112180945	0.05927267172887164	0.8834033411559832	0.08889531108447815	1.2906102633686434	0.5997776595906306
4.5083321193337955	3.7370123289513395	0.0658013954220409	10.337892733520773	1.0541330608073578	0.27951977826719204	0.12965941767830436	0.11062751826767318	0.11639022740566489	0.08834326869813308	0.05876907386516926	1.019144047330023	0.09055879025780413	1.2876285901393691	0.6037542344482016
4.266510581287214	4.112201055378636	0.056756331314132595	10.46998004127768	1.051900257714952	0.26737460199915397	0.13591204482822639	0.09619072867857195	0.12058679186654095	0.0879862831248228	0.06733435005084284	0.8766234613397312	0.08537600312989466	1.4084499773976547	0.6194863642759074
5.345856211092866	4.778464880414437	0.06725367983764065	10.079366860595771	1.0154850955522663	0.24099181482831014	0.1376067620646374	0.10137160183886638	0.1257847522659282	0.08896906817688957	0.06884880385746668	0.9952489378601934	0.0807367615446171	1.2894856243313768	0.6103202526072382
4.989261704940929	3.6094192324891377	0.06646948086365756	9.61920610860793	1.0042744953525402	0.25292750173702166	0.13932150451134254	0.10700681492039063	0.12074941041817011	0.09018180015087113	0.057950701312395526	0.9301952541989807	0.08726785987015359	1.2195995675960778	0.6712458746966399
3.932615605799669	3.224902671410249	0.06766665643676176	8.105349499448321	1.0161194853786366	0.24754853734069762	0.13453363637869775	0.0977666541801539	0.1290044956747665	0.09482591891134509	0.0615332139849923	1.115697294047355	0.09166263890430341	1.2788513437625868	0.6830406576050327
4.282579660421399	3.564856870509264	0.05931710524327207	8.896821138719432	1.0168925025182958	0.23345343061137364	0.13507981188007867	0.08526092854941952	0.12023052213834208	0.08953892298266153	0.05778168302292585	0.9970504808480414	0.08712867600990563	1.228833540019674	0.6325897702406238
5.0551769572120095	3.826345024728326	0.05419740752742895	10.094961676388886	1.014533047466424	0.2348477929974799	0.12658904704260535	0.1030853802667001	0.1327872364239435	0.08797710033798929	0.05612091745071641	1.048836401974731	0.0791810643300216	1.244937547440894	0.5502247064563779
4.453779604918533	4.387805424970717	0.05858815268096274	8.989920804102033	1.0233149729014235	0.24580034615083501	0.1167816323116395	0.09527585972164286	0.12265182311942924	0.0933528396065799	0.05852040603711328	0.9466043579347702	0.08785872700794049	1.223184140458356	0.670101559567902
3.4973715994026264	4.199468139080592	0.05319824914672219	8.893502077192817	1.0124645406325008	0.23334221051716336	0.1307307987715757	0.07074920116700319	0.12960312818023986	0.08638161897379998	0.05409266952123729	0.9229410225670545	0.08260905181947296	1.32543703387688	0.6366285079670043
4.269727144207036	3.4882250017247984	0.05846494437805853	9.605121302079764	1.0024093545531239	0.24117640778408986	0.11521214673928265	0.08931442724271403	0.12780656176393856	0.09016797386814249	0.05128829161021226	1.083530921105673	0.07641763423291943	1.1582931632688334	0.6114131377253307
4.171800954923029	3.204464783684992	0.0524602480121522	9.714037665588563	1.0061982406892338	0.24935635364187358	0.10754786223072269	0.08232088000529522	0.12492459345939673	0.07778353939969303	0.051929350001522885	0.911602186985521	0.08130053431977836	1.3873949131494523	0.6026038944046097
