mass_1	mass_2	phase	time	distance	a_1	a_2	tilt_1	tilt_2	phi_12	phi_jl	theta_jn	psi	ra	dec
0.34162	0.28693	0.04471	0.6241	0.90232	0.08894	0.06866	0.23691	0.09882	0.04725	0.04868	0.12082	0.04602	0.4625	0.29135
0.34123	0.27866	0.04693	0.65398	0.90416	0.0847	0.07069	0.23545	0.09347	0.04826	0.04856	0.12391	0.04711	0.45549	0.29481
0.34123	0.25966	0.0459	0.68536	0.90328	0.08599	0.07145	0.24234	0.0993	0.04738	0.04933	0.12258	0.04652	0.44669	0.29202
0.36383	0.24515	0.04448	0.67285	0.90416	0.08411	0.07447	0.23786	0.10656	0.0454	0.04871	0.11799	0.04737	0.44457	0.28567
0.33784	0.29764	0.04387	0.7114	0.90781	0.08129	0.07519	0.23467	0.09695	0.04534	0.05075	0.12553	0.04627	0.44187	0.30213
0.35636	0.28662	0.04426	0.74865	0.91387	0.08359	0.07459	0.23978	0.09208	0.04573	0.04853	0.12033	0.0455	0.44593	0.29394
0.31407	0.29277	0.04481	0.65708	0.91899	0.0822	0.0715	0.23697	0.09615	0.0462	0.04906	0.12385	0.0465	0.44435	0.27253
0.31882	0.31966	0.04315	0.70213	0.92202	0.08224	0.07186	0.23632	0.09509	0.04599	0.0485	0.12412	0.04676	0.44368	0.28736
0.33907	0.33881	0.04492	0.73154	0.92819	0.08465	0.06964	0.23419	0.09395	0.04586	0.04884	0.13443	0.04539	0.43643	0.29307
0.37834	0.34425	0.04503	0.67942	0.92917	0.08262	0.07134	0.24316	0.09232	0.046	0.04788	0.11461	0.04616	0.42853	0.31707
0.3158	0.31232	0.04521	0.70815	0.92825	0.08099	0.06911	0.24145	0.09157	0.04494	0.04863	0.12051	0.04509	0.42636	0.34036
0.34632	0.27349	0.04313	0.73314	0.93134	0.08308	0.06938	0.24077	0.09775	0.04554	0.04681	0.11081	0.04508	0.43333	0.30753
0.34143	0.26689	0.04346	0.73611	0.93603	0.08368	0.07011	0.24118	0.09749	0.04566	0.04682	0.10475	0.04717	0.43247	0.30725
0.32277	0.26238	0.04363	0.63291	0.93445	0.08411	0.069	0.24318	0.09263	0.04537	0.04853	0.10064	0.0449	0.43059	0.29251
0.32746	0.27388	0.04374	0.73064	0.93558	0.08499	0.06945	0.2488	0.0975	0.0456	0.04674	0.0958	0.04442	0.42555	0.28009
0.31572	0.3162	0.04318	0.67543	0.93568	0.07976	0.06958	0.24719	0.09694	0.04474	0.04561	0.11276	0.04459	0.43535	0.29677
0.35342	0.35154	0.04169	0.66361	0.9365	0.08171	0.0724	0.24466	0.10204	0.0466	0.04651	0.12494	0.04461	0.41324	0.29874
0.32499	0.30091	0.03967	0.58964	0.93718	0.07947	0.07121	0.24492	0.09358	0.04539	0.0434	0.10727	0.04394	0.41111	0.32688
0.32752	0.29352	0.03754	0.79501	0.93817	0.08693	0.07238	0.24823	0.09602	0.04486	0.04347	0.11043	0.04269	0.39201	0.33023
0.33636	0.32173	0.03751	0.71559	0.93643	0.0797	0.07103	0.24947	0.09723	0.04429	0.04224	0.11804	0.04351	0.39612	0.34447
0.31117	0.29248	0.03472	0.7284	0.93814	0.08016	0.06683	0.25305	0.09402	0.04554	0.04141	0.11294	0.04314	0.38608	0.30681
0.36942	0.39123	0.03492	0.65516	0.93643	0.07836	0.06931	0.25655	0.10223	0.04441	0.03996	0.13319	0.04273	0.35824	0.30759
0.35522	0.33045	0.03338	0.71876	0.93897	0.07887	0.06694	0.25336	0.09684	0.0442	0.03889	0.10384	0.04216	0.34883	0.30729
0.32295	0.30388	0.03054	0.7845	0.93721	0.07871	0.06662	0.25469	0.09753	0.04361	0.03559	0.09712	0.04118	0.36718	0.30311
0.34932	0.35504	0.02757	0.74447	0.93845	0.07293	0.06247	0.25871	0.09596	0.04244	0.03167	0.09232	0.03959	0.36972	0.30987
0.37977	0.35287	0.02639	0.74583	0.93953	0.0809	0.06411	0.25374	0.09463	0.04313	0.02911	0.08659	0.03898	0.40102	0.26842
0.35483	0.35094	0.02298	0.82223	0.9394	0.07624	0.06653	0.24918	0.10074	0.04122	0.02433	0.09297	0.03842	0.38031	0.2939
0.34854	0.351	0.02081	0.79994	0.93734	0.07706	0.06572	0.2574	0.09441	0.04129	0.02302	0.09474	0.03655	0.40314	0.26849
0.36817	0.36121	0.01782	0.84102	0.93872	0.07378	0.05922	0.25645	0.09483	0.03938	0.02145	0.0976	0.03622	0.35895	0.31854
0.42445	0.36117	0.01743	0.84413	0.93911	0.08139	0.0634	0.25037	0.09667	0.03918	0.01849	0.08832	0.03395	0.38667	0.29795
0.43062	0.3649	0.01579	0.76944	0.93841	0.07783	0.06356	0.25065	0.09541	0.03695	0.0186	0.09168	0.03297	0.42049	0.27099
0.42791	0.38234	0.01501	0.84766	0.93855	0.07417	0.06175	0.25235	0.10301	0.03773	0.01765	0.08418	0.03006	0.3982	0.27481
0.37902	0.34866	0.015	0.81067	0.93869	0.0728	0.05776	0.25651	0.09944	0.03708	0.01734	0.09682	0.02881	0.38141	0.27829
0.39933	0.36028	0.01412	0.77827	0.93911	0.06818	0.057	0.24896	0.09765	0.03494	0.01703	0.09247	0.02758	0.38177	0.28389
0.35485	0.27562	0.01378	0.84234	0.93918	0.0743	0.05593	0.26103	0.10592	0.03208	0.01589	0.0909	0.02646	0.42882	0.26581
0.38154	0.32695	0.01262	0.83639	0.93926	0.07418	0.05949	0.25089	0.10227	0.03077	0.01605	0.10447	0.02472	0.42389	0.27357
0.32966	0.25565	0.01242	0.8163	0.93846	0.07257	0.05366	0.26196	0.1034	0.02882	0.01481	0.10838	0.02181	0.40576	0.26784
0.31612	0.22594	0.01248	0.81625	0.93877	0.06857	0.05733	0.25772	0.09202	0.02789	0.01424	0.11232	0.02069	0.40014	0.27878
0.37085	0.26842	0.01152	0.84862	0.94095	0.06872	0.05575	0.2496	0.10031	0.0252	0.01322	0.08945	0.01858	0.38295	0.32518
0.40169	0.34104	0.01138	0.82486	0.9412	0.06906	0.06026	0.25897	0.09716	0.02401	0.01219	0.07955	0.01904	0.38058	0.27258
0.33559	0.24704	0.01122	0.80059	0.94055	0.07209	0.06177	0.26971	0.10134	0.02292	0.01388	0.08163	0.0165	0.35874	0.32534
0.39952	0.30132	0.01086	0.81611	0.94075	0.06477	0.05584	0.26155	0.10125	0.02139	0.01275	0.10138	0.01571	0.38898	0.31957
0.31933	0.18706	0.01104	0.8013	0.94148	0.06121	0.05684	0.26294	0.09564	0.01872	0.01288	0.09044	0.01507	0.35108	0.29674
0.45295	0.32006	0.01192	0.78379	0.9395	0.06536	0.0577	0.24051	0.09302	0.01815	0.01223	0.09528	0.01499	0.40949	0.24867
0.40094	0.22952	0.01108	0.78099	0.94105	0.06605	0.06124	0.24917	0.09889	0.017	0.01259	0.09011	0.01525	0.32412	0.29287
0.36027	0.23988	0.01001	0.77412	0.93998	0.06388	0.06056	0.24672	0.10098	0.01562	0.01232	0.08951	0.01424	0.39408	0.29788
0.36358	0.30078	0.01029	0.8245	0.94144	0.06662	0.05994	0.25257	0.09561	0.01446	0.01197	0.09655	0.01415	0.36968	0.28225
0.44729	0.3396	0.00987	0.74979	0.94039	0.06545	0.06227	0.24305	0.09312	0.01564	0.01225	0.09118	0.01439	0.40461	0.25586
0.34226	0.28549	0.00972	0.76585	0.94007	0.06209	0.06036	0.24786	0.09773	0.01416	0.01294	0.10354	0.01365	0.40549	0.25246
0.40761	0.31241	0.00986	0.80214	0.93962	0.06186	0.05979	0.25087	0.09393	0.01415	0.01188	0.09088	0.01378	0.37287	0.26922
0.37293	0.28914	0.01002	0.7832	0.94008	0.06124	0.06101	0.24139	0.1031	0.01397	0.0116	0.09531	0.01317	0.41015	0.25474
0.48132	0.38741	0.00938	0.81559	0.94263	0.06164	0.06276	0.23171	0.09925	0.01267	0.01099	0.085	0.01364	0.32676	0.28344
0.36929	0.30511	0.0093	0.81051	0.94154	0.06392	0.06124	0.24562	0.09931	0.01326	0.01061	0.0844	0.01212	0.36221	0.25149
0.37839	0.26887	0.00925	0.80971	0.94246	0.06109	0.06331	0.23063	0.09899	0.01276	0.01209	0.08295	0.0127	0.36875	0.25862
0.46399	0.33476	0.0097	0.80325	0.94189	0.06354	0.06336	0.23049	0.09612	0.01195	0.01183	0.08315	0.01222	0.38773	0.28376
0.44328	0.3332	0.00854	0.80021	0.94181	0.06439	0.06096	0.22758	0.09761	0.01196	0.01144	0.0903	0.01218	0.36765	0.23752
0.42095	0.37535	0.00847	0.80857	0.94024	0.06033	0.06299	0.23874	0.10068	0.01305	0.01009	0.09311	0.01213	0.3631	0.26963
0.46234	0.33212	0.00835	0.83078	0.94197	0.06302	0.06052	0.2284	0.10579	0.01191	0.0103	0.08731	0.0111	0.34283	0.30744
0.35403	0.2705	0.00782	0.76351	0.94026	0.06378	0.0606	0.24537	0.09792	0.01142	0.01053	0.1017	0.0114	0.34012	0.29134
0.46772	0.31878	0.0083	0.80204	0.94139	0.06319	0.06294	0.22484	0.10257	0.01135	0.00985	0.08015	0.01196	0.29355	0.29774
0.34	0.26729	0.00859	0.79482	0.94023	0.06197	0.06261	0.24303	0.105	0.01098	0.01005	0.08488	0.01144	0.3487	0.24664
0.39843	0.26189	0.00824	0.80332	0.9411	0.06795	0.0643	0.25022	0.09921	0.01021	0.00955	0.07271	0.01153	0.38173	0.26883
0.50402	0.37963	0.00783	0.80734	0.94206	0.06367	0.06476	0.23196	0.09714	0.0108	0.01033	0.09336	0.01079	0.37067	0.29335
0.49014	0.40975	0.00837	0.7899	0.94215	0.06335	0.06103	0.24631	0.1019	0.01088	0.00883	0.11225	0.01065	0.36546	0.25732
0.53281	0.38442	0.00789	0.80049	0.9418	0.06191	0.06302	0.23264	0.10184	0.01064	0.00979	0.09184	0.01091	0.46235	0.27587
0.49798	0.40832	0.00801	0.78695	0.94165	0.06178	0.06504	0.22927	0.10126	0.01099	0.00971	0.10187	0.01138	0.37339	0.29787
0.47718	0.42485	0.00732	0.81636	0.94227	0.06072	0.0623	0.22925	0.0999	0.01037	0.00948	0.09288	0.01048	0.36113	0.30888
0.51404	0.44611	0.00748	0.79764	0.94195	0.05884	0.06606	0.22424	0.10457	0.00989	0.00961	0.09163	0.01072	0.36928	0.30421
0.48941	0.46091	0.00718	0.80674	0.94185	0.0625	0.065	0.22089	0.09355	0.01021	0.00813	0.10517	0.00987	0.30944	0.30356
0.37671	0.36187	0.00768	0.7579	0.94229	0.06434	0.06219	0.24332	0.09728	0.00991	0.00873	0.09839	0.01045	0.38549	0.30598
0.50056	0.44063	0.00726	0.77058	0.94227	0.06439	0.06682	0.23255	0.09879	0.01016	0.00792	0.10158	0.00986	0.32403	0.27881
0.44396	0.37921	0.00685	0.82573	0.9423	0.06154	0.06699	0.23712	0.09472	0.01027	0.00853	0.10448	0.00985	0.40552	0.31281
0.52118	0.40524	0.00746	0.79102	0.94008	0.06032	0.05934	0.2252	0.09651	0.0094	0.00789	0.09913	0.00964	0.42648	0.29666
0.46121	0.4327	0.00671	0.77979	0.94044	0.06406	0.06669	0.23576	0.09318	0.00945	0.00813	0.10097	0.01037	0.41213	0.3034
0.3773	0.33817	0.0072	0.754	0.94039	0.06261	0.06431	0.25393	0.09788	0.00965	0.00809	0.09005	0.00995	0.39346	0.26715
0.4919	0.43289	0.00734	0.77391	0.94165	0.06228	0.06912	0.2325	0.09962	0.00935	0.00779	0.10541	0.00951	0.37196	0.29178
0.53917	0.39637	0.00679	0.77224	0.9416	0.05839	0.05984	0.24065	0.0976	0.00913	0.00841	0.10976	0.00934	0.36549	0.28044
0.54194	0.45482	0.00697	0.79124	0.94024	0.06294	0.06036	0.23423	0.09846	0.00915	0.00763	0.12219	0.00954	0.46961	0.26626
0.42512	0.40523	0.00693	0.76335	0.94223	0.06247	0.06684	0.2453	0.0965	0.00874	0.00754	0.1017	0.01022	0.34404	0.27564
0.43187	0.40686	0.00648	0.78595	0.94122	0.06442	0.06023	0.24308	0.10005	0.0089	0.00781	0.11158	0.01045	0.37247	0.29692
0.4527	0.37102	0.00648	0.77715	0.9409	0.06386	0.06016	0.23192	0.10293	0.00801	0.00804	0.1111	0.00988	0.3755	0.31211
0.6017	0.49492	0.00679	0.7777	0.94188	0.06383	0.06258	0.21277	0.09178	0.00877	0.0081	0.0945	0.01032	0.35092	0.2703
0.43217	0.3855	0.00649	0.78168	0.94084	0.06403	0.06187	0.2345	0.09508	0.00882	0.00807	0.09345	0.01008	0.37767	0.30364
0.34631	0.32447	0.00631	0.75266	0.94208	0.06059	0.05844	0.24543	0.1004	0.00833	0.00737	0.09843	0.00954	0.50217	0.29143
0.4824	0.38819	0.00666	0.77172	0.94178	0.05983	0.05719	0.23986	0.09652	0.00855	0.00718	0.11801	0.00963	0.42703	0.30046
0.54724	0.46567	0.00663	0.79388	0.942	0.06375	0.06002	0.22814	0.09976	0.00859	0.00799	0.10201	0.00955	0.48585	0.30195
0.51262	0.47326	0.00652	0.78122	0.94154	0.06167	0.06072	0.21938	0.09434	0.00833	0.00767	0.09847	0.00923	0.47841	0.29908
0.52808	0.43206	0.0062	0.78642	0.94121	0.06093	0.05935	0.22566	0.09314	0.00806	0.00784	0.09611	0.00849	0.45291	0.3205
0.58907	0.46206	0.00592	0.78527	0.94188	0.05998	0.05968	0.20715	0.09384	0.00832	0.007	0.09207	0.00894	0.47557	0.35571
0.41054	0.3745	0.00567	0.78148	0.93996	0.06076	0.06115	0.23634	0.09556	0.00843	0.00728	0.10669	0.00891	0.47217	0.3185
0.37218	0.32371	0.00619	0.78391	0.94073	0.05951	0.05647	0.23661	0.09348	0.00812	0.00674	0.11806	0.0088	0.47724	0.30567
0.41068	0.3307	0.00587	0.77466	0.94191	0.05933	0.05889	0.22572	0.09708	0.00793	0.00661	0.12656	0.00861	0.40996	0.33389
