mass_1	mass_2	phase	time	distance	a_1	a_2	tilt_1	tilt_2	phi_12	phi_jl	theta_jn	psi	ra	dec
0.60123	0.49794	0.04756	0.62169	0.51406	0.07869	0.08714	0.01416	0.0247	0.04735	0.06969	0.37857	0.05021	0.43806	0.76037
0.58251	0.48063	0.04628	0.58964	0.49852	0.08159	0.07375	0.01281	0.01754	0.04728	0.06931	0.37426	0.0486	0.40308	0.75841
0.5524	0.47214	0.04621	0.45265	0.47972	0.08391	0.07259	0.01368	0.01715	0.04837	0.06833	0.3663	0.04836	0.31385	0.74235
0.45926	0.41425	0.04667	0.46958	0.40781	0.08411	0.07365	0.01425	0.01821	0.04687	0.06987	0.35193	0.04739	0.21583	0.73366
0.44217	0.4319	0.04543	0.53446	0.38231	0.07847	0.08238	0.01498	0.02052	0.0453	0.07058	0.32831	0.04837	0.24886	0.73264
0.39584	0.34157	0.04651	0.51037	0.28484	0.08105	0.0685	0.01546	0.02086	0.04635	0.0673	0.30148	0.04686	0.27616	0.6899
0.56181	0.47804	0.04483	0.54448	0.22387	0.08672	0.0648	0.01344	0.02026	0.04563	0.06976	0.26708	0.0482	0.24933	0.66429
0.38967	0.2954	0.04406	0.48216	0.18462	0.07903	0.06307	0.01557	0.02294	0.04733	0.06697	0.23773	0.04953	0.2287	0.55162
0.43037	0.33857	0.04586	0.41602	0.15707	0.07784	0.07122	0.01616	0.01915	0.04754	0.06364	0.21192	0.0478	0.21521	0.47906
0.3576	0.36526	0.04416	0.50944	0.13183	0.07939	0.0715	0.01672	0.01715	0.04648	0.06591	0.22673	0.0479	0.2404	0.44127
0.40978	0.33268	0.04398	0.43508	0.10546	0.07561	0.06926	0.02165	0.01749	0.04676	0.06773	0.17703	0.04795	0.22912	0.41667
0.35974	0.28995	0.04455	0.41149	0.08914	0.07685	0.06378	0.01746	0.01662	0.04622	0.06626	0.22016	0.04968	0.21036	0.39709
0.3062	0.21543	0.04385	0.39728	0.07464	0.06755	0.06336	0.01947	0.02122	0.04468	0.06558	0.16072	0.04748	0.23033	0.36958
0.28959	0.2901	0.04142	0.37387	0.06309	0.06867	0.06314	0.02094	0.02841	0.04763	0.06625	0.17899	0.04615	0.23251	0.36359
0.3152	0.22691	0.04188	0.37016	0.0512	0.06839	0.06174	0.02035	0.01656	0.04834	0.06495	0.14756	0.04672	0.2303	0.35472
0.24388	0.19824	0.04248	0.39307	0.04125	0.06356	0.06025	0.02089	0.01607	0.0475	0.06637	0.1234	0.04885	0.23329	0.34645
0.25438	0.29476	0.04258	0.44522	0.03655	0.06211	0.05853	0.02386	0.02027	0.049	0.06385	0.11828	0.04552	0.24575	0.36785
0.25702	0.19762	0.04043	0.43211	0.02577	0.05908	0.05636	0.01694	0.0212	0.04908	0.06149	0.11007	0.04875	0.23282	0.34892
0.25838	0.24935	0.04041	0.45953	0.03615	0.06687	0.06279	0.01729	0.0164	0.04795	0.0603	0.11737	0.04385	0.25207	0.33692
0.25952	0.27813	0.03739	0.46563	0.03236	0.06775	0.05454	0.01666	0.01687	0.04617	0.05714	0.12385	0.0436	0.24005	0.31169
0.23274	0.19346	0.03821	0.41373	0.02827	0.0645	0.05719	0.01475	0.01767	0.04494	0.05436	0.11649	0.04448	0.2317	0.3218
0.20161	0.22385	0.03487	0.37907	0.0237	0.06424	0.06028	0.01905	0.01739	0.04457	0.04958	0.11215	0.04254	0.23024	0.32221
0.2011	0.18009	0.03371	0.37606	0.02097	0.05495	0.05977	0.01668	0.01875	0.04511	0.04859	0.10774	0.0441	0.23137	0.304
0.2149	0.20485	0.03228	0.42632	0.02121	0.05266	0.05938	0.01698	0.02459	0.04378	0.04381	0.11096	0.042	0.23546	0.28905
0.2072	0.16944	0.02808	0.3527	0.01933	0.05603	0.06245	0.01886	0.01531	0.04458	0.03993	0.11077	0.04128	0.22047	0.31922
0.21844	0.17461	0.02666	0.39468	0.02552	0.05503	0.05015	0.01589	0.02125	0.04255	0.0359	0.08961	0.0398	0.2256	0.2801
0.23336	0.18493	0.02347	0.39892	0.0186	0.04866	0.04924	0.01846	0.01708	0.04452	0.03382	0.08524	0.04092	0.23403	0.31333
0.17792	0.2336	0.02175	0.38568	0.01601	0.05024	0.05114	0.01503	0.02018	0.0423	0.02791	0.09217	0.04084	0.22032	0.2758
0.21924	0.23345	0.01988	0.40105	0.01855	0.04353	0.04957	0.01784	0.01813	0.04111	0.03291	0.09424	0.04188	0.21527	0.27129
0.13734	0.17623	0.01777	0.36793	0.02035	0.0339	0.04532	0.01646	0.01675	0.04075	0.02725	0.10246	0.03669	0.20393	0.26342
0.14189	0.18191	0.01707	0.35119	0.01945	0.04379	0.04838	0.01923	0.01988	0.04067	0.02551	0.1319	0.03645	0.20515	0.29799
0.12406	0.1228	0.01693	0.35198	0.01993	0.03338	0.05045	0.01915	0.01591	0.03831	0.02586	0.0924	0.03274	0.20598	0.26321
0.1435	0.12278	0.0168	0.32794	0.01658	0.03256	0.0515	0.02426	0.01632	0.03745	0.02689	0.09062	0.03133	0.21755	0.27744
0.13258	0.16899	0.01461	0.31467	0.01548	0.02855	0.05041	0.01626	0.01707	0.03621	0.02427	0.1019	0.03007	0.2071	0.25684
0.1522	0.17176	0.01482	0.36314	0.02066	0.03006	0.04951	0.01607	0.02746	0.03468	0.02493	0.10295	0.02816	0.19094	0.2784
0.12916	0.1855	0.01403	0.33173	0.03195	0.026	0.04723	0.02035	0.01689	0.03175	0.02338	0.0837	0.02622	0.18926	0.25765
0.21687	0.16635	0.01513	0.26556	0.02679	0.0347	0.05101	0.01989	0.0183	0.02983	0.02323	0.09041	0.02296	0.18492	0.26518
0.25613	0.12402	0.01233	0.27173	0.02883	0.02599	0.04623	0.01884	0.02482	0.02806	0.02026	0.08044	0.02305	0.20605	0.26157
0.16386	0.13105	0.01242	0.28087	0.01902	0.03158	0.05207	0.0299	0.01866	0.02545	0.01827	0.07759	0.02061	0.18598	0.22608
0.11565	0.11893	0.0123	0.29745	0.01609	0.02757	0.05094	0.02175	0.02075	0.02435	0.02147	0.08876	0.02201	0.19036	0.24219
0.17163	0.18308	0.01257	0.26414	0.01764	0.02859	0.04613	0.02059	0.02192	0.02253	0.02043	0.09983	0.01923	0.17557	0.23944
0.13901	0.12522	0.01184	0.27134	0.01504	0.03328	0.04138	0.0254	0.01785	0.0205	0.02	0.07559	0.01911	0.17537	0.2526
0.12172	0.10416	0.01092	0.23808	0.02149	0.03206	0.04071	0.02568	0.01769	0.01973	0.01875	0.08152	0.01787	0.17136	0.21899
0.13452	0.12368	0.01091	0.21355	0.02199	0.03062	0.0433	0.02086	0.01991	0.01877	0.01875	0.09022	0.0174	0.16602	0.22072
0.16702	0.17483	0.01141	0.25892	0.02938	0.03561	0.04066	0.01884	0.01841	0.01883	0.01756	0.10166	0.01617	0.16174	0.2445
0.14771	0.13392	0.01074	0.24302	0.04063	0.03341	0.04148	0.02064	0.01849	0.01672	0.01584	0.07449	0.0149	0.16722	0.22301
0.13056	0.13943	0.01202	0.22839	0.03741	0.03215	0.04109	0.01744	0.01853	0.01834	0.01598	0.11061	0.01648	0.15745	0.22384
0.17916	0.11257	0.01005	0.23442	0.01576	0.02633	0.03927	0.01769	0.01895	0.01555	0.01622	0.07513	0.01476	0.15997	0.23199
0.14595	0.14331	0.01025	0.25607	0.02312	0.03507	0.03743	0.019	0.01906	0.01545	0.01639	0.09904	0.0153	0.16183	0.20721
0.10817	0.07297	0.01012	0.2127	0.01885	0.03632	0.03717	0.01918	0.01844	0.0146	0.01639	0.08438	0.01409	0.14853	0.22492
0.12529	0.13869	0.00985	0.20211	0.02289	0.03141	0.03516	0.01874	0.01901	0.01453	0.01694	0.08279	0.01421	0.14545	0.22688
0.16758	0.10412	0.01091	0.16108	0.0158	0.02987	0.03795	0.0194	0.01751	0.01514	0.01697	0.09302	0.01448	0.14828	0.20661
0.12666	0.08972	0.00981	0.2272	0.01427	0.02171	0.0342	0.01996	0.01932	0.01483	0.01496	0.08692	0.01474	0.14103	0.20216
0.12124	0.08719	0.0099	0.15836	0.01902	0.02778	0.03536	0.02265	0.02051	0.01595	0.01423	0.06105	0.01272	0.15822	0.19818
0.10028	0.05854	0.01021	0.1977	0.02287	0.03063	0.03209	0.02253	0.02056	0.01272	0.01373	0.07019	0.01255	0.13616	0.21551
0.12597	0.11435	0.00913	0.20245	0.02256	0.02911	0.03581	0.02144	0.0191	0.01358	0.01565	0.06541	0.0137	0.13008	0.16931
0.15466	0.136	0.00915	0.13626	0.02086	0.02883	0.03433	0.02009	0.01864	0.01307	0.01278	0.08183	0.01346	0.12928	0.19441
0.08972	0.05598	0.00919	0.17478	0.02085	0.03191	0.03328	0.02162	0.02068	0.01303	0.01606	0.07208	0.0132	0.12764	0.19849
0.11178	0.06532	0.00949	0.16319	0.01484	0.02094	0.0314	0.01986	0.01948	0.01348	0.01494	0.06167	0.01353	0.12945	0.20109
0.11077	0.10728	0.00922	0.18646	0.01875	0.02475	0.03374	0.02038	0.01862	0.01431	0.01348	0.06069	0.01266	0.12831	0.18829
0.09414	0.10785	0.00821	0.1567	0.02	0.02553	0.03153	0.02179	0.01719	0.01218	0.01338	0.07881	0.01188	0.1233	0.19104
0.13262	0.10774	0.00949	0.14709	0.01205	0.0265	0.03392	0.01896	0.01982	0.01077	0.01342	0.08151	0.01241	0.12732	0.1578
0.05615	0.05031	0.00857	0.15454	0.03967	0.02171	0.0295	0.02287	0.01973	0.01213	0.01403	0.05566	0.01305	0.12053	0.17427
0.11058	0.11608	0.00903	0.16061	0.02808	0.02555	0.03287	0.0202	0.02053	0.01655	0.01211	0.06929	0.01154	0.12788	0.15141
0.10618	0.14556	0.00783	0.11179	0.01907	0.02312	0.03268	0.01862	0.01933	0.01293	0.01227	0.11992	0.0137	0.10872	0.17535
0.13254	0.10712	0.00908	0.14252	0.00688	0.02551	0.02845	0.01915	0.02039	0.01044	0.01211	0.0524	0.01232	0.12298	0.15329
0.12047	0.0635	0.00833	0.10342	0.02798	0.02465	0.0306	0.02123	0.01864	0.01078	0.01251	0.0653	0.01171	0.10174	0.1536
0.10459	0.08833	0.00768	0.11002	0.01542	0.02405	0.02942	0.02076	0.02117	0.01207	0.01259	0.06978	0.01145	0.10469	0.15763
0.10803	0.08817	0.00899	0.0902	0.02267	0.03106	0.03088	0.02051	0.01956	0.01125	0.01493	0.05505	0.01105	0.09501	0.15476
0.16324	0.07948	0.0079	0.10902	0.00823	0.02576	0.02759	0.01703	0.02027	0.01206	0.01347	0.09952	0.01107	0.09892	0.15937
0.06198	0.06615	0.00764	0.11283	0.01989	0.02571	0.02684	0.02144	0.01855	0.01119	0.01249	0.05392	0.01115	0.09625	0.16969
0.07072	0.08819	0.00779	0.12755	0.02494	0.02221	0.02679	0.01801	0.02103	0.0106	0.01189	0.0573	0.01092	0.09639	0.15469
0.06355	0.06747	0.00768	0.08622	0.01424	0.02047	0.02684	0.01875	0.01993	0.0098	0.01252	0.05844	0.01057	0.08787	0.17094
0.05934	0.04489	0.00824	0.11118	0.02058	0.02271	0.02771	0.02083	0.02217	0.00957	0.01213	0.05784	0.01249	0.09494	0.14084
0.13441	0.0863	0.00763	0.11366	0.0271	0.02524	0.03184	0.01747	0.02188	0.0098	0.01053	0.04751	0.01021	0.0863	0.17157
0.08623	0.04545	0.00698	0.11103	0.0216	0.02372	0.02987	0.03073	0.0199	0.00962	0.01283	0.04807	0.00998	0.09681	0.14326
0.09571	0.08822	0.00898	0.1221	0.01347	0.0231	0.03274	0.01803	0.02033	0.01066	0.01029	0.06961	0.00965	0.09144	0.16465
0.14178	0.10317	0.00808	0.10582	0.01104	0.02519	0.03153	0.0155	0.01904	0.00933	0.01099	0.09798	0.00985	0.08351	0.14138
0.0813	0.0643	0.00765	0.10821	0.01586	0.03281	0.02674	0.01793	0.02041	0.01009	0.01153	0.05863	0.0103	0.07962	0.13718
0.10877	0.07215	0.00742	0.12019	0.02594	0.03285	0.03214	0.01866	0.02193	0.00933	0.00956	0.0655	0.01022	0.09602	0.13663
0.09503	0.06727	0.00717	0.087	0.01896	0.02714	0.02904	0.02197	0.02203	0.00944	0.01067	0.05356	0.01008	0.07872	0.13619
0.096	0.09237	0.00741	0.10149	0.01982	0.02638	0.02599	0.02002	0.02429	0.01255	0.01071	0.04631	0.01052	0.07487	0.12073
0.15859	0.08135	0.00781	0.07553	0.01853	0.02413	0.02825	0.02193	0.02257	0.01097	0.01263	0.06951	0.01018	0.07671	0.14054
0.1043	0.09774	0.0073	0.08279	0.02223	0.0264	0.02729	0.01858	0.02305	0.00939	0.01006	0.05337	0.01046	0.07204	0.12932
0.05958	0.06191	0.0071	0.06415	0.01096	0.02337	0.02773	0.03229	0.02633	0.00901	0.00961	0.06717	0.00979	0.0652	0.14069
0.04054	0.04834	0.0071	0.06346	0.03084	0.02405	0.0263	0.02917	0.02654	0.00937	0.0108	0.06576	0.01007	0.07536	0.13362
0.05907	0.04428	0.00702	0.07909	0.02941	0.02321	0.02407	0.02323	0.02242	0.00954	0.01013	0.0502	0.00964	0.08212	0.13149
0.08483	0.03235	0.0064	0.10406	0.01046	0.02416	0.0261	0.02054	0.02011	0.00917	0.00979	0.04923	0.00952	0.07078	0.1436
0.12473	0.04816	0.00744	0.07649	0.01131	0.01934	0.02752	0.0173	0.02089	0.01002	0.01016	0.05478	0.00971	0.06324	0.12593
0.06605	0.05552	0.00754	0.08499	0.0065	0.02102	0.02488	0.02835	0.02178	0.00818	0.00961	0.05641	0.00951	0.08373	0.10971
0.06561	0.03835	0.00825	0.06058	0.02457	0.02637	0.02699	0.01769	0.02216	0.00853	0.00897	0.04943	0.00904	0.07077	0.11801
0.04786	0.03048	0.00718	0.06512	0.01075	0.02321	0.02217	0.02263	0.02229	0.00935	0.00863	0.04297	0.00979	0.06379	0.12764
0.0899	0.02683	0.00733	0.07218	0.01899	0.02451	0.02413	0.01559	0.02175	0.00891	0.00907	0.03887	0.00868	0.05862	0.11985
0.09116	0.04983	0.00654	0.07416	0.00616	0.02439	0.02911	0.02042	0.02116	0.00805	0.00884	0.06551	0.00872	0.06306	0.14777
0.07138	0.06554	0.0067	0.06195	0.01986	0.02294	0.0234	0.02545	0.02281	0.00837	0.00881	0.04645	0.009	0.0733	0.11945
0.04033	0.03481	0.00673	0.07021	0.01506	0.02222	0.0222	0.02507	0.02356	0.00911	0.00832	0.03889	0.00882	0.07909	0.12568
0.03031	0.04416	0.0067	0.07151	0.00471	0.02186	0.0245	0.01662	0.0204	0.00886	0.00814	0.03485	0.0084	0.05862	0.11806
0.05516	0.05292	0.00653	0.05864	0.0178	0.0228	0.02343	0.02162	0.02031	0.00923	0.00819	0.05432	0.00893	0.05456	0.13191
0.0563	0.05346	0.00725	0.04742	0.0253	0.02089	0.02547	0.02534	0.0192	0.0079	0.00816	0.03703	0.00853	0.05299	0.11969
0.02731	0.02227	0.00551	0.07219	0.01534	0.02052	0.02532	0.03187	0.02123	0.00838	0.00777	0.06983	0.00868	0.06902	0.12592
0.04254	0.03002	0.00669	0.07059	0.02766	0.02001	0.02169	0.01838	0.0204	0.00719	0.00723	0.03779	0.0084	0.05225	0.10405
0.05911	0.06215	0.00681	0.07118	0.01724	0.0205	0.02083	0.02589	0.01962	0.00769	0.00911	0.0336	0.00823	0.05414	0.12672
0.04731	0.03174	0.00524	0.04951	0.01621	0.02095	0.0224	0.02918	0.02245	0.00858	0.00816	0.03541	0.00911	0.05556	0.14214
0.05868	0.02363	0.0054	0.09907	0.00321	0.0171	0.0253	0.01823	0.01875	0.009	0.00762	0.03994	0.00875	0.08008	0.13852
0.07951	0.05027	0.00468	0.0581	0.01543	0.01976	0.02066	0.03606	0.02028	0.00818	0.00675	0.02947	0.00751	0.05815	0.12105
0.04332	0.0457	0.00516	0.04825	0.02884	0.01993	0.02017	0.02091	0.01892	0.00945	0.00774	0.0343	0.00809	0.05417	0.12228
0.04094	0.03111	0.00566	0.06953	0.00755	0.01873	0.02321	0.02621	0.02078	0.00796	0.00816	0.04084	0.00839	0.07335	0.11548
0.03607	0.01814	0.00543	0.07021	0.00965	0.02207	0.02287	0.01742	0.0184	0.0086	0.0071	0.04165	0.00782	0.07602	0.11179
0.02859	0.02424	0.00473	0.06056	0.01984	0.02284	0.02014	0.03126	0.02056	0.0092	0.00686	0.03587	0.00783	0.04769	0.11344
0.03937	0.03385	0.00515	0.05279	0.0252	0.02233	0.02368	0.02191	0.01962	0.00828	0.00827	0.04333	0.00768	0.05906	0.12484
0.03081	0.0252	0.00492	0.05398	0.03159	0.01891	0.02307	0.01409	0.02152	0.0102	0.00704	0.03114	0.00784	0.05461	0.10081
0.03537	0.04791	0.00452	0.05563	0.01097	0.01881	0.02305	0.02143	0.02099	0.00767	0.00756	0.0323	0.00698	0.05049	0.10218
0.04617	0.02006	0.00486	0.06134	0.00912	0.02123	0.0205	0.02316	0.02117	0.00864	0.00648	0.03471	0.00693	0.047	0.10433
0.03382	0.04547	0.00604	0.0489	0.01348	0.01901	0.01896	0.03146	0.0204	0.00833	0.00861	0.03669	0.00731	0.03758	0.0869
0.02254	0.00438	0.00503	0.04584	0.01885	0.01994	0.02035	0.03468	0.01964	0.00886	0.00729	0.03316	0.00764	0.04214	0.1093
0.02267	0.0092	0.00726	0.04362	0.02498	0.02364	0.01862	0.01708	0.02099	0.00806	0.00669	0.02614	0.00673	0.0521	0.07695
0.03388	0.02939	0.00669	0.03972	0.02047	0.0197	0.0178	0.02192	0.02032	0.00765	0.0075	0.03144	0.00769	0.03946	0.08722
0.02317	0.01451	0.00481	0.03704	0.01741	0.02232	0.02148	0.02122	0.01902	0.00763	0.00633	0.04024	0.00734	0.03976	0.07605
0.0347	0.02585	0.00499	0.04822	0.01574	0.01856	0.02286	0.01782	0.01744	0.00795	0.00851	0.03143	0.00662	0.0486	0.09736
0.01879	0.01611	0.00451	0.04141	0.01491	0.02118	0.01879	0.02585	0.01933	0.00743	0.00627	0.03319	0.00753	0.04114	0.08337
0.0438	0.01481	0.00534	0.04396	0.01852	0.01771	0.01817	0.02268	0.01822	0.00831	0.00627	0.03476	0.00851	0.03467	0.09415
0.01501	0.00637	0.00531	0.03674	0.03812	0.01926	0.02246	0.01778	0.01974	0.00869	0.00702	0.04186	0.00692	0.0411	0.07172
0.04726	0.01518	0.00451	0.04905	0.01636	0.01981	0.02105	0.01919	0.01848	0.0074	0.0058	0.03704	0.00736	0.04919	0.07235
0.03284	0.02011	0.00465	0.0338	0.0164	0.02438	0.02168	0.02371	0.01701	0.00816	0.0058	0.03946	0.00716	0.03517	0.07551
0.0253	0.01774	0.00609	0.03737	0.00613	0.02067	0.02015	0.01779	0.01929	0.00705	0.00635	0.025	0.00721	0.04004	0.07753
0.03425	0.00821	0.00506	0.03518	0.02178	0.01564	0.01983	0.0202	0.0186	0.00731	0.00642	0.03122	0.00756	0.03074	0.07266
0.03169	0.01959	0.00407	0.04059	0.0179	0.01492	0.01852	0.01675	0.01999	0.00661	0.00742	0.03878	0.00715	0.03078	0.0843
0.04945	0.03708	0.00495	0.03046	0.02508	0.02035	0.01984	0.01392	0.02037	0.00822	0.00734	0.02951	0.00704	0.03247	0.06432
0.04486	0.01267	0.00497	0.04409	0.01766	0.01917	0.0202	0.02426	0.01816	0.00787	0.00592	0.03526	0.00635	0.03632	0.06011
0.0608	0.02162	0.00358	0.05228	0.02874	0.01752	0.01815	0.01383	0.01816	0.00758	0.00782	0.04322	0.00673	0.03902	0.06489
0.03066	0.01834	0.00381	0.03804	0.014	0.01925	0.01782	0.02306	0.01562	0.00744	0.00518	0.02563	0.00613	0.03595	0.06288
0.04349	0.01178	0.00402	0.03745	0.02171	0.02384	0.01972	0.01443	0.01648	0.00783	0.00581	0.02985	0.00641	0.04145	0.07807
0.04079	0.04212	0.00399	0.02988	0.01998	0.01781	0.01704	0.02496	0.01853	0.00673	0.0057	0.02951	0.00708	0.03035	0.06562
0.02003	0.0167	0.00479	0.03952	0.02781	0.01564	0.01692	0.03977	0.01609	0.00866	0.00568	0.02823	0.00729	0.03449	0.07382
0.04624	0.01608	0.00411	0.05361	0.03693	0.01589	0.01615	0.02605	0.01652	0.00684	0.00674	0.02507	0.00648	0.03721	0.06154
0.03411	0.03558	0.00407	0.04356	0.01249	0.01973	0.01841	0.03027	0.01676	0.00607	0.00689	0.04772	0.00573	0.04148	0.09492
0.02894	0.00822	0.00454	0.03191	0.01452	0.01752	0.01877	0.03114	0.01611	0.00701	0.00637	0.03212	0.00606	0.03088	0.07735
0.02595	0.01467	0.00412	0.03002	0.06164	0.01508	0.01737	0.03769	0.01548	0.00612	0.00481	0.04198	0.00662	0.03058	0.05783
0.01946	0.00937	0.00364	0.026	0.03911	0.02618	0.01787	0.02541	0.0157	0.00694	0.00549	0.02578	0.00632	0.0258	0.0567
0.01977	0.00659	0.0035	0.02592	0.01211	0.01766	0.01933	0.03356	0.01548	0.00596	0.00549	0.02434	0.00708	0.02679	0.05956
0.01474	0.00516	0.00382	0.03577	0.01214	0.01829	0.01931	0.01981	0.01531	0.0064	0.00553	0.04565	0.0067	0.04309	0.07149
0.02317	0.01323	0.00385	0.02104	0.02579	0.01738	0.02014	0.0212	0.01508	0.00587	0.00513	0.0223	0.0058	0.02461	0.05358
0.01971	0.0083	0.00392	0.02596	0.03551	0.01539	0.02058	0.01376	0.01688	0.00626	0.00459	0.03835	0.00611	0.02195	0.05602
0.02047	0.00974	0.00412	0.02934	0.01898	0.01494	0.01941	0.01515	0.0179	0.00593	0.00448	0.02088	0.00605	0.0362	0.08044
0.03576	0.02832	0.00329	0.05655	0.05266	0.01505	0.01903	0.01558	0.01707	0.00585	0.00452	0.03497	0.00529	0.03863	0.05997
0.01675	0.00849	0.00392	0.01948	0.02456	0.01677	0.01698	0.02339	0.01655	0.00591	0.00548	0.02729	0.00623	0.02182	0.06329
0.01085	0.01196	0.00382	0.02317	0.01652	0.01451	0.01713	0.01259	0.01584	0.00572	0.00593	0.01942	0.00545	0.02371	0.0522
0.02643	0.01641	0.00429	0.03819	0.02291	0.018	0.01634	0.02361	0.01367	0.00782	0.00654	0.03668	0.00589	0.03362	0.05225
0.03227	0.01474	0.0055	0.03611	0.03148	0.01556	0.01949	0.0154	0.01325	0.0063	0.00635	0.02418	0.00515	0.03119	0.08716
0.01645	0.00716	0.00377	0.0269	0.01024	0.01512	0.01661	0.01663	0.01439	0.0058	0.00689	0.02663	0.00515	0.02807	0.04543
0.02074	0.00614	0.00411	0.02015	0.01427	0.01186	0.01805	0.02075	0.01416	0.00534	0.00709	0.02449	0.00516	0.01576	0.03949
0.02055	0.0099	0.00294	0.03718	0.01104	0.0175	0.01745	0.01701	0.01465	0.00608	0.00551	0.02721	0.00614	0.03018	0.04478
0.01691	0.00614	0.00298	0.03856	0.0138	0.01603	0.02019	0.01646	0.01455	0.00651	0.00627	0.02595	0.00564	0.04556	0.09251
0.01318	0.0062	0.00351	0.03441	0.03211	0.01536	0.01804	0.01346	0.01622	0.00555	0.00631	0.03156	0.00477	0.03854	0.04204
0.01645	0.00623	0.00435	0.02855	0.02114	0.01969	0.01981	0.01928	0.01635	0.00649	0.00541	0.0324	0.00523	0.02383	0.04896
0.01067	0.01229	0.00314	0.02059	0.01278	0.01437	0.01975	0.02609	0.01458	0.0062	0.00513	0.03036	0.00505	0.01877	0.05376
0.02335	0.02055	0.00362	0.01547	0.02166	0.01528	0.01802	0.03445	0.01622	0.005	0.00572	0.02078	0.00453	0.01859	0.03927
0.01497	0.02095	0.00321	0.02221	0.02987	0.01598	0.01684	0.05067	0.01457	0.00694	0.00535	0.03381	0.00666	0.0213	0.04141
0.00714	0.00518	0.00316	0.02297	0.05345	0.01284	0.01803	0.0156	0.01433	0.00557	0.00465	0.02766	0.00488	0.02127	0.04322
0.01035	0.00855	0.00294	0.024	0.00624	0.01263	0.01758	0.02243	0.01387	0.00526	0.00543	0.03011	0.00524	0.02051	0.04336
0.02497	0.01312	0.00365	0.0329	0.01442	0.01369	0.01572	0.01941	0.0131	0.00614	0.00502	0.02202	0.00534	0.02634	0.05214
0.03358	0.0146	0.0035	0.03476	0.02677	0.01329	0.01777	0.03046	0.01405	0.00577	0.00597	0.04291	0.00528	0.02551	0.02682
0.01154	0.00749	0.00397	0.02337	0.01166	0.01407	0.01503	0.01765	0.01187	0.00596	0.00403	0.03629	0.00467	0.02478	0.03357
0.01808	0.02669	0.00463	0.02406	0.01502	0.01284	0.01346	0.04151	0.01423	0.00514	0.00496	0.0328	0.00446	0.01888	0.02791
0.02206	0.01245	0.00288	0.03206	0.01612	0.01218	0.01708	0.03272	0.01384	0.00508	0.0051	0.03558	0.00439	0.03233	0.06186
0.0108	0.00657	0.00346	0.0211	0.02647	0.01352	0.01498	0.03538	0.01156	0.00562	0.00485	0.02309	0.00441	0.02023	0.06077
0.02032	0.01209	0.00361	0.02564	0.01362	0.01075	0.01759	0.0199	0.01093	0.0063	0.00512	0.02585	0.00446	0.01945	0.04586
0.01229	0.00712	0.00417	0.0514	0.0145	0.01582	0.01677	0.0149	0.01358	0.00637	0.00566	0.04341	0.00407	0.04037	0.0492
0.02116	0.00533	0.00288	0.03524	0.0139	0.0131	0.01666	0.02423	0.01409	0.00571	0.00491	0.02073	0.0058	0.03145	0.0539
0.03635	0.0088	0.00324	0.02301	0.03296	0.01366	0.0144	0.03703	0.01381	0.0079	0.00572	0.02957	0.00582	0.01883	0.03371
0.01068	0.00588	0.00351	0.03605	0.02078	0.01334	0.01712	0.02045	0.01246	0.00592	0.00591	0.02509	0.00475	0.02989	0.04463
0.02843	0.0035	0.00309	0.01808	0.01541	0.01197	0.01465	0.03526	0.01314	0.00657	0.00452	0.01984	0.00482	0.01689	0.03762
0.01624	0.00425	0.00302	0.02061	0.00816	0.01392	0.01351	0.02172	0.014	0.00505	0.00413	0.02345	0.0041	0.01504	0.02744
0.03199	0.00584	0.00316	0.01869	0.03988	0.01871	0.0134	0.02378	0.01386	0.0061	0.00337	0.04044	0.0045	0.0193	0.0224
0.0205	0.0036	0.00366	0.0128	0.01257	0.01361	0.01434	0.02751	0.01248	0.00531	0.00497	0.02465	0.00414	0.01764	0.03031
0.02088	0.00587	0.00384	0.02015	0.0174	0.01666	0.01234	0.01622	0.0107	0.00493	0.00489	0.02821	0.00407	0.01749	0.03379
0.01899	0.01353	0.00354	0.0156	0.01377	0.01361	0.01552	0.02419	0.012	0.00514	0.00402	0.02294	0.00461	0.0205	0.03248
0.01741	0.01549	0.0035	0.02732	0.0246	0.01333	0.01265	0.03338	0.01177	0.00568	0.00552	0.02959	0.00398	0.01972	0.03347
0.01353	0.03402	0.00307	0.02563	0.0125	0.01184	0.01468	0.02263	0.01066	0.0054	0.00443	0.03166	0.00474	0.02196	0.03726
0.01675	0.00342	0.00518	0.02899	0.04484	0.01303	0.01338	0.02324	0.01099	0.00479	0.00404	0.04447	0.00421	0.02346	0.01725
0.02671	0.00569	0.00285	0.01421	0.03362	0.01406	0.0136	0.04227	0.0182	0.00422	0.00432	0.03828	0.00376	0.01644	0.0281
0.00929	0.02979	0.00276	0.04067	0.02395	0.012	0.01312	0.02297	0.01194	0.00431	0.00373	0.03437	0.00392	0.02383	0.02419
0.02388	0.01155	0.00258	0.01923	0.01523	0.01149	0.01373	0.03093	0.0103	0.00492	0.00438	0.05208	0.0037	0.01959	0.03777
0.01734	0.00608	0.00255	0.02287	0.02432	0.01172	0.01713	0.01166	0.01089	0.00429	0.00399	0.03787	0.00345	0.02227	0.04036
0.01462	0.0028	0.00312	0.03477	0.0156	0.01043	0.01225	0.02818	0.01067	0.00451	0.00418	0.04343	0.00361	0.02731	0.04326
0.01552	0.00718	0.00387	0.02315	0.02226	0.01076	0.01392	0.02728	0.00938	0.00425	0.0035	0.04902	0.00379	0.02433	0.03019
0.0099	0.00834	0.00395	0.04138	0.02283	0.01189	0.01514	0.03078	0.0098	0.00419	0.00431	0.02492	0.00327	0.0401	0.03615
0.0206	0.00488	0.00353	0.02023	0.01942	0.0097	0.01529	0.02829	0.00971	0.00503	0.0042	0.02332	0.00337	0.01823	0.02665
0.03898	0.01122	0.00297	0.01483	0.02266	0.00974	0.01554	0.01173	0.01039	0.00428	0.00329	0.02685	0.00363	0.01681	0.02732
0.02024	0.0108	0.00261	0.01676	0.01847	0.01216	0.01443	0.03078	0.00975	0.00456	0.00331	0.06565	0.00353	0.01811	0.02366
0.01835	0.00496	0.00279	0.01354	0.00826	0.01007	0.01804	0.01699	0.00966	0.00406	0.00434	0.0454	0.00522	0.01466	0.03751
0.01332	0.00402	0.00236	0.01485	0.03652	0.01127	0.01294	0.02279	0.00849	0.00565	0.00559	0.02153	0.0034	0.01119	0.02344
0.01355	0.00461	0.00271	0.01562	0.03038	0.00901	0.01403	0.0164	0.01063	0.00498	0.00495	0.03075	0.00344	0.01094	0.01669
0.00589	0.00465	0.00255	0.02561	0.03754	0.01147	0.01268	0.0223	0.0092	0.0051	0.00296	0.03601	0.00369	0.02584	0.04238
0.01171	0.00659	0.00266	0.0157	0.02723	0.01096	0.01575	0.01331	0.00916	0.00442	0.00385	0.02402	0.00398	0.02462	0.03151
0.01005	inf	0.00261	0.01901	0.0354	0.00982	0.01212	0.01161	0.01256	0.00503	0.00309	0.02871	0.00299	0.01747	0.02257
0.02163	0.01602	0.00322	0.04223	0.02786	0.00971	0.01269	0.04903	0.00869	0.0046	0.0038	0.03308	0.00356	0.02622	0.04809
0.01546	0.02082	0.00286	0.02222	0.03305	0.01093	0.01121	0.03162	0.00772	0.00503	0.00358	0.02857	0.00379	0.01463	0.02485
0.01274	0.00485	0.0026	0.02532	0.05655	0.01682	0.01144	0.02227	0.01264	0.00422	0.00378	0.03966	0.0036	0.01801	0.02704
0.03675	0.01119	0.00257	0.01168	0.02041	0.00806	0.01212	0.00808	0.00859	0.00386	0.00283	0.05114	0.00326	0.01661	0.04623
0.01003	0.01339	0.00216	0.01219	0.00809	0.01004	0.01302	0.02181	0.01161	0.00324	0.00366	0.02329	0.0037	0.01552	0.03569
0.0235	0.00874	0.00227	0.01542	0.00818	0.00994	0.01178	0.02328	0.00884	0.00514	0.0047	0.03729	0.00357	0.01267	0.03224
0.0109	0.03806	0.00217	0.01087	0.02454	0.01353	0.0123	0.03382	0.0121	0.00377	0.00357	0.03484	0.00337	0.01333	0.01369
0.03621	0.00586	0.00411	0.01077	0.00699	0.01016	0.01341	0.03624	0.00845	0.00378	0.00337	0.0156	0.00311	0.01343	0.01248
0.02532	0.00591	0.00264	0.02386	0.0196	0.01433	0.01248	0.04006	0.01351	0.00402	0.00331	0.02461	0.00346	0.01963	0.0317
0.0302	0.01111	0.00203	0.01366	0.01694	0.00926	0.01053	0.05358	0.01516	0.00428	0.00309	0.02624	0.00346	0.01224	0.01839
0.03007	0.01236	0.00201	0.02672	0.0246	0.00901	0.01144	0.03223	0.00807	0.00363	0.0037	0.0235	0.00282	0.02814	0.02196
0.02211	0.01606	0.00228	0.02494	0.03281	0.00989	0.01236	0.02618	0.01258	0.00433	0.0025	0.02717	0.00319	0.02602	0.02225
0.00598	0.00928	0.00199	0.02609	0.02365	0.01028	0.0096	0.03139	0.00929	0.00416	0.00326	0.03113	0.00324	0.01877	0.02192
0.01068	0.00814	0.00241	0.00903	0.01663	0.00858	0.01264	0.01507	0.00885	0.00347	0.00242	0.02617	0.00397	0.01318	0.01263
0.01466	0.01114	0.0029	0.01261	0.02042	0.01242	0.0122	0.01797	0.00969	0.00315	0.00437	0.03087	0.00371	0.01292	0.02703
0.01922	0.01157	0.0027	0.02653	0.02951	0.00881	0.01064	0.03461	0.00735	0.00338	0.00379	0.04479	0.00372	0.02718	0.01657
0.01642	0.00539	0.00205	0.0175	0.02575	0.00944	0.00903	0.0333	0.0073	0.00382	0.00327	0.02836	0.0035	0.01391	0.02979
0.0134	0.00353	0.00224	0.05355	0.01255	0.00817	0.01395	0.02218	0.01244	0.00414	0.00489	0.0195	0.00456	0.04633	0.02591
0.02995	0.00397	0.00215	0.01983	0.02175	0.00993	0.01224	0.025	0.00745	0.00307	0.0035	0.02021	0.00281	0.02601	0.02968
0.0084	0.00569	0.00184	0.01508	0.02574	0.01042	0.01261	0.03092	0.01133	0.00347	0.00467	0.01622	0.00289	0.01967	0.02899
0.00797	0.0037	0.00236	0.01626	0.00874	0.00949	0.01369	0.01121	0.01106	0.00324	0.00407	0.02326	0.00509	0.01715	0.03273
0.00913	0.00906	0.00197	0.0114	0.02434	0.00945	0.00992	0.01091	0.01492	0.00295	0.00396	0.04229	0.00433	0.01961	0.02207
0.05115	0.01626	0.0026	0.01438	0.02755	0.0093	0.0101	0.02479	0.02129	0.00378	0.00325	0.02601	0.00248	0.01302	0.01969
0.01765	0.0105	0.00202	0.01038	0.03476	0.00847	0.00964	0.01469	0.00813	0.00274	0.00346	0.02737	0.00284	0.01044	0.02395
0.04819	0.0151	0.00308	0.02104	0.03767	0.00801	0.0096	0.03908	0.00753	0.00354	0.00362	0.02476	0.00274	0.02801	0.03647
0.01605	0.01335	0.00355	0.02681	0.03461	0.00841	0.00941	0.03876	0.00943	0.0037	0.00328	0.02388	0.00236	0.01598	0.03751
0.00714	0.01837	0.00291	0.01374	0.04562	0.00742	0.00915	0.01855	0.01527	0.00369	0.00335	0.02522	0.00232	0.00977	0.0253
0.01486	0.00627	0.00272	0.01752	0.03566	0.00797	0.00996	0.01807	0.00689	0.00314	0.00453	0.02529	0.00275	0.01307	0.02281
0.01288	0.00681	0.0024	0.02204	0.01742	0.00752	0.01034	0.02774	0.00937	0.00295	0.00373	0.01994	0.00236	0.01433	0.02855
0.0516	0.01157	0.00212	0.01112	0.03259	0.00792	0.01003	0.02035	0.01036	0.00489	0.00326	0.01757	0.00295	0.0144	0.0125
0.01996	0.00425	0.00259	0.01198	0.03181	0.00731	0.01	0.02463	0.00814	0.00295	0.00334	0.03433	0.0027	0.01204	0.02332
0.01962	0.00852	0.00212	0.02298	0.01216	0.00849	0.01062	0.0124	0.00969	0.00324	0.00417	0.04017	0.00284	0.01208	0.01473
0.00736	0.00925	0.0026	0.02114	0.04878	0.0074	0.01059	0.01734	0.0111	0.00387	0.00287	0.0393	0.00235	0.0172	0.02008
0.01106	0.00446	0.00238	0.02194	0.03419	0.00826	0.01054	0.01483	0.00884	0.00317	0.00179	0.03833	0.00236	0.02043	0.01076
0.01002	0.0044	0.0026	0.02293	0.03385	0.0077	0.00942	0.01785	0.00875	0.00333	0.00315	0.01021	0.00325	0.01742	0.02819
0.01577	0.01002	0.00253	0.03282	0.02414	0.00749	0.00942	0.01692	0.00891	0.00341	0.00294	0.02593	0.0029	0.02664	0.01458
0.03755	0.00958	0.00257	0.01529	0.03544	0.00732	0.00844	0.02325	0.01101	0.00401	0.00589	0.02878	0.00307	0.01996	0.03291
0.02001	0.00714	0.00175	0.01427	0.04893	0.00751	0.00924	0.01876	0.01212	0.00432	0.00321	0.02912	0.00259	0.01079	0.01559
0.01313	0.00575	0.00295	0.01042	0.03212	0.00806	0.01027	0.01106	0.00866	0.00274	0.00313	0.02462	0.00257	0.01197	0.02937
0.0373	0.01327	0.002	0.01038	0.02291	0.00842	0.008	0.02097	0.01565	0.00373	0.00357	0.02973	0.00274	0.01192	0.01639
0.0079	0.00756	0.00309	0.03756	0.02893	0.00758	0.01076	0.01159	0.00682	0.00353	0.00261	0.03541	0.00294	0.03555	0.0271
0.01598	0.0115	0.00176	0.04177	0.04735	0.01398	0.00886	0.01584	0.00548	0.00359	0.00286	0.02647	0.00312	0.04164	0.03949
0.02546	0.01097	0.00202	0.02042	0.01034	0.0072	0.00974	0.01861	0.00589	0.00369	0.00324	0.0459	0.00256	0.01356	0.02761
0.0165	0.01063	0.00274	0.02561	0.02968	0.00698	0.00912	0.01148	0.00988	0.0034	0.00225	0.02679	0.00246	0.01644	0.03266
0.02806	0.01288	0.00224	0.02982	0.02465	0.00789	0.0088	0.01833	0.0063	0.00301	0.0033	0.01626	0.00224	0.03051	0.04612
0.00611	0.01145	0.00245	inf	0.01916	0.00941	0.00929	0.00998	0.00627	0.00336	0.00463	0.02643	0.00222	0.03806	0.0199
0.03311	0.00797	0.00209	0.02791	0.03143	0.00697	0.01	0.01367	0.00583	0.00395	0.00238	0.01913	0.00216	0.02099	0.0438
0.01579	0.00945	0.00264	0.02783	0.03377	0.00655	0.00781	0.03037	0.00824	0.00337	0.00331	0.02602	0.00241	0.02524	0.04032
0.00382	0.01017	0.00212	0.02284	0.02512	0.0067	0.00903	0.02193	0.00859	0.00307	0.00298	0.01129	0.00347	0.03293	0.02229
0.00834	0.00631	0.00182	0.02054	0.01828	0.00717	0.01	0.00501	0.00705	0.00289	0.00359	0.03287	0.00242	0.01648	0.01444
0.01064	0.01048	0.00291	0.02644	0.04881	0.00599	0.00936	0.01144	0.01181	0.00293	0.00509	0.02844	0.00355	0.01927	0.02591
0.0428	0.00995	0.00289	0.01767	0.03995	0.00799	0.00823	0.02085	0.00834	0.00355	0.00487	0.02272	0.00241	0.01904	0.01602
0.05854	0.0109	0.0024	0.02063	0.04524	0.00787	0.00894	0.02095	0.02048	0.00299	0.00393	0.03143	0.00299	0.01429	0.02145
0.03104	0.00794	0.00225	0.02104	0.03178	0.00721	0.00953	0.01979	0.00735	0.00365	0.00571	0.02747	0.00242	0.01136	0.03017
0.01484	0.01033	0.00217	0.02842	0.04667	0.00944	0.00932	0.01457	0.01281	0.00319	0.00336	0.08035	0.00241	0.02009	0.01636
0.01041	0.00639	0.00218	0.0199	0.02078	0.00662	0.00824	0.00993	0.00711	0.00336	0.00301	0.01711	0.0023	0.0167	0.02386
0.02457	0.0089	0.00563	0.01778	0.0524	0.0082	0.00888	0.01026	0.00868	0.0039	0.00266	0.02646	0.00214	0.01934	0.01791
0.01728	0.00494	0.00244	0.01219	0.04095	0.00938	0.00851	0.01687	0.01497	0.00363	0.0053	0.03159	0.00285	0.01746	0.02532
0.01698	0.01774	0.00263	0.01043	0.02474	0.01244	0.00748	0.02099	0.00649	0.00401	0.00407	0.03489	0.00193	0.01118	0.01437
0.01124	0.00714	0.0019	0.01995	0.01502	0.01015	0.00982	0.00965	0.00991	0.00328	0.00601	0.04591	0.00249	0.01409	0.01569
0.02052	0.00946	0.00225	0.00999	0.04532	0.00821	0.00873	0.00803	0.00635	0.00342	0.00667	0.0291	0.00245	0.01155	0.01526
0.01409	0.01926	0.00216	0.0068	0.04075	0.00748	0.01073	0.01516	0.01803	0.00266	0.00272	0.03822	0.0018	0.00821	0.01179
0.01435	0.01287	0.00265	0.0191	0.07488	0.00601	0.01013	0.0139	0.01163	0.00308	0.00693	0.03415	0.00318	0.01857	0.0213
0.00381	0.01328	0.00163	0.01406	0.01979	0.00732	0.00833	0.01368	0.00559	0.00276	0.00394	0.03632	0.00205	0.01455	0.01598
0.00983	0.01079	0.00249	0.0073	0.02932	0.00756	0.00852	0.00885	0.008	0.00278	0.00393	0.02197	0.00229	0.01389	0.02146
0.03768	0.02216	0.00185	0.01004	0.01921	0.00664	0.00991	0.00487	0.0071	0.00267	0.0065	0.0132	0.00258	0.0084	0.01749
0.02788	0.01368	0.0026	0.02352	0.04664	0.00853	0.0118	0.01493	0.00673	0.00289	0.00687	0.04207	0.00305	0.01896	0.02332
0.00506	0.00544	0.00279	0.01896	0.04585	0.00738	0.00912	0.00561	0.00661	0.0027	0.00301	0.02611	0.00196	0.01765	0.01937
0.04825	0.01463	0.00171	0.01542	0.0377	0.00629	0.00826	0.01341	0.00636	0.00466	0.00621	0.03335	0.00213	0.01016	0.01029
0.00823	0.00505	0.00357	0.00762	0.04296	0.00729	0.00736	0.00802	0.00584	0.00257	0.00602	0.03938	0.00199	0.00703	0.00879
0.02041	0.01238	0.00187	0.01356	0.03462	0.00984	0.00729	0.00931	0.02556	0.00273	0.00296	0.03019	0.00199	0.01203	0.02621
0.02447	0.01559	0.00177	0.01875	0.01675	0.00655	0.00745	0.02034	0.0048	0.00278	0.00305	0.03161	0.00202	0.01972	0.02382
0.05143	0.03959	0.00208	0.02198	0.03221	0.00576	0.00785	0.0081	0.00708	0.00252	0.00547	0.03056	0.00209	0.02069	0.02696
0.00451	0.00491	0.00164	0.021	0.04771	0.00749	0.00864	0.01996	0.00505	0.00223	0.00245	0.03401	0.00217	0.02305	0.01691
0.00622	0.00684	0.00199	0.01916	0.04816	0.00604	0.00811	0.02623	0.00497	0.00263	0.0089	0.02728	0.00299	0.01458	0.02054
0.01477	0.01737	0.00148	0.00719	0.03073	0.00603	0.00898	0.01218	0.00974	0.00385	0.00297	0.02846	0.00195	0.00861	0.00943
0.01519	0.0071	0.00206	0.00654	0.03535	0.00584	0.00641	0.00554	0.00929	0.00243	0.00247	0.0347	0.00175	0.01056	0.01613
0.06968	0.022	0.00301	0.03811	0.05015	0.00732	0.0064	0.00772	0.00629	0.0025	0.00272	0.04071	0.00198	0.03439	0.01574
0.01178	0.00622	0.00222	0.03203	0.03414	0.00621	0.00648	0.00944	0.008	0.00251	0.00218	0.03766	0.00268	0.01961	0.02378
0.03934	0.00715	0.00131	0.02141	0.01965	0.01079	0.00702	0.01174	0.00589	0.0023	0.00188	0.03505	0.00204	0.02346	0.02862
0.02758	0.02244	0.00273	0.02001	0.03705	0.00678	0.00891	0.00428	0.01016	0.003	0.00457	0.02134	0.00282	0.03271	0.01855
0.00671	0.00586	0.00254	0.00976	0.03268	0.00697	0.00836	0.01003	0.00558	0.00319	0.00782	0.02153	0.00197	0.01494	0.01963
0.02848	0.01223	0.00206	0.01267	0.04184	0.00667	0.00703	0.00908	0.00607	0.00215	0.00301	0.03018	0.00256	0.01315	0.0202
0.02907	0.01753	0.00171	0.00804	0.03932	0.00557	0.00722	0.01104	0.00604	0.00221	0.00474	0.03527	0.00196	0.01412	0.01795
0.00922	0.00404	0.00355	0.02846	0.05304	0.00545	0.0068	0.01352	0.00681	0.00427	0.00574	0.03541	0.00187	0.02236	0.02166
0.01505	0.00895	0.00185	0.02835	0.034	0.00514	0.0076	0.01183	0.00643	0.00301	0.00411	0.03074	0.00169	0.02007	0.03718
0.03503	0.01974	0.0025	0.03018	0.02283	0.00643	0.00784	0.0048	0.00942	0.00304	0.00326	0.0287	0.00172	0.0212	0.01568
0.03042	0.02405	0.00159	0.02403	0.02591	0.00482	0.0078	0.0184	0.0053	0.00415	0.00327	0.02877	0.0022	0.02396	0.02179
0.00834	0.00703	0.00198	0.01367	0.02524	0.00878	0.00593	0.01209	0.00461	0.00404	0.00461	0.02742	0.00195	0.00962	0.01079
0.03208	0.01316	0.00185	0.05287	0.03751	0.00615	0.00682	0.01138	0.00764	0.00349	0.00359	0.02891	0.00215	0.0349	0.01352
0.0349	0.00563	0.00288	0.01013	0.04749	0.00779	0.00711	0.01179	0.00893	0.00391	0.00851	0.03951	0.00173	0.01674	0.02418
0.03145	0.01985	0.00197	0.02676	0.04078	0.00701	0.00745	0.0084	0.00755	0.00271	0.00511	0.03635	0.00172	0.01452	0.01893
0.02831	0.01246	0.00257	0.04466	0.03082	0.00928	0.00782	0.00566	0.00719	0.00264	0.00353	0.01455	0.00173	0.02048	0.027
0.02343	0.01553	0.00264	0.02074	0.01318	0.00903	0.00795	0.01675	0.00516	0.00234	0.00961	0.03783	0.00163	0.01772	0.01757
0.02515	0.00468	0.00241	0.01519	0.05231	0.01046	0.01054	0.00757	0.00839	0.00246	0.00197	0.02469	0.00199	0.01561	0.02353
0.01001	0.00562	0.0023	0.01839	0.04048	0.00758	0.00747	0.00805	0.0175	0.00356	0.00866	0.02873	0.00183	0.01384	0.02268
0.00782	0.00759	0.00208	0.01866	0.03143	0.00508	0.00769	0.01227	0.0073	0.00233	0.00591	0.01769	0.00175	0.01819	0.03419
0.03751	0.01639	0.00179	0.01014	0.02641	0.00531	0.00723	0.01565	0.00628	0.00371	0.00391	0.02766	0.00218	0.01572	0.0163
0.02042	0.02275	0.00205	0.03204	0.04863	0.00724	0.00914	0.02346	0.00559	0.00303	0.00587	0.01984	0.00186	0.02873	0.03029
0.01223	0.0072	0.00185	0.04107	0.05465	0.01604	0.01057	0.01619	0.00648	0.00246	0.00336	0.02379	0.00185	0.03664	0.03035
0.04851	0.00835	0.00197	0.02079	0.03535	0.00739	0.00926	0.0087	0.00963	0.00299	0.00207	0.02887	0.00218	0.02763	0.0453
0.02419	0.01951	0.00234	0.01309	0.00885	0.00882	0.00698	0.01234	0.00751	0.00237	0.00943	0.02945	0.00266	0.01008	0.01544
0.02212	0.01922	0.00408	0.02556	0.0539	0.00535	0.00706	0.01124	0.00748	0.0025	0.00208	0.02794	0.00215	0.01318	0.02188
0.02079	0.01073	0.00197	0.02821	0.0554	0.0058	0.01001	0.01423	0.00793	0.00381	0.00602	0.01911	0.00339	0.0234	0.03595
0.04043	0.01128	0.00317	0.01739	0.03297	0.00509	0.00925	0.01594	0.00769	0.00238	0.00411	0.02892	0.0016	0.01275	0.02003
0.00763	0.00468	0.00339	0.03656	0.06866	0.00497	0.00849	0.00974	0.00929	0.00295	0.00444	0.02354	0.00177	0.0293	0.03581
0.0135	0.00316	0.00214	0.01805	0.01066	0.00711	0.00879	0.00522	0.00743	0.00265	0.0096	0.03852	0.00166	0.02667	0.03695
0.00945	0.00655	0.0021	0.0244	0.01308	0.0068	0.00912	0.01	0.00908	0.004	0.01711	0.01072	0.0023	0.02459	0.0416
0.01558	0.00735	0.00222	0.02552	0.0326	0.00508	0.0092	0.00795	0.00551	0.00232	0.00705	0.02029	0.00181	0.01987	0.00974
0.00991	0.01286	0.0024	0.0459	0.05097	0.00843	0.00668	0.00561	0.00866	0.00311	0.00309	0.0269	0.00228	0.04526	0.0338
0.00484	0.00623	0.00215	0.01283	0.02905	0.00716	0.01061	0.00663	0.00686	0.00332	0.00778	0.04888	0.00196	0.01395	0.02739
0.02337	0.03422	0.00129	0.02605	0.03579	0.00535	0.0073	0.00835	0.0061	0.00191	0.01022	0.02409	0.00287	0.02406	0.03004
0.01009	0.00932	0.00177	0.02693	0.03155	0.01119	0.00682	0.00931	0.00567	0.00281	0.00395	0.02148	0.00212	0.01402	0.02286
0.02256	0.00363	0.00298	0.02185	0.04396	0.00537	0.00812	0.01664	0.00529	0.00238	0.00459	0.02004	0.00201	0.02752	0.01546
0.00567	0.01419	0.00269	0.01393	0.05519	0.00666	0.00651	0.00549	0.01709	0.00228	0.00658	0.0328	0.00386	0.0125	0.02655
0.01683	0.0123	0.00233	0.02445	0.04557	0.00576	0.00606	0.01278	0.01232	0.003	0.00708	0.01621	0.00427	0.03063	0.0186
0.00692	0.01008	0.00153	0.01783	0.0507	0.00825	0.00691	0.00989	0.01351	0.00301	0.00284	0.04254	0.0026	0.02086	0.02457
0.03745	0.01238	0.00129	0.02053	0.03364	0.00942	0.00566	0.00937	0.02999	0.00508	0.01404	0.04196	0.00173	0.01538	0.03514
0.00784	0.0081	0.00214	0.01959	0.02102	0.00567	0.00766	0.00792	0.01863	0.00322	0.00831	0.01634	0.00174	0.02201	0.02927
0.01078	0.00536	0.00198	0.02812	0.04906	0.00717	0.00718	0.01654	0.00633	0.00277	0.00376	0.0202	0.00157	0.02288	0.02411
0.03582	0.03799	0.00184	0.01398	0.03089	0.0058	0.0102	0.01193	0.0069	0.00231	0.00496	0.02981	0.00165	0.01436	0.01981
0.00864	0.00596	0.00198	0.0247	0.01832	0.02051	0.01048	0.01425	0.00515	0.00239	0.0047	0.03019	0.00162	0.02173	0.03068
0.04283	0.01938	0.00202	0.02541	0.0606	0.00813	0.00862	0.00764	0.00722	0.0018	0.01735	0.02509	0.00177	0.02478	0.02322
0.02305	0.0083	0.00265	0.0047	0.03974	0.00482	0.00894	0.01098	0.01537	0.00262	0.00652	0.02372	0.00113	0.01193	0.02002
0.02431	0.00675	0.00141	0.01459	0.04257	0.00597	0.00968	0.01024	0.00737	0.00276	0.00688	0.02417	0.00162	0.01615	0.02083
0.02178	0.00741	0.00239	0.04046	0.04945	0.00652	0.00843	0.00953	0.01043	0.00315	0.00459	0.02249	0.00319	0.03325	0.02424
0.04459	0.02502	0.00294	0.03178	0.03582	0.01354	0.00945	0.01503	0.00593	0.00237	0.0041	0.03082	0.00226	0.03135	0.01991
0.03631	0.01386	0.00163	0.02186	0.03125	0.01214	0.01235	0.02598	0.00892	0.00221	0.00378	0.02646	0.00212	0.02066	0.01958
0.00572	0.00704	0.00176	0.01735	0.04524	0.00454	0.00844	0.0126	0.01622	0.00356	0.00348	0.02959	0.00138	0.02468	0.02189
0.01282	0.00607	0.00197	0.01437	0.03757	0.00645	0.00792	0.01515	0.00768	0.00215	0.00308	0.01108	0.00144	0.01412	0.02201
0.02617	0.00795	0.00187	0.0252	0.06251	0.00855	0.01144	0.01611	0.00808	0.00254	0.01165	0.03265	0.00299	0.02815	0.02898
0.00707	0.00721	0.0021	0.03344	0.0611	0.019	0.00926	0.01766	0.01594	0.00334	0.00344	0.02556	0.00263	0.03759	0.0255
0.03412	0.0145	0.00175	0.01285	0.00431	0.01098	0.00876	0.01289	0.00652	0.00242	0.01602	0.0373	0.00129	0.01833	0.02826
0.03631	0.02689	0.00183	0.01755	0.03889	0.00685	0.00829	0.0139	0.00688	0.00224	0.0074	0.02574	0.00205	0.01804	0.02851
0.0111	0.00355	0.00167	0.04672	0.03832	0.00986	0.00803	0.01178	0.00632	0.00288	0.00532	0.02774	0.00214	0.05355	0.02007
0.03965	0.03024	0.00235	0.00602	0.04414	0.00551	0.00663	0.00901	0.01026	0.00305	0.00507	0.02249	0.00335	0.01484	0.01319
0.04654	0.00721	0.00134	0.02257	0.0329	0.00382	0.00683	0.01293	0.00877	0.00388	0.00679	0.01998	0.0015	0.02149	0.02296
0.01636	0.00914	0.00164	0.04399	0.04144	0.00518	0.00792	0.00798	0.00786	0.00239	0.00115	0.01725	0.00256	0.0461	0.04249
0.03309	0.01272	0.00236	0.01975	0.0376	0.00625	0.00752	0.01254	0.00715	0.0024	0.01448	0.01809	0.0028	0.02174	0.01804
0.02103	0.01347	0.00238	0.05488	0.07699	0.00698	0.00838	0.00829	0.01146	0.00341	0.02872	0.01538	0.00277	0.05495	0.02595
0.01141	0.00708	0.00089	0.01573	0.02737	0.00496	0.0084	0.01047	0.00459	0.00232	0.00395	0.01542	0.00169	0.0113	0.01787
0.00637	0.00425	0.00144	0.01925	0.01699	0.00967	0.01117	0.01232	0.00907	0.0029	0.02939	0.03289	0.00207	0.02026	0.02918
0.01193	0.00631	0.00246	0.0369	0.03066	0.01826	0.01023	0.0212	0.00895	0.0027	0.00726	0.02847	0.00202	0.02887	0.02652
0.01191	0.00803	0.00297	0.02492	0.05875	0.0082	0.00697	0.01315	0.00724	0.00231	0.00573	0.02937	0.00172	0.02268	0.02488
0.01754	0.00935	0.00415	0.01996	0.02913	0.00624	0.00703	0.01135	0.00813	0.00272	0.01064	0.04636	0.00185	0.02173	0.03374
0.05534	0.01218	0.00201	0.04202	0.01967	0.00827	0.006	0.0083	0.02569	0.00344	0.01035	0.05559	0.00165	0.02873	0.03381
0.01542	0.00582	0.0031	0.01955	0.03751	0.00854	0.007	0.01046	0.00549	0.00241	0.01033	0.02535	0.0017	0.02597	0.03488
0.03397	0.02912	0.00197	0.01563	0.04648	0.007	0.00551	0.00935	0.01206	0.002	0.00918	0.02399	0.00282	0.01465	0.02104
0.00457	0.00658	0.00165	0.02277	0.03128	0.00725	0.00828	0.01223	0.01369	0.00245	0.00534	0.03043	0.00221	0.02183	0.02454
0.03263	0.01493	0.00254	0.03137	0.06249	0.00543	0.00621	0.01103	0.00777	0.00221	0.00921	0.0197	0.00121	0.02044	0.02751
0.00933	0.01169	0.00112	0.0362	0.04042	0.01347	0.00655	0.01162	0.00785	0.00223	0.01808	0.0284	0.00185	0.03168	0.03449
0.01738	0.01715	0.00163	0.04139	0.07181	0.01362	0.00542	0.0081	0.0094	0.00171	0.01586	0.02753	0.00254	0.04882	0.03992
0.02384	0.01619	0.00148	0.03777	0.09058	0.00904	0.00756	0.0131	0.00884	0.00166	0.0057	0.0503	0.00425	0.02125	0.05208
0.01259	0.01008	0.00124	0.01841	0.05525	0.00623	0.00625	0.00928	0.00774	0.00266	0.0139	0.04154	0.00126	0.01351	0.01427
0.01493	0.01172	0.00192	0.03944	0.05367	0.00795	0.00662	0.01048	0.00809	0.00183	0.02359	0.02259	0.00145	0.03017	0.02223
0.01996	0.0406	0.00133	0.04337	0.0786	0.02022	0.00615	0.00609	0.01355	0.00239	0.02337	0.03895	0.00178	0.02618	0.04214
0.0626	0.04415	0.00215	0.04363	0.04994	0.01119	0.00656	0.00826	0.01197	0.00281	0.01342	0.01659	0.00129	0.03615	0.03744
0.04963	0.03488	0.00202	0.04169	0.0625	0.00508	0.00562	0.00764	0.01391	0.00298	0.0049	0.03917	0.00178	0.03461	0.03953
0.0234	0.01197	0.00141	0.02452	0.04366	0.00482	0.00662	0.00762	0.01048	0.00325	0.02394	0.02493	0.0034	0.02666	0.0641
0.0124	0.0122	0.00147	0.02545	0.02745	0.03083	0.00529	0.00494	0.01712	0.00319	0.01281	0.03942	0.00381	0.01766	0.03113
0.02504	0.02315	0.0011	0.0146	0.04887	0.00803	0.00726	0.00615	0.01254	0.0026	0.00733	0.02714	0.00126	0.01024	0.01847
0.01047	0.02556	0.00181	0.01676	0.04437	0.01552	0.00704	0.00565	0.0075	0.00228	0.0102	0.03448	0.00207	0.01423	0.014
0.01987	0.03069	0.00127	0.01111	0.03813	0.00639	0.00619	0.00852	0.00947	0.00265	0.00336	0.04374	0.0015	0.01138	0.01717
0.01892	0.01801	0.00211	0.03197	0.06279	0.00572	0.00557	0.00665	0.01242	0.00278	0.00693	0.01542	0.00431	0.02892	0.01943
0.04699	0.06977	0.00106	0.03544	0.02718	0.01015	0.00471	0.01256	0.0116	0.00177	0.01457	0.01892	0.00142	0.02106	0.02132
0.02348	0.0263	0.00095	0.02181	0.0194	0.00383	0.0056	0.00873	0.01104	0.00289	0.02093	0.0272	0.0017	0.02257	0.01231
0.0511	0.05599	0.00119	0.02016	0.04777	0.00325	0.00547	0.01328	0.01757	0.00184	0.00532	0.01811	0.0014	0.015	0.02464
0.02894	0.02868	0.00127	0.01987	0.02903	0.00528	0.00699	0.00833	0.01222	0.00282	0.01358	0.02089	0.00221	0.01816	0.02107
0.04154	0.04907	0.00152	0.02231	0.03615	0.00697	0.00639	0.00706	0.01356	0.00365	0.00428	0.02717	0.00219	0.02062	0.03746
0.03093	0.03447	0.00195	0.02183	0.06931	0.00696	0.00481	0.01563	0.01691	0.00288	0.00518	0.0296	0.00452	0.01786	0.02306
0.08617	0.02918	0.0019	0.04073	0.04506	0.00382	0.00513	0.01035	0.00996	0.00251	0.01295	0.0336	0.00144	0.0308	0.02378
0.03832	0.03365	0.00151	0.02197	0.04479	0.00642	0.00469	0.009	0.00735	0.00191	0.00526	0.024	0.00132	0.02373	0.04775
0.07385	0.0688	0.00166	0.02699	0.04685	0.00744	0.0044	0.01096	0.00652	0.00203	0.00508	0.03674	0.00181	0.02538	0.02078
0.0982	0.04145	0.00261	0.03577	0.06667	0.01133	0.00487	0.00813	0.01828	0.00167	0.01117	0.02051	0.00214	0.02163	0.03576
0.02258	0.0116	0.00155	0.02942	0.03895	0.00979	0.00463	0.01128	0.01858	0.00161	0.02708	0.02466	0.00279	0.02315	0.04678
0.03223	0.00949	0.00116	0.02283	0.02193	0.00804	0.00655	0.01279	0.00691	0.00233	0.03154	0.02637	0.00396	0.01798	0.03195
0.01231	0.01596	0.00151	0.02094	0.04861	0.01191	0.00699	0.00637	0.01702	0.00191	0.01328	0.02954	0.00258	0.02179	0.02483
0.02882	0.01643	0.00283	0.02325	0.02787	0.01926	0.00477	0.00718	0.01765	0.00172	0.00212	0.02105	0.00196	0.01868	0.01984
0.02584	0.05143	0.0023	0.03755	0.04962	0.00712	0.00631	0.00669	0.00849	0.00343	0.03432	0.01669	0.00187	0.03031	0.02181
0.03754	0.03025	0.00164	0.02983	0.06504	0.0109	0.00525	0.01417	0.00609	0.00273	0.01798	0.02586	0.0039	0.02794	0.0289
0.06046	0.02697	0.00249	0.03854	0.04463	0.01185	0.00535	0.00839	0.0141	0.00201	0.0054	0.01957	0.00221	0.02782	0.01529
0.06503	0.04263	0.00163	0.03489	0.03355	0.03242	0.00416	0.01464	0.02004	0.00163	0.01015	0.03062	0.00158	0.03145	0.02406
0.04919	0.02917	0.0024	0.03428	0.04906	0.00384	0.0096	0.00761	0.01106	0.00253	0.00596	0.03597	0.00232	0.0282	0.016
0.04037	0.02667	0.00152	0.08393	0.09982	0.00341	0.00772	0.00829	0.00865	0.00172	0.01296	0.02098	0.0027	0.08399	0.01904
0.06514	0.03096	0.0046	0.02366	0.04665	0.00761	0.00537	0.0109	0.00553	0.00227	0.00351	0.02741	0.00189	0.01897	0.0271
0.03974	0.02961	0.0025	0.0237	0.04779	0.01105	0.00634	0.00824	0.02068	0.00243	0.00809	0.02275	0.00187	0.02551	0.03262
0.01799	0.02221	0.00288	0.03968	0.04046	0.0034	0.00511	0.01171	0.00444	0.00158	0.04561	0.01661	0.00112	0.04067	0.03374
0.04248	0.04713	0.00172	0.04669	0.08083	0.02267	0.00505	0.0093	0.01135	0.00217	0.01319	0.03237	0.00162	0.03775	0.02584
0.03021	0.0242	0.0017	0.03379	0.05377	0.00349	0.00559	0.00822	0.00645	0.00193	0.02123	0.01217	0.004	0.02559	0.01723
0.03762	0.02043	0.00117	0.03993	0.06987	0.00393	0.00474	0.01019	0.01407	0.00151	0.00539	0.04727	0.00339	0.03179	0.03659
0.03022	0.01644	0.00156	0.02036	0.03001	0.00464	0.00683	0.01444	0.01131	0.0015	0.01898	0.01374	0.00216	0.023	0.01878
0.0326	0.02568	0.00107	0.01688	0.03565	0.00577	0.00529	0.01032	0.00923	0.00381	0.01398	0.0345	0.00406	0.03159	0.03642
0.03174	0.04018	0.00173	0.02395	0.0435	0.0062	0.0057	0.00772	0.01869	0.00177	0.01667	0.02227	0.00363	0.02171	0.02647
0.01291	0.01243	0.00127	0.04837	0.0578	0.01482	0.00471	0.01227	0.014	0.00129	0.027	0.04528	0.00096	0.04214	0.04686
0.03575	0.00988	0.00149	0.05143	0.07101	0.00653	0.00639	0.01334	0.00903	0.0029	0.03248	0.02794	0.00161	0.04463	0.03509
0.01723	0.01394	0.00159	0.0614	0.03431	0.00375	0.00707	0.00968	0.01509	0.00179	0.00704	0.0132	0.00194	0.04972	0.02522
0.04194	0.05628	0.00134	0.04287	0.04206	0.0077	0.00445	0.00522	0.01755	0.00148	0.01546	0.02494	0.00156	0.0264	0.04419
inf	0.05498	0.00159	0.01291	0.04784	0.00318	0.00376	0.01092	0.01774	0.00175	0.01247	0.02151	0.00113	0.00945	0.01589
0.04413	0.04256	0.0019	0.01506	0.02519	0.00702	0.00599	0.005	0.0109	0.00301	0.01643	0.02088	0.00118	0.01719	0.04017
0.04901	0.02436	0.00171	0.01625	0.04043	0.00908	0.00466	0.00898	0.01785	0.00218	0.00177	0.02713	0.00225	0.01882	0.03787
0.00666	0.00756	0.00207	0.01437	0.0513	0.0059	0.00547	0.01338	0.00635	0.00236	0.05376	0.01824	0.00161	0.01925	0.02732
0.02136	0.01549	0.00243	0.02994	0.04638	0.00383	0.00569	0.00803	0.0105	0.00212	0.01612	0.0187	0.00166	0.02518	0.02479
0.0919	0.08457	0.00128	0.00753	0.06001	0.00589	0.00428	0.01135	0.02088	0.0018	0.02187	0.03231	0.00118	0.01328	0.02306
0.02373	0.04157	0.0011	0.01212	0.0367	0.01107	0.00406	0.00634	0.01364	0.00225	0.01333	0.0126	0.00121	0.01428	0.02137
0.03806	0.0231	0.00211	0.01276	0.01799	0.00346	0.00549	0.0187	0.00918	0.00209	0.02225	0.023	0.00208	0.00949	0.02592
0.05924	0.04001	0.00159	0.03355	0.07125	0.00368	0.00442	0.01293	0.01145	0.00172	0.01338	0.02387	0.00217	0.02728	0.04461
0.02603	0.05589	0.00119	0.01604	0.03173	0.00612	0.00536	0.00945	0.02475	0.00168	0.01498	0.01201	0.00155	0.01918	0.02411
0.04663	0.05361	0.00252	0.05035	0.05464	0.01547	0.00499	0.00466	0.02338	0.00189	0.04357	0.03583	0.00267	0.0461	0.04046
0.03648	0.02778	0.00147	0.03969	0.0541	0.01796	0.00447	0.00897	0.01886	0.00285	0.00556	0.02452	0.00219	0.02061	0.04761
0.05392	0.03475	0.00205	0.04069	0.08055	0.02563	0.00637	0.00655	0.01834	0.00143	0.00389	0.02451	0.00203	0.03507	0.03491
0.04439	0.03399	0.00103	0.02498	0.03637	0.01431	0.00609	0.00638	0.01397	0.00223	0.04274	0.04272	0.00311	0.02843	0.02612
0.0215	0.02813	0.00186	0.05088	0.04834	0.00466	0.0043	0.01003	0.01165	0.00419	0.0079	0.03086	0.00134	0.04494	0.04331
0.03077	0.02832	0.00146	0.01307	0.03222	0.00525	0.00477	0.01358	0.00971	0.00112	0.01683	0.01931	0.00097	0.01074	0.01759
0.03277	0.04401	0.00142	0.03821	0.06159	0.00291	0.00398	0.01414	0.01104	0.00247	0.01863	0.0173	0.00159	0.03798	0.03508
0.05209	0.06195	0.00182	0.06759	0.10111	0.00783	0.00594	0.00966	0.0179	0.00291	0.036	0.02082	0.00318	0.06272	0.04617
0.02385	0.04115	0.00138	0.02585	0.04159	0.00975	0.00363	0.01369	0.01458	0.00177	0.01592	0.02633	0.00277	0.03253	0.02752
0.0604	0.02555	0.00121	0.01645	0.02309	0.00877	0.00472	0.01382	0.02437	0.00219	0.00674	0.01842	0.00242	0.0101	0.01889
0.04142	0.02929	0.00182	0.06655	0.1209	0.00489	0.00451	0.00867	0.01016	0.00231	0.0024	0.02529	0.00313	0.06264	0.02792
0.02284	0.01627	0.00227	0.01684	0.05563	0.00481	0.00405	0.01196	0.0168	0.00256	0.00348	0.02892	0.00142	0.017	0.02906
0.0252	0.0424	0.00187	0.04762	0.07547	0.00489	0.0066	0.01347	0.01442	0.00371	0.00734	0.02472	0.00084	0.03804	0.03272
0.01021	0.02429	0.00146	0.02816	0.03139	0.00368	0.00551	0.01149	0.01955	0.002	0.05239	0.02712	0.00138	0.02249	0.03865
0.03917	0.02936	0.0017	0.02329	0.0659	0.0022	0.00446	0.01435	0.01214	0.00196	0.02965	0.02611	0.00217	0.01611	0.04617
0.03001	0.03722	0.00109	0.02207	0.04931	0.00234	0.00368	0.01006	0.01213	0.00288	0.0051	0.0353	0.00182	0.01482	0.02559
0.02325	0.03619	0.00119	0.0684	0.09609	0.01153	0.00478	0.00611	0.01895	0.00245	0.04072	0.0342	0.00256	0.05873	0.03131
0.0412	0.04729	0.00209	0.01684	0.07303	0.00573	0.00427	0.02022	0.02188	0.0017	0.00286	0.02309	0.00207	0.014	0.02318
0.06448	0.04562	0.00105	0.04447	0.08823	0.00268	0.00436	0.00734	0.01474	0.00194	0.01066	0.01757	0.0023	0.03567	0.01504
0.03602	0.06471	0.00153	0.01862	0.06065	0.01339	0.00521	0.00799	0.01708	0.00173	0.01675	0.02385	0.00172	0.01764	0.02607
0.02149	0.02044	0.00213	0.03086	0.0717	0.00474	0.00581	0.00708	0.0097	0.00359	0.01486	0.05107	0.00119	0.02742	0.03003
0.01025	0.0075	0.00298	0.01849	0.04834	0.0062	0.00541	0.0061	0.0109	0.00295	0.01124	0.02282	0.00105	0.02085	0.02578
0.06356	0.05098	0.00235	0.0418	0.03236	0.00419	0.00399	0.01069	0.01108	0.00176	0.00557	0.02675	0.0017	0.03116	0.02093
0.04989	0.0671	0.00218	0.0084	0.06232	0.00259	0.00465	0.01211	0.02332	0.00284	0.00515	0.0459	0.00193	0.01307	0.01466
0.02412	0.03117	0.00194	0.01213	0.03944	0.00327	0.00526	0.00785	0.01231	0.00307	0.01456	0.01702	0.00134	0.00838	0.0208
0.01455	0.01393	0.00193	0.03563	0.05003	0.00275	0.00445	0.00973	0.00913	0.0022	0.01651	0.02907	0.00236	0.02596	0.05115
0.01969	0.01378	0.00115	0.02455	0.03296	0.00393	0.00459	0.00721	0.01263	0.00227	0.00482	0.01932	0.00124	0.0197	0.04896
0.02345	0.02226	0.00215	0.03334	0.02397	0.00884	0.00455	0.00877	0.0188	0.00119	0.02557	0.02415	0.00193	0.02461	0.03031
0.01694	0.03235	0.00178	0.01683	0.03413	0.00291	0.00486	0.01169	0.0138	0.00344	0.00202	0.01486	0.00094	0.01978	0.02009
0.02566	0.02824	0.00326	0.0263	0.06913	0.02026	0.005	0.00529	0.00804	0.00246	0.00224	0.02988	0.00149	0.02202	0.03028
0.06564	0.04537	0.0013	0.0335	0.04715	0.02146	0.00598	0.00607	0.00998	0.00335	0.01747	0.02771	0.00215	0.03143	0.02359
0.01085	0.00474	0.00201	0.02374	0.03378	0.00743	0.00724	0.0067	0.01536	0.00242	0.00298	0.02151	0.00172	0.02231	0.03654
0.06333	0.07203	0.0037	0.028	0.05283	0.00392	0.00381	0.01023	0.00993	0.00267	0.00797	0.02927	0.00147	0.03693	0.03536
0.06158	0.07374	0.00176	0.02782	0.03371	0.00631	0.00435	0.00948	0.01178	0.00258	0.00531	0.02142	0.00144	0.02421	0.05867
0.02119	0.02353	0.00205	0.03068	0.05121	0.02054	0.00649	0.00697	0.01338	0.00133	0.00384	0.02903	0.00166	0.02259	0.0315
0.03078	0.05226	0.00168	0.02878	0.07822	0.00325	0.00567	0.01003	0.01174	0.00153	0.01474	0.03017	0.00243	0.02766	0.02853
0.04124	0.03157	0.00207	0.02389	0.07222	0.002	0.00518	0.01025	0.00641	0.0018	0.00231	0.03637	0.00118	0.03462	0.03523
0.01943	0.0139	0.00154	0.02402	0.04932	0.00711	0.00459	0.01861	0.01348	0.00143	0.00614	0.03498	0.00159	0.02787	0.03364
0.04362	0.05786	0.00137	0.02516	0.05447	0.04016	0.00383	0.00886	0.01394	0.00187	0.03504	0.0419	0.00114	0.02352	0.03819
0.01915	0.0092	0.00152	0.02849	0.03461	0.00243	0.00566	0.00662	0.00626	0.00167	0.02186	0.02816	0.00165	0.01598	0.03218
0.01734	0.00814	0.00186	0.02379	0.05896	0.01717	0.00433	0.01105	0.02298	0.00314	0.01701	0.02827	0.00228	0.03022	0.04184
0.04258	0.04141	0.00215	0.01233	0.02717	0.00757	0.00578	0.00484	0.01221	0.00299	0.00659	0.02961	0.0021	0.01219	0.0256
0.00843	0.00661	0.00174	0.03428	0.03134	0.00778	0.00436	0.00868	0.01136	0.00375	0.01845	0.03449	0.00124	0.03467	0.03441
0.03292	0.0613	0.00333	0.02447	0.02411	0.01905	0.00416	0.00694	0.01294	0.0024	0.00999	0.04686	0.00084	0.01426	0.03226
0.05503	0.03912	0.00431	0.01326	0.02539	0.00704	0.00426	0.00885	0.00797	0.00429	0.01268	0.03723	0.00161	0.01946	0.02625
0.01296	0.00654	0.00252	0.02195	0.03746	0.00486	0.00522	0.0114	0.01521	0.00129	0.00398	0.0346	0.00148	0.00964	0.01235
0.01487	0.01879	0.00145	0.0375	0.05379	0.01862	0.00471	0.00529	0.01279	0.00234	0.02974	0.03319	0.00195	0.03757	0.02807
0.02761	0.01246	0.00279	0.02868	0.02668	0.00631	0.00429	0.01279	0.00639	0.00188	0.017	0.03056	0.00162	0.01209	0.01506
0.01379	0.02032	0.00225	0.04198	0.06396	0.02473	0.00444	0.00731	0.0168	0.0018	0.01061	0.03564	0.00298	0.03654	0.03124
0.00852	0.01985	0.00217	0.02183	0.0757	0.01972	0.00434	0.01148	0.01799	0.0012	0.01299	0.04772	0.00221	0.01251	0.04626
0.01953	0.00752	0.00377	0.02376	0.02526	0.01037	0.00412	0.01592	0.00746	0.00129	0.01115	0.03537	0.00164	0.02083	0.03258
0.0436	0.06744	0.00151	0.05766	0.08201	0.02305	0.00511	0.00589	0.01388	0.00157	0.01301	0.03356	0.00174	0.05201	0.02526
0.0527	0.05984	0.00225	0.03944	0.05489	0.02969	0.00615	0.00922	0.02043	0.00198	0.02711	0.02894	0.00145	0.02114	0.03022
0.03722	0.03799	0.00175	0.02597	0.03946	0.01247	0.00711	0.00893	0.02381	0.00277	0.02353	0.02882	0.00164	0.01869	0.03472
0.03728	0.04964	0.00153	0.02208	0.06159	0.0115	0.00466	0.00602	0.02822	0.00145	0.03415	0.03158	0.00212	0.02667	0.02511
0.02383	0.02295	0.00323	0.02944	0.06856	0.0116	0.00379	0.00756	0.02213	0.00195	0.02111	0.03688	0.00157	0.03024	0.03282
0.04127	0.01031	0.00239	0.04823	0.05039	0.02855	0.00418	0.00356	0.01617	0.00204	0.00859	0.04372	0.00174	0.03284	0.02893
0.02875	0.05073	0.00164	0.01885	0.06857	0.03981	0.00474	0.00791	0.01321	0.00153	0.01112	0.0385	0.00128	0.01833	0.03101
0.04912	0.02832	0.00131	0.03122	0.04845	0.01237	0.0038	0.01499	0.0069	0.00157	0.00666	0.05046	0.00256	0.03478	0.03812
0.01334	0.02118	0.00264	0.05158	0.06928	0.01305	0.00364	0.00728	0.01669	0.00218	0.0212	0.05111	0.00211	0.0617	0.07566
0.03955	0.0353	0.00182	0.03736	0.04933	0.03503	0.00464	0.00458	0.01575	0.00196	0.0161	0.04394	0.00248	0.04125	0.05578
0.05637	0.0293	0.00158	0.02431	0.06743	0.00817	0.00345	0.00974	0.01465	0.00282	0.0378	0.03688	0.00102	0.02451	0.02481
0.02736	0.03166	0.00151	0.05651	0.03045	0.05402	0.00604	0.00968	0.02623	0.00241	0.0164	0.02588	0.00299	0.03352	0.03478
0.07372	0.0636	0.00246	0.04015	0.06391	0.00739	0.00445	0.01011	0.02427	0.00333	0.04905	0.0294	0.0012	0.023	0.04149
0.06302	0.06769	0.00176	0.06023	0.07654	0.0035	0.00353	0.00877	0.0146	0.0019	0.015	0.0323	0.00229	0.06109	0.02528
0.02768	0.02649	0.00068	0.02752	0.05423	0.01001	0.00385	0.00747	0.02411	0.00342	0.00429	0.03877	0.00057	0.02094	0.04133
0.02685	0.02938	0.00166	0.02517	0.0464	0.01928	0.00397	0.00739	0.0232	0.00225	0.00167	0.02706	0.0016	0.03027	0.02686
0.0307	0.02134	0.00179	0.03668	0.04863	0.00315	0.00581	0.00786	0.00896	0.00372	0.0031	0.03308	0.00317	0.0262	0.01757
0.01573	0.01735	0.00233	0.02241	0.06957	0.00511	0.00322	0.00745	0.00945	0.00186	0.03942	0.03813	0.00085	0.02572	0.0409
0.01313	0.00512	0.00296	0.02089	0.04806	0.00264	0.00759	0.01127	0.00997	0.00244	0.00984	0.04245	0.00083	0.01671	0.02687
0.01515	0.01154	0.00192	0.03542	0.06814	0.00651	0.00336	0.01171	0.00646	0.00235	0.01544	0.04555	0.00174	0.02032	0.0369
0.01759	0.01254	0.00154	0.05413	0.07573	0.01395	0.00334	0.00894	0.01494	0.00146	0.02495	0.03482	0.00234	0.04517	0.03784
0.01054	0.00161	0.00114	0.03278	0.0279	0.01443	0.00503	0.00674	0.01115	0.00215	0.01713	0.0542	0.00198	0.02898	0.03056
0.03289	0.01917	0.0016	0.03018	0.06314	0.0185	0.00382	0.00752	0.01463	0.00116	0.01652	0.02428	0.00223	0.03569	0.04384
0.02897	0.01666	0.00254	0.02111	0.0552	0.03331	0.00462	0.00795	0.01621	0.0019	0.00346	0.04684	0.00198	0.01983	0.03353
0.03063	0.01944	0.00298	0.04833	0.03085	0.0041	0.00405	0.00738	0.0127	0.00227	0.02766	0.05298	0.00098	0.02848	0.03715
0.0403	0.03451	0.0025	0.05644	0.05056	0.01291	0.00413	0.00988	0.01398	0.00185	0.01481	0.04508	0.00231	0.04229	0.07046
0.08197	0.03319	0.00148	0.04848	0.07168	0.00334	0.00418	0.00957	0.0141	0.00237	0.04101	0.02492	0.00148	0.03461	0.06545
0.01876	0.02827	0.00143	0.0254	0.07979	0.0283	0.00513	0.01352	0.02439	0.00209	0.00964	0.04933	0.00164	0.02098	0.01538
0.05088	0.02884	0.00189	0.02526	0.07211	0.00271	0.0042	0.00823	0.01271	0.00388	0.05684	0.02486	0.0013	0.02565	0.02104
0.01444	0.02299	0.00148	0.04478	0.08641	0.00182	0.00463	0.00957	0.01439	0.00203	0.0173	0.02763	0.00179	0.04065	0.02118
0.06849	0.04119	0.00246	0.0361	0.10349	0.00903	0.00453	0.00618	0.02513	0.00308	0.03119	0.05879	0.00318	0.03672	0.0444
0.03033	0.02375	0.00173	0.03729	0.03127	0.01706	0.0059	0.00369	0.02377	0.00237	0.01097	0.03889	0.00099	0.0314	0.03483
0.04246	0.03633	0.00201	0.03483	0.05581	0.0129	0.00457	0.00883	0.01355	0.00144	0.00814	0.03093	0.00185	0.03111	0.03212
0.02865	0.02011	0.00141	0.06003	0.12695	0.00324	0.00502	0.012	0.00908	0.00216	0.03494	0.03818	0.00209	0.066	0.03204
0.03358	0.03131	0.00152	0.03089	0.05742	0.00221	0.00334	0.01106	0.01828	0.00177	0.03461	0.02797	0.00083	0.02767	0.03213
0.04273	0.04706	0.00182	0.05434	0.06472	0.01715	0.00581	0.0075	0.01234	0.00194	0.02173	0.03783	0.00368	0.04312	0.03356
0.01652	0.01784	0.00413	0.02571	0.04477	0.01943	0.00534	0.00831	0.01187	0.00249	0.02457	0.02667	0.00328	0.02583	0.04243
0.02335	0.01334	0.00133	0.07042	0.07899	0.00613	0.00639	0.00678	0.0144	0.0024	0.0108	0.03146	0.00269	0.05884	0.02671
0.0203	0.03681	0.00146	0.04957	0.05504	0.02296	0.00443	0.01013	0.02695	0.00199	0.01376	0.01649	0.00222	0.04309	0.03217
0.01278	0.01184	0.00193	0.04471	0.06869	0.00126	0.00614	0.00894	0.01176	0.00212	0.0259	0.03308	0.00242	0.04031	0.03714
0.04817	0.03142	0.00213	0.0333	0.04673	0.01208	0.00386	0.0133	0.02615	0.00163	0.0136	0.03585	0.00113	0.02443	0.04162
0.01749	0.01578	0.00235	0.02061	0.04062	0.00771	0.00702	0.00505	0.01123	0.00167	0.01434	0.04488	0.00121	0.02687	0.02948
0.04397	0.0255	0.00175	0.03857	0.08789	0.00365	0.00399	0.00786	0.01295	0.00166	0.0186	0.04311	0.00144	0.02879	0.06262
0.08174	0.06128	0.00163	0.04897	0.06397	0.02462	0.00635	0.00639	0.01575	0.00243	0.00395	0.03093	0.00137	0.04208	0.05177
0.02708	0.02845	0.00185	0.0458	0.04524	0.0164	0.0045	0.01256	0.01586	0.00181	0.01714	0.03496	0.00136	0.03176	0.02365
0.05653	0.04251	0.00215	0.04022	0.05618	0.01456	0.00381	0.00792	0.02835	0.00175	0.02978	0.03275	0.00285	0.02999	0.04741
0.0499	0.02763	0.0019	0.02422	0.04775	0.00803	0.00488	0.01145	0.01887	0.0028	0.01004	0.03435	0.00111	0.01558	0.04777
0.02813	0.01554	0.00078	0.0251	0.07629	0.03068	0.00339	0.00489	0.01921	0.00165	0.02832	0.03887	0.001	0.01528	0.03193
0.02889	0.01999	0.00374	0.03811	0.06768	0.01249	0.00448	0.00523	0.01984	0.00148	0.01877	0.02335	0.00139	0.0295	0.06642
0.04417	0.05673	0.00356	0.01166	0.07745	0.02418	0.00263	0.00512	0.01982	0.00236	0.03224	0.03164	0.00123	0.0256	0.02261
0.02569	0.01816	0.0014	0.03371	0.05568	0.01155	0.00376	0.00522	0.00726	0.00149	0.01026	0.03195	0.00091	0.03086	0.02443
0.03268	0.02928	0.00138	0.01694	0.02037	0.00469	0.00275	0.00893	0.01074	0.00201	0.0267	0.04681	0.00182	0.01395	0.0305
0.01806	0.01178	0.00232	0.02101	0.02571	0.01205	0.00352	0.00838	0.01668	0.00109	0.03327	0.02441	0.00087	0.01786	0.02789
0.01573	0.01997	0.00149	0.04555	0.08888	0.02831	0.00498	0.00577	0.01713	0.0022	0.01576	0.04355	0.0023	0.05356	0.02918
0.0122	0.00903	0.00338	0.05183	0.09151	0.00545	0.00354	0.0082	0.0159	0.00201	0.00858	0.04681	0.00162	0.04404	0.03914
0.0713	0.0354	0.00095	inf	0.05089	0.00239	0.00357	0.01014	0.01093	0.00144	0.02549	0.03095	0.00114	0.02746	0.06759
0.02835	0.03034	0.00372	0.03534	0.04733	0.03258	0.00365	0.00583	0.01833	0.00143	0.01572	0.04567	0.00174	0.0394	0.05877
0.04372	0.029	0.00129	0.03268	0.07065	0.03637	0.00507	0.00479	0.01489	0.00118	0.01488	0.05456	0.0022	0.0408	0.07321
0.05291	0.0424	0.00213	0.02432	0.0524	0.01459	0.00301	0.00857	0.0215	0.00085	0.01917	0.0207	0.00076	0.01997	0.03929
0.08231	0.05962	0.0013	0.03501	0.06521	0.01299	0.00312	0.00561	0.02064	0.00214	0.01363	0.0373	0.00099	0.02666	0.03801
0.04428	0.04549	0.00093	0.02451	0.07373	0.02797	0.00451	0.00517	0.01552	0.00333	0.01088	0.02993	0.00181	0.01196	0.02205
0.09931	0.09505	0.0018	0.03171	0.07949	0.01801	0.00558	0.01125	0.01102	0.00334	0.01127	0.02695	0.00195	0.03011	0.02413
0.04988	0.04141	0.00162	0.01952	0.03868	0.02509	0.00282	0.00408	0.02457	0.00279	0.0191	0.04954	0.00169	0.01214	0.02242
0.05284	0.06036	0.00104	0.03068	0.02895	0.02111	0.00277	0.0063	0.01987	0.00195	0.01537	0.05054	0.00248	0.02843	0.04348
0.03682	0.03734	0.00109	0.03142	0.02577	0.01586	0.0055	0.01144	0.01455	0.00242	0.01572	0.04061	0.0026	0.03748	0.0424
0.04656	0.02429	0.00221	0.05363	0.07082	0.03622	0.00536	0.00586	0.01273	0.00115	0.01311	0.05222	0.00182	0.05564	0.04616
0.0655	0.05907	0.00101	0.0416	0.04356	0.05593	0.00608	0.0028	0.01191	0.00253	0.00908	0.06596	0.00224	0.03227	0.03885
0.09579	0.07371	0.00067	0.04858	0.08035	0.01131	0.00425	0.00681	0.01631	0.00101	0.02873	0.03642	0.00233	0.04098	0.05083
0.03796	0.04397	0.00138	0.03297	0.02978	0.0136	0.00343	0.00502	0.02127	0.00139	0.02074	0.04807	0.00087	0.02121	0.0291
0.09079	0.08656	0.00198	0.02784	0.03725	0.0379	0.0064	0.00536	0.0237	0.0029	0.01669	0.04716	0.00175	0.02701	0.04682
0.074	0.05526	0.00097	0.03894	0.06263	0.01875	0.00425	0.00556	0.0097	0.0026	0.01888	0.03344	0.00092	0.03938	0.0454
0.10502	0.07148	0.00139	0.02572	0.04964	0.03207	0.00528	0.00574	0.01636	0.00195	0.01295	0.05484	0.00084	0.01095	0.02977
0.04469	0.04578	0.00127	0.02141	0.02956	0.04419	0.00601	0.00511	0.00784	0.00087	0.01114	0.05035	0.00121	0.0307	0.04308
0.04873	0.03261	0.0024	0.02404	0.04049	0.02698	0.00453	0.01021	0.01646	0.00102	0.00481	0.06267	0.00049	0.01338	0.02416
0.04161	0.04254	0.00152	0.02738	0.03381	0.00342	0.00349	0.01177	0.01398	0.00167	0.02119	0.01949	0.00113	0.02898	0.03456
0.07774	0.08401	0.00178	0.03365	0.04981	0.03235	0.00464	0.0063	0.01589	0.00247	0.0195	0.03606	0.00165	0.03533	0.0424
0.04723	0.03884	0.00381	0.02477	0.04006	0.01183	0.0043	0.00788	0.01072	0.00192	0.01885	0.04258	0.00126	0.02204	0.03642
0.01152	0.00994	0.00124	0.03654	0.03586	0.0115	0.00344	0.00932	0.02198	0.00174	0.01171	0.04853	0.0011	0.02107	0.0389
0.02964	0.0334	0.00091	0.03751	0.05485	0.01161	0.003	0.00757	0.0142	0.00246	0.00734	0.05091	0.00229	0.03373	0.02702
0.04108	0.03143	0.00099	0.01435	0.04807	0.02327	0.00316	0.00405	0.00842	0.00295	0.00739	0.0292	0.00117	0.02628	0.0303
0.02229	0.01688	0.0026	0.02052	0.06909	0.00668	0.00355	0.01301	0.00926	0.00178	0.02674	0.04221	0.00217	0.02463	0.03656
0.0254	0.01477	0.00183	0.01796	0.04002	0.00875	0.00268	0.004	0.00654	0.00207	0.04374	0.03621	0.00132	0.02695	0.03957
0.0634	0.03647	0.00117	0.02483	0.0418	0.01926	0.00372	0.00835	0.02578	0.00195	0.00382	0.05081	0.00119	0.01597	0.03735
0.04691	0.02915	0.00095	0.03182	0.0536	0.01106	0.00422	0.01371	0.0263	0.00205	0.02781	0.05613	0.0018	0.03552	0.05732
0.03398	0.02177	0.00095	0.04893	0.02789	0.03626	0.00587	0.00534	0.02175	0.00346	0.03331	0.03782	0.00108	0.02501	0.04571
0.04801	0.02498	0.0035	0.03408	0.03172	0.028	0.00561	0.00639	0.01629	0.00225	0.00684	0.03408	0.00193	0.02077	0.04223
0.05346	0.03508	0.00141	0.05683	0.10651	0.0339	0.00506	0.00458	0.01129	0.00226	0.01713	0.0318	0.00087	0.05192	0.03073
0.03813	0.05002	0.0009	0.021	0.02662	0.02325	0.00366	0.00938	0.00784	0.00228	0.00556	0.03518	0.00152	0.01253	0.0236
0.02185	0.01359	0.00119	0.03591	0.07203	0.00998	0.00401	0.00618	0.01285	0.0016	0.00276	0.03716	0.00216	0.02933	0.03078
0.03894	0.04432	0.00189	0.01217	0.03663	0.02229	0.00364	0.00821	0.01999	0.00154	0.00954	0.03347	0.00193	0.00769	0.02544
0.06146	0.03348	0.00218	0.02346	0.05025	0.04694	0.00536	0.0097	0.0249	0.00196	0.0019	0.03264	0.00166	0.01825	0.03852
0.08219	0.04278	0.00238	0.01493	0.06169	0.01417	0.00356	0.01098	0.0357	0.00149	0.02797	0.03951	0.00103	0.01326	0.02792
0.07886	0.078	0.00144	0.01704	0.01483	0.01326	0.0037	0.00368	0.01406	0.00242	0.01235	0.01972	0.00211	0.01159	0.01495
0.03759	0.0233	0.00163	0.03594	0.05002	0.00728	0.00336	0.01149	0.01567	0.00145	0.03727	0.02378	0.00099	0.02684	0.02209
0.02024	0.01787	0.00205	0.01521	0.02971	0.00423	0.00305	0.00974	0.01326	0.00266	0.01757	0.02267	0.00093	0.01479	0.0229
0.07802	0.04352	0.00219	0.04351	0.07091	0.00963	0.00291	0.00625	0.02474	0.00193	0.03309	0.03952	0.00144	0.03002	0.04321
0.05178	0.04259	0.00192	0.02668	0.04423	0.01571	0.00371	0.00644	0.01744	0.00132	0.01771	0.03385	0.00089	0.02666	0.03795
0.06628	0.03534	0.0022	0.02365	0.03769	0.01745	0.00344	0.00966	0.0316	0.00236	0.01655	0.04532	0.00118	0.01442	0.02797
0.04831	0.05536	0.00288	0.04825	0.07367	0.01896	0.00233	0.00798	0.01599	0.00301	0.01334	0.0348	0.0007	0.04395	0.04349
0.02531	0.01618	0.00108	0.02595	0.05577	0.01948	0.00355	0.00477	0.02406	0.00248	0.00887	0.04288	0.00094	0.03771	0.04114
0.02461	0.03101	0.00185	0.02963	0.04362	0.02589	0.00383	0.00576	0.01943	0.00133	0.00747	0.04248	0.00085	0.01696	0.02867
0.03833	0.02681	0.00155	0.03003	0.0301	0.02303	0.00482	0.00425	0.02322	0.00168	0.01879	0.05627	0.00105	0.02062	0.03747
0.03355	0.01444	0.00123	0.03343	0.05233	0.01326	0.0035	0.01299	0.02848	0.00223	0.02838	0.03002	0.00241	0.03758	0.0339
0.02512	0.03883	0.0027	0.03511	0.04668	0.02136	0.00307	0.00562	0.00973	0.00225	0.01666	0.02995	0.00127	0.03017	0.02958
0.02504	0.02096	0.00146	0.04437	0.0538	0.00502	0.00579	0.00814	0.01477	0.00184	0.05758	0.04553	0.0022	0.04403	0.03389
0.01512	0.02014	0.00215	0.05821	0.0553	0.00711	0.00388	0.0099	0.01185	0.0018	0.03693	0.03562	0.00089	0.05501	0.04387
0.03851	0.03332	0.00114	0.04557	0.08488	0.00457	0.00408	0.00985	0.01451	0.0017	0.02092	0.04589	0.0009	0.03346	0.05336
0.05948	0.06071	0.00152	0.04522	0.08429	0.01729	0.00471	0.01145	0.02664	0.00071	0.02957	0.03336	0.0012	0.03542	0.04077
0.02903	0.03319	0.00135	0.05192	0.06411	0.01713	0.00381	0.00957	0.01524	0.00232	0.02773	0.03116	0.00131	0.04286	0.03984
0.02751	0.01868	0.00105	0.05764	0.04426	0.03288	0.00509	0.00539	0.01408	0.00175	0.03453	0.03533	0.00065	0.02591	0.05043
0.02271	0.01476	0.00224	0.04125	0.06039	0.0245	0.00621	0.00486	0.01467	0.00455	0.02302	0.03161	0.00218	0.03259	0.02984
0.07039	0.06246	0.00166	0.03278	0.07537	0.03035	0.00506	0.00531	0.0181	0.00322	0.01226	0.05322	0.00165	0.02053	0.04331
0.02499	0.01081	0.00109	0.0638	0.0724	0.01192	0.00309	0.00966	0.01413	0.00217	0.01214	0.04733	0.00251	0.05077	0.07306
0.053	0.05562	0.00107	0.07222	0.06655	0.04777	0.00397	0.00957	0.01713	0.00211	0.02254	0.02892	0.0017	0.05149	0.05891
0.03454	0.02748	0.00103	0.03489	0.05013	0.02133	0.00397	0.01003	0.0246	0.00325	0.00366	0.04374	0.00142	0.03403	0.02522
0.0428	0.05014	0.00193	0.03913	0.04429	0.03926	0.00526	0.00567	0.01359	0.00419	0.01999	0.04852	0.00252	0.03505	0.04992
0.03747	0.03092	0.00304	0.03345	0.05548	0.02598	0.00678	0.00453	0.01762	0.00234	0.03471	0.07641	0.00149	0.02648	0.04924
0.03604	0.0281	0.00169	0.01768	0.0409	0.03579	0.00463	0.00753	0.02254	0.00129	0.00862	0.03898	0.00198	0.01159	0.03311
0.03626	0.03482	0.00102	0.02164	0.04782	0.03422	0.00275	0.00576	0.03372	0.00264	0.00707	0.05804	0.00083	0.03134	0.05067
0.02364	0.03144	0.00121	0.04032	0.08269	0.02265	0.00329	0.01079	0.02119	0.00199	0.03307	0.05088	0.0015	0.03313	0.03714
0.01196	0.02505	0.00246	0.02782	0.05232	0.04188	0.007	0.00338	0.03076	0.00442	0.01087	0.05046	0.00202	0.0239	0.03573
0.0532	0.04451	0.00136	0.04147	0.06436	0.04202	0.00761	0.00562	0.01001	0.00267	0.00337	0.05198	0.00102	0.02993	0.04444
0.03384	0.02715	0.00203	0.02675	0.04551	0.01007	0.00376	0.00565	0.01252	0.00182	0.00571	0.03806	0.00086	0.02062	0.03204
0.0469	0.03651	0.00185	0.01714	0.06271	0.01735	0.00413	0.00511	0.00959	0.00263	0.01298	0.02017	0.00131	0.01592	0.01974
0.01777	0.02042	0.00247	0.03511	0.04866	0.00766	0.00407	0.01071	0.01381	0.00247	0.00486	0.04326	0.0009	0.02781	0.03956
0.05206	0.03313	0.00144	0.03896	0.0891	0.01495	0.00419	0.00408	0.02423	0.00164	0.00485	0.04131	0.00177	0.03562	0.02927
0.03306	0.03938	0.00171	0.03538	0.07162	0.01069	0.00305	0.00571	0.01036	0.002	0.01738	0.02794	0.00177	0.03564	0.03891
0.03257	0.03405	0.00189	0.03319	0.09227	0.01943	0.00359	0.00337	0.01544	0.00266	0.00385	0.05287	0.00155	0.02504	0.04891
0.00925	0.01446	0.0014	0.02928	0.05715	0.0153	0.00323	0.00322	0.01967	0.00198	0.00329	0.0338	0.00174	0.0337	0.04443
0.04214	0.0442	0.00117	0.03333	0.0927	0.05895	0.0039	0.00356	0.02874	0.00188	0.00488	0.05245	0.00182	0.03314	0.04144
