mass_1	mass_2	phase	time	distance	a_1	a_2	tilt_1	tilt_2	phi_12	phi_jl	theta_jn	psi	ra	dec
7.229489673169261	6.938005388414358	0.5088850191299122	7.433386373162604	0.6272524406670054	0.5849821054074842	0.4965193858899278	0.19325781050049323	0.1403244476159785	0.5025842398544009	0.599774343246941	0.7143533487980134	0.5045774991661792	1.1113536698502378	1.722546244272739
6.9710090828878135	6.914089830592354	0.5159789768647045	7.527111745453241	0.6417362791786607	0.5693248736642988	0.5049295235776768	0.19210807724334447	0.14196874847715363	0.49633733279389747	0.5892810620968474	0.7470643355842227	0.5282486245078324	1.2138113458765496	1.7428331430137722
6.716400079775693	7.111099178163547	0.49708211819253667	7.484260824832876	0.642769593571919	0.5697711877110404	0.5059760319381653	0.18888968570182257	0.13471259955662404	0.5175732240440145	0.5953439860625892	0.7660711983833886	0.5528512752454106	1.1398387606711449	1.7888317415064643
6.965105009441619	7.414791242722897	0.5081064062345831	7.590867239948758	0.6262976084194293	0.5394911215786354	0.5286161994506908	0.1839038851716373	0.14290160834043544	0.5133726801100313	0.593267499641079	0.7370878551238219	0.5427070481383748	1.201710023422195	1.75670825716999
6.548973251319399	7.087438182027364	0.5091822255595906	8.072803509810266	0.6717566263306401	0.5651093357446909	0.5234640513222241	0.19034368769238122	0.15967881266287282	0.5178114676557347	0.5728234008633385	0.7737321520383895	0.5255396696480467	1.153733908502752	1.6568593803023697
6.6659375568325485	6.930424514199574	0.4930450886113867	8.807587761113426	0.7364247818904257	0.565088598516681	0.5062630376802355	0.19097169662897398	0.15526242139595325	0.5110529596912675	0.5856750126285878	0.7980934925601595	0.5153941367540088	1.2270085600497056	1.731687320899663
6.970659564578183	7.289509318842165	0.49848462989166753	8.937810310295706	0.8173846051115805	0.548422443862699	0.5152616321425643	0.18270967478493716	0.14668465437015704	0.4833921225265199	0.5868306519186857	0.68920900595912	0.5261083327997471	1.3011458011577688	1.6762754612578357
6.01709976423258	6.9088321872331475	0.5020387307286138	9.84555041199598	0.8063789875607974	0.5856118512217656	0.5247899662128546	0.18452247745828598	0.13700172796382484	0.510283406501091	0.5785506733784533	0.6604164944989902	0.5363107417791634	1.2793616176688039	1.6143521054170915
6.267518756425588	7.4733160596874795	0.5021839039454602	9.925142939589621	0.8221620225893878	0.574023273368354	0.5140198273763426	0.1846493816371184	0.1378806196629836	0.514903477261194	0.5877623720256534	0.6726847798355277	0.5221656499070642	1.347529043295739	1.4898260432756423
6.420212348162085	6.754368340104238	0.504913565202643	9.829610830633113	0.8800409936234438	0.5689138166145896	0.5091278164827537	0.18088924212457325	0.13699028690548518	0.5136133420840827	0.581282384141887	0.6388429720699941	0.5375175804668035	1.2651182054855477	1.6222611518738657
6.583821115060015	6.679771604620136	0.501700496728906	8.159688649068011	0.8416428058816154	0.574605310483251	0.5085750369244056	0.19030055200006113	0.13654320831230107	0.5084930819509385	0.6006379572281729	0.5968335481333036	0.5187266599722813	1.3168618095963658	1.478402949281845
7.117857205901413	7.292702984013174	0.5055963577349304	9.924691819253422	0.8403444436008768	0.5689702615350819	0.4962433965044129	0.18460076909859863	0.14194021586332672	0.48328126487871925	0.5753127316428137	0.5470569262202046	0.5235737456109113	1.5120977658870025	1.3176233518947604
5.680748181061893	6.745899718040594	0.5003708618114885	9.48000837078284	0.8486455094857166	0.5820243832521429	0.497048424586296	0.1885789828372184	0.1361822428752542	0.48901961972901703	0.5927899548045926	0.5767405122257028	0.5321445580272696	1.5224821618059652	1.4049924040447075
6.097197392271409	6.328614769728358	0.4867528120508503	9.98272186589589	0.8017578093076497	0.536767616856934	0.49341365721567637	0.18096526902828353	0.14648807478052583	0.5042480429578033	0.5973811331109897	0.7254950498838507	0.5333484457720464	1.3662352899211168	1.4004732599568812
6.799475339436797	6.046467732613062	0.5001707793134754	9.91172906936289	0.7972590620590647	0.5307053277246476	0.5056432296171322	0.18400897297604862	0.13430187524641785	0.4958394380486869	0.5855968914374157	0.5964842017681217	0.5196521233580466	1.2453374969812878	1.4064759398188902
7.014115132633584	6.132213839102741	0.4842634599926598	10.996168013287704	0.780742108319541	0.5521376532971781	0.5126876042993973	0.18001453831855815	0.14279874073521567	0.5099182785705312	0.5890489535921135	0.6523905491737967	0.5372271606469903	1.633942953223056	1.1340026715315523
7.324532801517526	6.405708973724185	0.47617803727149494	10.995003356666002	0.7806322843121299	0.5452510273906712	0.5057797812769523	0.1862457837878692	0.13997377445541534	0.5072222410877095	0.5781847884044187	0.5985222294239005	0.5273713239368485	1.6448872001939028	1.1140298440055751
6.444375809034765	6.1878927520872455	0.48256685633013796	9.469468254640592	0.7918350567141986	0.5733218783275261	0.4960351504369952	0.18065597101329256	0.15411334142275251	0.49632103582165743	0.5582044026074496	0.5180346239361493	0.5188946519347613	1.4766152055033757	1.1367860359974438
7.285663512978076	6.91106049097578	0.4758438881580243	9.547031189245063	0.7900228946929787	0.5616850868400065	0.5002785438641566	0.1936280059579276	0.1443933370811586	0.486518231618088	0.581824502681792	0.47825410904527615	0.5083835219805432	1.6014568719741933	1.1598343920369407
6.281113185929423	5.77475689578747	0.4427079498269323	8.664610777358904	0.8015846671835578	0.5175582331545467	0.4907371184197768	0.19451105922579484	0.14446243159966332	0.47767815225924726	0.5489408745221899	0.4109898520214703	0.4886576097273833	1.4822369891257632	1.1912000240180693
7.1410875355196	6.179678261243874	0.43307744028183537	9.317272214221303	0.8110780597944715	0.49734030476471186	0.48841302448618823	0.1853246823774599	0.148777163344118	0.49988391435522894	0.5279198856306105	0.3835202834021915	0.5532800858555713	1.6027527813158824	1.3619366404633413
7.134974386383051	6.366040428734831	0.4239251745741456	8.352846195438293	0.7930942738052048	0.5131583773596736	0.5046895364567006	0.18923832804674343	0.14193557718549765	0.46797726060779654	0.5370959626793603	0.4031626092811649	0.49529868796559534	1.7099207557454343	1.1213216525441219
6.367138514711362	5.972777540788006	0.3752171560063748	9.21269235003795	0.7944334362831327	0.5011663620913167	0.49292564091208796	0.18607760488638708	0.1502299688810263	0.4823448065865132	0.497119621055249	0.5343647450987441	0.5166521948025299	1.689352917732062	1.1489993424764116
7.406063140088804	6.747189433899653	0.39955851464383557	10.297865389337105	0.7897677372974684	0.49999630567358094	0.5061042111954762	0.186371108900264	0.14434227455789062	0.5233324508040418	0.4491897862081457	0.36817791283675944	0.488013467248129	1.4393495964825225	1.3047824225135525
6.514490084093627	6.1868123554107175	0.3671773559740874	9.584505746673969	0.7606239549997202	0.47413892467211577	0.5171714109173298	0.19127191620334527	0.1513133255784895	0.49855290560508636	0.40745901932629214	0.5454825748034617	0.5150895742404059	1.7168581762355744	1.339523996299318
6.687279752533002	5.612864545052766	0.3340627703749592	6.8827680496151	0.759815405764138	0.4817895090917959	0.5081941767812975	0.19542339031166228	0.14462950375244063	0.4998887118736418	0.37394698104679935	0.448503366302936	0.47330567637263965	1.5314435508745312	1.1742150113384033
7.107209528255152	5.644026372960236	0.28645987612394047	9.10829847944669	0.7598464998433995	0.43674555380111657	0.4884498132481537	0.201978217667347	0.13145613289234234	0.4837868413144189	0.309220213700804	0.4735503960221955	0.446123322173006	1.332998770866934	1.4619030156717594
7.311544613284719	6.174765377611863	0.24206024945970586	10.397289313021275	0.7499903069285302	0.4056861321922745	0.48614193032414804	0.17617541492277206	0.14220031635776925	0.48487782273804575	0.27804756436660444	0.40265277327046345	0.4597444599372332	1.5280884832347308	1.2668310897912067
7.776753000290952	7.003299618846894	0.21578425678606197	8.314422378858556	0.7704323398375473	0.3758078843897647	0.4636903096147532	0.1762019595700592	0.1470532035560459	0.4923962338470212	0.2671530331453532	0.38604902692439963	0.4460408381046566	1.5829361327847526	1.2264333711894169
6.7110949637460875	6.543269641253208	0.20746875599743866	8.912424339425353	0.7824693814594388	0.3565042032936313	0.4703215241384832	0.18723818820905105	0.14907066119016382	0.44525794969435256	0.24655168139138664	0.33332953519858294	0.4247425977827319	1.5959737321263197	1.1972233378834658
5.261751156047984	5.6191291538685535	0.18863689243274265	8.174006614603918	0.7634049294031765	0.3364565170335172	0.46891940412220645	0.18704866987354066	0.14432571295286703	0.45502069784267407	0.22457696611251035	0.31844842309869736	0.40486885601198336	1.2797527252017802	1.2894662173233151
7.83696001005138	6.351747370655469	0.1684625418709549	8.063832322839207	0.7503599599234225	0.28502337410348294	0.44915528170386154	0.1842616871690286	0.13836993733308017	0.4210463045407612	0.23794316251466718	0.4227047273818857	0.40344531983155846	1.574487801664064	1.1839015629680145
7.344938022001348	6.8269418252776495	0.16574993774178967	7.721440106376256	0.7795136236889044	0.27060255858916105	0.42742764924209387	0.19149618627151527	0.13637299209378242	0.4402564073859999	0.20871271873476965	0.4024746697380444	0.36797474264042895	1.4030448380688536	1.2977117997384982
7.732388140155752	7.344245697039187	0.15026937272473545	10.125514764843118	0.764302678646648	0.2525238047497058	0.4357976816690057	0.17344890530194607	0.1501789847537653	0.4081925450263546	0.19718387117615793	0.467657265836951	0.37243467244366135	1.2172646113276646	1.4845671185370473
6.494220080565973	5.655421768917864	0.14113695678085228	8.589014658914241	0.7477114882987485	0.23739496121730702	0.38454752644896023	0.17485992384041452	0.14675407162352905	0.40327018072790977	0.2241837091334386	0.3581483647759088	0.36039436209745246	1.105561687014076	1.474102234761225
7.322549666423393	6.389333912261612	0.13484296228614728	10.14558743151069	0.7627256346774273	0.2277271084375387	0.36154176961637247	0.17488357654820386	0.1382992855887559	0.38578517656389305	0.19919829862095154	0.41454315241403394	0.30112196091896665	1.1683699191172077	1.2943230080861796
9.199959554864211	7.07518162637546	0.13040445564419056	10.110874584408824	0.7533759198246336	0.2051295698669847	0.327230283060977	0.18862023117047438	0.1390903588725285	0.36274791355999686	0.18845065523815133	0.4005864515062314	0.2846476366453709	1.2843247651686545	1.2689047997494998
8.293000224369752	6.303312322563097	0.12496229621624284	8.988103456889261	0.7590966950182642	0.22207747809687395	0.33547516792961396	0.1698505893292932	0.14533357731300187	0.3454951787493716	0.1992835809123326	0.5499672879636038	0.26050096877769136	1.1400695814302266	1.3721654481685788
7.709443782619412	7.133003392222004	0.12550184708009815	9.474097461193365	0.74358172479677	0.19564096362035174	0.3190438108020151	0.17527547206942679	0.15103333573194852	0.3107137526641524	0.17941118120653793	0.5965259275357725	0.23823359215782938	1.0365583681220694	1.3808636174514124
7.814008002418258	6.457846477540745	0.12604927495337048	9.173038843964337	0.7519064006524362	0.19297852001307428	0.30280835179336857	0.16934230850098583	0.14514428662272164	0.2868930679795924	0.17795619372398405	0.34791563196446224	0.23170887666955492	1.1811054117821658	1.3111227884236378
7.095510110954704	6.487085808958904	0.12201172108494787	8.56531495835155	0.7484558370006738	0.19664998241297088	0.28148748385904526	0.18639808099167487	0.14848053426863117	0.2857426106487138	0.166508620575066	0.4181941712059285	0.2044765908007654	1.1784532722834877	1.1685261730795948
5.707186650065934	5.734120676259281	0.11944523069786593	9.053190565004952	0.743636669701805	0.20204948911448342	0.2626025186377918	0.17884427444415815	0.1377758655782199	0.22897141038528743	0.1817866741547715	0.34515069741322907	0.19912903679224764	1.197953943482356	1.3157012692672916
7.037103512279796	5.55556888113356	0.11687579395327598	9.566313920904518	0.7356128673193965	0.20779471368311295	0.23823186311831274	0.18172864368622177	0.14447116731586138	0.20993609653393855	0.16536295210828805	0.3720596574737406	0.1987215334634916	1.2375461204682927	1.315256480928166
7.892918467379366	6.74918163574093	0.10823478713123862	10.610989407872333	0.7496858750920967	0.19211518773824487	0.23586100095318902	0.18526604285585896	0.14400994376063528	0.19941802520053437	0.1628791562111928	0.4535395526471905	0.17618540512540426	1.1703707501075638	1.3934862724617754
7.628166378258307	6.026141631818911	0.11790286158311714	7.968893229347161	0.7539941433850408	0.18980734552713796	0.2340632791710211	0.18461804563023207	0.1403597147856391	0.20382631122551942	0.1603837276936116	0.4013579062821494	0.17610538031558648	1.3374218173697363	1.1219005441055991
7.395806223440905	6.350108563818705	0.11708869310136068	8.95609401092808	0.7331458910330918	0.1955636708487778	0.21878399344586888	0.19042106585373794	0.15176668553966846	0.18214161312502516	0.1680597994117899	0.2725812697498058	0.16460015924855498	1.1433418861222036	1.3921653102067866
7.623474044645769	6.562583096971156	0.1183304198625426	7.949665127648469	0.7345889428257149	0.180701946553681	0.192601644208839	0.1713456174997514	0.15675947082048247	0.17611647589571713	0.15234191808278447	0.37826093129706906	0.17300789240044254	1.156825858630854	1.5867769032676438
8.448420477662701	7.202620211426063	0.11597581351632531	7.218383292355264	0.7660210243625396	0.1797652856351017	0.19477097861650827	0.17017723966270984	0.1501164112143918	0.15738310256838986	0.1512291755832752	0.4319300315537121	0.1538564816028611	1.2294383966901483	1.4388535726407679
7.224854830740302	6.435498906306397	0.11527435633808908	8.4508615632307	0.7467825622470391	0.18284396911468506	0.19918867787821856	0.19289729663273597	0.1559612821998057	0.166231352668219	0.15577101461712392	0.3873311465829289	0.1624387410239264	1.164559649860011	1.3026016778040945
6.715316293906958	6.265510915501717	0.10935400153738363	8.508203341157564	0.7540794154994641	0.18256621297208717	0.18156757587084046	0.1697104395259158	0.1435341385315032	0.15462019417493436	0.15543114167405056	0.3204068443345126	0.14678637707839068	1.2335241044017389	1.4924352623536599
5.883018550052024	6.019187615996157	0.10063857737095121	6.15887546375541	0.7488012285419656	0.17884004200435816	0.18300185033250718	0.16421574236861664	0.13940645467089416	0.15020683683065375	0.14107750041068465	0.4165316134673699	0.14936232820469225	1.1369918833103416	1.2823381513899064
7.325342412730451	5.86493450878354	0.10323379302381692	11.648590950727714	0.7303782773786603	0.1824159970247841	0.1663067797924355	0.15368616858419654	0.15297625950670096	0.15028137733713418	0.14822856682457156	0.47688051978776663	0.1401134934359753	1.2489713036079797	1.5005155470799376
8.003181875706797	6.59289256543085	0.09546405056364948	8.813139088210054	0.7581427677795073	0.1720359200142519	0.17044828568478534	0.14877654364311999	0.13376821775265346	0.14076789218324032	0.1474198197840973	0.44080822008263654	0.13763187748711203	1.2979480587419812	1.4313174299737623
6.76593824286721	6.164857929580465	0.10338655274847873	8.553545975781427	0.7499428748939395	0.17641495244462613	0.16315715406681894	0.1799411591190803	0.14317284691100537	0.13603885687300957	0.1400949573555673	0.3832125381809793	0.1293327459115216	1.2794387230024462	1.4345192840970824
7.835946164344399	6.269957542591292	0.10100110635406433	8.811287937714447	0.7393454081881476	0.17194816577777147	0.1653410246863831	0.16395983135402614	0.1422669400453866	0.12995336897045323	0.14464108432308243	0.486401377660495	0.12656175868325306	1.3344218748664147	1.289216157234742
6.625286749495333	6.348111706780593	0.09878911802827506	10.894514681798466	0.8110361702481	0.16452120870816256	0.1549121318510405	0.1652050800264181	0.14066720881050088	0.13250822781768692	0.13585788969340318	0.4286223797994312	0.1262207964903878	1.172564787508764	1.3056133572528952
7.014297444683741	6.246430793524817	0.09588168470308381	8.671155844978731	0.7454053425770368	0.1651180469173016	0.1530680467206539	0.16894439259657068	0.14795904496902357	0.13051754527984297	0.12526618571699444	0.5618235544213267	0.13658418629201358	1.3673357503911192	1.2829676993955887
7.91063811189745	7.223831854356486	0.08824092903050335	10.870469452607338	0.7625948862327971	0.1592299628505245	0.15098123689957701	0.17368845681693668	0.1467564176967444	0.13416857127099227	0.13686128349471688	0.366561834056138	0.13157532366332886	1.4086256516230284	1.3731441506450084
9.183057918275777	7.432851395907659	0.08796248925776756	8.183962248537371	0.7501883204776727	0.15587255277191037	0.13948468751843798	0.17184797645777006	0.14483590314182665	0.12664959719980515	0.1359141120511696	0.46100727804710845	0.13626994132738565	1.3898719605893444	1.198317813497151
7.895566393289041	6.744264682817634	0.08917986599647684	5.381267267496236	0.7429549715967357	0.16678926058083976	0.1383547996233917	0.18741443186990278	0.13981112256172126	0.12582443089986295	0.12876847443718042	0.2946888987808159	0.13396482793260606	1.2721823198895772	1.3772124521359648
6.062365572412033	5.622314462475275	0.08889558548534589	6.757296256431741	0.7601634266687142	0.17324794852393935	0.12996973376983498	0.20185008406439212	0.15156071430896303	0.10623998484311085	0.13099516621477894	0.39484021560594046	0.11226078634643821	1.3889666693081686	1.3403103865990178
5.200706601497482	5.377137801156137	0.09146556472272106	8.538120272511382	0.7732494598808138	0.15655454634087584	0.14165129463317358	0.17609448994178795	0.13091739003189334	0.11007321879791687	0.13443784304880832	0.48181599392902286	0.12712629381714113	1.2204054146359855	1.377686658662127
5.993322306567182	5.743258346785005	0.07946300760582868	6.318701555389743	0.7448408511687123	0.15703384682663926	0.12449109498396498	0.17392194197372426	0.13257258398586194	0.11159384180010752	0.13382305159218313	0.35120808912081036	0.11874569597640851	1.1497352378886796	1.4318404139230358
5.537716474190649	5.343247711299436	0.08839517657877943	5.926753539227145	0.7450634414253986	0.163532352634028	0.12719489192878075	0.17753393437055956	0.13964297293368788	0.10756746946339302	0.13379713690466893	0.4289039636739217	0.11639112785755716	1.342546821411645	1.1609582127973002
7.1962820703979915	6.735233910195301	0.08027845764406856	6.5133721734842975	0.7399894274196901	0.1568885836976413	0.13384764291711082	0.16401389829286367	0.1387253426813405	0.1151928752530419	0.12726903877682116	0.48819057744444544	0.1028522079271762	1.3019845503692247	1.3625418848239936
7.695486987964197	6.432782417862743	0.0778884520238335	5.41007815745302	0.7357035409723489	0.16868819834606122	0.1231423281179787	0.19430589629863318	0.1440412127585177	0.10319079779751732	0.12032053138458144	0.4425967166247503	0.1281844001767914	1.1881321907952154	1.4403935400706425
6.0359322355456815	5.422597883374891	0.07715167485642999	6.403320557049676	0.7289244408864459	0.17171783657748224	0.11507784368294012	0.18403619849105893	0.13374625027715845	0.10180852332932848	0.12132911750495262	0.46520733506821527	0.10894773865416583	1.3599518368582613	1.3744372351226066
7.677094183471647	6.565930705221642	0.07975653565648803	8.657965537331517	0.7292015780714088	0.1606318332430771	0.11469736004880475	0.18428129802389367	0.14902235060507538	0.10589681703355992	0.12151349519377976	0.4850936535537361	0.11835807950867634	1.3475509914425219	1.1546197130197497
8.069924195418286	6.558272717210072	0.08121746028665922	9.756406510865238	0.7386140157317452	0.1650264146780413	0.1156020419274743	0.17811889007514464	0.14400011774122604	0.10240819000206997	0.12241865882747191	0.49443200240051305	0.10816269618835166	1.1540323295675026	1.437451019593351
7.904431705065533	6.397661643122583	0.07627523590204524	6.8965872612056796	0.7362443661694118	0.16684360518227584	0.1212252284938276	0.1858072571320958	0.1484093483693205	0.1099931993858532	0.12157165731719814	0.5966456142438724	0.11012421029820871	1.099824256485538	1.4252259415926938
5.832728301630846	5.094671811179508	0.07331571590686765	9.095876594347146	0.7312486309489492	0.13579534281957714	0.10790103962219995	0.1744830057673376	0.13865135822827515	0.10203102901756635	0.11384800222955306	0.4238975392009368	0.10034330818692308	1.3310194891221503	1.228392389665402
8.408392469190842	6.637803164398301	0.06802624262001755	6.687159080957091	0.7350511701575687	0.16118564608945754	0.11513351835745335	0.15880891132530114	0.13210255867733184	0.10329000429416865	0.11305198599204498	0.47316264716651113	0.10164713555925828	1.0127898262117052	1.4477359503338625
6.103424211871111	5.765070082872003	0.07313228761543981	9.251426610009542	0.7992853953914986	0.14278037983590053	0.11255954540532954	0.1739421379521465	0.15127249822116556	0.09890278517293001	0.10294154620478448	0.48351959675479145	0.10708230488863175	1.105772849313774	1.3365446920404163
6.055287459667436	4.877530840089952	0.06599450153509934	9.841998028755366	0.7165055521258683	0.14264387956573116	0.10848047020062249	0.15956511788829628	0.15807717854825626	0.09381397813760331	0.12118354019765057	0.4498250668246767	0.10282743001330226	1.2291945974280947	1.2384582039106453
5.777053830632283	5.25963094822407	0.07391749956506431	8.46704500753157	0.7122688369369402	0.1425349176702464	0.10646644609281816	0.15613294768781802	0.14318280858039856	0.09105588388675628	0.11347351608259364	0.48805709375290823	0.10416152432385979	1.2387748829853642	1.3810271096643736
6.040231215060364	4.702026247559921	0.06788040836369512	7.7370484174734635	0.7273340470844574	0.15351949668557113	0.12354854729286686	0.18033394562833863	0.13778641964891158	0.09598708936228667	0.10066338280299972	0.6190841970444145	0.10142071842252541	1.2041201290693657	1.2648053377543869
5.087406518622332	4.489159524844422	0.06901166691596246	11.805874842003673	0.7282849058640319	0.14895740850472436	0.1059625753872277	0.16209999392997848	0.15131136293016498	0.08903582632575942	0.10815095787177026	0.5302376391495912	0.09999280876987957	1.0143147257998837	1.4560518036445345
5.434990135958855	5.795607442676431	0.06915562125156674	6.922634595569435	0.7253573632840711	0.14506405841216063	0.10437475992739081	0.1644252929969943	0.13783603836448366	0.08516150582360256	0.10248501112321838	0.5278245171553525	0.09412810851965817	1.349242353396742	1.3091395272284694
6.942139402083109	6.210572761663551	0.07210440403827015	7.726778543132169	0.7423202106191356	0.1540454295691229	0.10183036574037385	0.16953541230703356	0.13609836029626604	0.09516055130168166	0.10360454297093666	0.5393265403616174	0.08565952207849277	1.2289977766177547	1.2229854576456933
6.719238390384606	6.404613890140046	0.07040254191314019	6.599707210904098	0.7448150313608161	0.14286405261068338	0.10666283313640147	0.1580893018096015	0.13392788792810428	0.0932287942304025	0.09637939508956968	0.5831609351851983	0.10136126776289371	1.1375088489506413	1.3160513333217503
5.2691260540039515	5.485606600857603	0.06041821260735601	8.273824159406088	0.7500260534353675	0.14226232694584076	0.09953745870266477	0.1711881786749023	0.14213431451424324	0.08410879641896722	0.10665978785812603	0.6540576955038723	0.08779268499909715	1.22208651758617	1.2996689493223044
8.024693637228234	5.995064167193116	0.06581718984013063	7.889963839214957	0.7337844448568729	0.13850647473162936	0.0966557869325812	0.14255691336599974	0.13273307219106104	0.09183723111458571	0.10183099144313446	0.4686960371018258	0.10025028820915266	1.3514024617620544	1.312521110415416
8.463487156288288	6.208834773554457	0.06292706103935984	9.40470545471296	0.7205705900407053	0.13677717342354373	0.1012143499279003	0.1290622907366373	0.14135848109893334	0.0933062697561126	0.09979482180970385	0.5943714692709233	0.08817792438465502	1.1690990254651787	1.3165432851655294
5.84549500630828	5.401461118860721	0.056952332503176196	7.165750430850343	0.7338654758729861	0.13977082820338527	0.09730432178680777	0.14286803316992452	0.13371157110245213	0.0863340384934092	0.10226289136745143	0.5363647619152337	0.08882201893249479	1.5643831330533013	1.1395432564836105
5.6981430088534974	6.2564121901514325	0.061493104051459004	6.716154265139464	0.7217388596163072	0.14682401682056737	0.09720589262892614	0.16836227727421116	0.14213508057661597	0.08521395342827588	0.10118478390095056	0.43910469371432026	0.0913869727165838	1.477097220513904	1.1648236628217319
6.541360152829687	5.331584549935881	0.05981202072968132	6.485345333443746	0.7243886729216299	0.13759667041792342	0.09886526341328951	0.1510018146957442	0.1390703204945274	0.08860424560904195	0.1067920213679224	0.6560006057910134	0.08122694798142469	1.3018189003988005	1.3883364245902479
8.235147306389424	5.778741469582252	0.061946344717299276	9.329402347792275	0.7148572007684783	0.13957386900669128	0.10037147147986	0.15120090566871092	0.14440763703563003	0.0842309743549841	0.09559368788273877	0.4961936403316213	0.08641388174120554	1.654390435151006	1.0736143225964943
6.90187141056477	5.6475767440871865	0.057702529709677555	9.049416121456204	0.7216399748661297	0.1443103804454672	0.0948851816470784	0.15872440371585597	0.1523492447449092	0.08058665318007353	0.10492197587345592	0.5589639277765968	0.08293526952618994	1.3653080150242773	1.2800241555586944
5.718758463317608	4.763406565527337	0.05480304383498982	6.079574890474439	0.7562183285637336	0.1434702011495603	0.08985192606522485	0.1445778968737299	0.1407810962590595	0.08856121259248417	0.10465345018392333	0.4648562680414857	0.09217975389961211	1.4634912292551294	1.3714591265164848
5.401650929422811	5.8683118840459	0.0547581075228232	6.650502049837068	0.7235052321376085	0.1376958309499864	0.09167630410465917	0.17167660512597888	0.14612013091670617	0.07828384164166784	0.10394849551279683	0.5388303028929391	0.08067075351251464	1.5349202557913637	1.2786113557286125
10.171386938506927	7.147616033825358	0.05780142340192963	8.897132165706465	0.7118248823444693	0.14748817425755936	0.1016301372862877	0.1646616619623525	0.13917754457777406	0.08667532812945133	0.09959928299575829	0.71505909543048	0.07923785678754273	1.3249415356182008	1.3227000313852435
5.422577789364346	4.915351620601284	0.052957808994587435	7.417842829627167	0.7414602002837879	0.11910557224606602	0.0906753769286077	0.1601278384149661	0.13329847793928484	0.07978939877177475	0.09624393771149013	0.4577421776186651	0.08488300417592728	1.4341893782889044	1.3084003306704526
