mass_1	mass_2	phase	time	distance	a_1	a_2	tilt_1	tilt_2	phi_12	phi_jl	theta_jn	psi	ra	dec
0.90852	0.86939	0.04561	0.60704	0.43669	0.06203	0.05505	0.1962	0.04849	0.04704	0.04756	0.16042	0.04443	0.14131	0.0894
0.91123	0.87827	0.0462	0.62396	0.43105	0.06007	0.0534	0.19649	0.04729	0.04823	0.04768	0.16301	0.04552	0.14712	0.09039
0.91134	0.86933	0.04595	0.62793	0.42088	0.05997	0.05389	0.2021	0.04872	0.046	0.04738	0.15566	0.04736	0.13232	0.08958
0.91719	0.86463	0.04678	0.64128	0.42229	0.05781	0.05389	0.20132	0.05061	0.0473	0.04629	0.14896	0.04931	0.13265	0.08742
0.91961	0.87514	0.04752	0.65436	0.42874	0.05918	0.05316	0.19922	0.04367	0.04603	0.0458	0.15582	0.04791	0.13447	0.086
0.91892	0.86388	0.04492	0.67677	0.40327	0.0618	0.05326	0.19802	0.04278	0.04686	0.0477	0.16067	0.0498	0.13143	0.08612
0.92178	0.85702	0.0458	0.58539	0.41005	0.06298	0.05502	0.201	0.04669	0.04546	0.04843	0.1644	0.04796	0.15756	0.08606
0.91662	0.84528	0.04511	0.57732	0.40444	0.06208	0.05436	0.2076	0.04554	0.04721	0.04588	0.1805	0.0478	0.14917	0.0875
0.90961	0.83745	0.04507	0.56235	0.43499	0.06101	0.05628	0.2081	0.04968	0.04486	0.04816	0.17326	0.04738	0.15315	0.08664
0.91878	0.82693	0.04631	0.52928	0.44518	0.05995	0.05595	0.21111	0.04942	0.04552	0.04868	0.1612	0.04584	0.15584	0.08915
0.92262	0.86406	0.04497	0.58274	0.3845	0.05884	0.05424	0.20468	0.04306	0.04667	0.04587	0.15922	0.0468	0.15656	0.08854
0.91945	0.8722	0.04506	0.46089	0.41398	0.05788	0.0521	0.2134	0.05138	0.04575	0.04495	0.17774	0.04626	0.14887	0.09131
0.92472	0.86777	0.04435	0.52168	0.39152	0.06096	0.05157	0.20356	0.0502	0.04543	0.04593	0.17763	0.04468	0.13533	0.08787
0.91473	0.81684	0.04361	0.51475	0.45855	0.06094	0.05455	0.20591	0.04864	0.04598	0.04674	0.1668	0.04538	0.15356	0.08343
0.92579	0.86818	0.04201	0.41659	0.41576	0.06176	0.05327	0.20505	0.04875	0.04621	0.04535	0.16329	0.04553	0.14622	0.08517
0.92153	0.87331	0.04296	0.42512	0.4206	0.05743	0.05481	0.20269	0.05056	0.0451	0.04565	0.1478	0.04587	0.14367	0.085
0.92707	0.88482	0.04149	0.43276	0.46672	0.05892	0.05135	0.1954	0.05433	0.04507	0.0449	0.14983	0.04473	0.14339	0.08277
0.92347	0.89683	0.04113	0.59011	0.45092	0.05974	0.05078	0.18912	0.04639	0.04473	0.04292	0.15837	0.04374	0.15133	0.08062
0.92506	0.88877	0.0397	0.48243	0.44579	0.06217	0.05234	0.19276	0.05121	0.04487	0.04337	0.1632	0.04263	0.1449	0.07866
0.92766	0.86934	0.03755	0.47022	0.4183	0.06039	0.05699	0.19597	0.0553	0.04422	0.04078	0.14055	0.0417	0.15803	0.08395
0.92318	0.88642	0.0367	0.57572	0.46855	0.05997	0.05235	0.19214	0.04546	0.04462	0.03841	0.15679	0.04351	0.19522	0.08757
0.92215	0.88099	0.03392	0.54642	0.4828	0.06464	0.05246	0.19414	0.05311	0.04318	0.0385	0.1445	0.03989	0.16437	0.07953
0.91915	0.83921	0.03402	0.52371	0.53389	0.0624	0.05006	0.19902	0.05251	0.0443	0.03588	0.18403	0.04163	0.14839	0.08025
0.91873	0.87747	0.03175	0.51273	0.54609	0.0598	0.04871	0.19811	0.05464	0.04442	0.03443	0.16236	0.03995	0.1615	0.07962
0.9219	0.86198	0.02972	0.47795	0.52433	0.05757	0.0505	0.201	0.05583	0.04279	0.03082	0.18874	0.03947	0.15804	0.07501
0.91404	0.85663	0.02669	0.62746	0.55937	0.05939	0.04987	0.20078	0.05062	0.04323	0.02981	0.17168	0.03727	0.1651	0.08194
0.92112	0.90723	0.0238	0.62508	0.5733	0.06142	0.04875	0.20249	0.05593	0.04189	0.02474	0.13743	0.03778	0.18564	0.08741
0.91293	0.91306	0.02046	0.47295	0.61765	0.05857	0.05029	0.20232	0.05289	0.04266	0.0221	0.14215	0.03695	0.17079	0.08053
0.91144	0.85897	0.01945	0.49747	0.57473	0.06623	0.04874	0.21486	0.05789	0.04037	0.02212	0.17958	0.0358	0.1794	0.07682
0.91129	0.83618	0.01775	0.49697	0.57596	0.07172	0.04796	0.21551	0.05388	0.03884	0.02024	0.20361	0.03276	0.16326	0.07767
0.90794	0.83028	0.01621	0.4733	0.54093	0.06798	0.0482	0.2097	0.04965	0.03764	0.01829	0.17926	0.03164	0.17407	0.08402
0.90349	0.84162	0.01565	0.60405	0.6297	0.06759	0.0481	0.20894	0.05244	0.03754	0.01695	0.18688	0.03132	0.15934	0.08143
0.90254	0.88868	0.01498	0.5633	0.58835	0.07056	0.05005	0.20804	0.0537	0.03613	0.01586	0.18545	0.02894	0.17349	0.07899
0.90462	0.87542	0.01575	0.54713	0.5491	0.06531	0.05228	0.20606	0.0515	0.03404	0.01587	0.17497	0.02834	0.1756	0.08041
0.90648	0.88295	0.01311	0.50758	0.53433	0.06439	0.05053	0.20991	0.05559	0.03379	0.01504	0.15794	0.02564	0.14534	0.07237
0.9053	0.88942	0.01307	0.4856	0.51647	0.06313	0.04893	0.20195	0.05467	0.03218	0.01477	0.14998	0.02288	0.12808	0.07443
0.90236	0.88068	0.01243	0.43637	0.5798	0.06021	0.04971	0.20876	0.05502	0.02914	0.01404	0.14794	0.02172	0.15193	0.0786
0.90208	0.87588	0.01338	0.47485	0.61966	0.05978	0.04922	0.21235	0.05066	0.02711	0.01488	0.14949	0.02129	0.13803	0.07555
0.89941	0.86172	0.01278	0.48047	0.58553	0.06006	0.04992	0.20829	0.05247	0.02582	0.01413	0.17075	0.01945	0.15334	0.08354
0.89993	0.85716	0.01209	0.5713	0.55499	0.05604	0.05054	0.20262	0.05019	0.02345	0.01398	0.20069	0.01766	0.14015	0.07524
0.90128	0.9064	0.01184	0.4529	0.5987	0.05676	0.04857	0.19845	0.05781	0.02242	0.0138	0.15531	0.01677	0.15505	0.07492
0.90222	0.84553	0.0115	0.42864	0.56475	0.05316	0.04846	0.19676	0.05562	0.02046	0.01257	0.17136	0.01517	0.16753	0.07787
0.90406	0.88576	0.0111	0.4891	0.56141	0.05501	0.04661	0.19948	0.05262	0.01891	0.01241	0.19447	0.01576	0.16136	0.07262
0.90163	0.91856	0.01147	0.56277	0.57966	0.0602	0.04706	0.1988	0.05107	0.01863	0.01205	0.14304	0.01464	0.16102	0.07767
0.90555	0.89035	0.01057	0.46147	0.59512	0.061	0.04604	0.2002	0.05959	0.01733	0.01277	0.1675	0.01399	0.15853	0.08085
0.89934	0.87897	0.01011	0.54867	0.55916	0.05547	0.04655	0.19812	0.05529	0.01623	0.01202	0.17523	0.01426	0.15717	0.08582
0.89611	0.87457	0.01081	0.66408	0.61237	0.05758	0.04209	0.1986	0.05509	0.01544	0.01133	0.16419	0.01343	0.13868	0.0775
0.89886	0.85903	0.01016	0.61293	0.55394	0.05506	0.04293	0.20186	0.05016	0.01467	0.01225	0.18814	0.01303	0.17271	0.08304
0.90025	0.88395	0.01025	0.46931	0.58026	0.05698	0.04455	0.19659	0.05278	0.01449	0.01189	0.1546	0.01322	0.17687	0.0701
0.89569	0.8641	0.00959	0.65512	0.59594	0.05651	0.04419	0.21302	0.05221	0.01447	0.01185	0.17544	0.01217	0.14677	0.06946
0.89351	0.86791	0.01079	0.47155	0.61359	0.05798	0.04338	0.19635	0.05671	0.01303	0.01128	0.18822	0.01164	0.16621	0.06711
0.8978	0.87396	0.01022	0.60828	0.58489	0.05695	0.04273	0.2008	0.05206	0.01348	0.01109	0.15252	0.0123	0.16061	0.07022
0.89493	0.87405	0.00941	0.52973	0.58157	0.05721	0.04223	0.21039	0.05476	0.01315	0.01133	0.18152	0.01177	0.19467	0.07282
0.90321	0.91035	0.00978	0.51048	0.53117	0.05496	0.04279	0.20198	0.04946	0.01289	0.01067	0.1435	0.01157	0.17365	0.06861
0.90013	0.87183	0.00925	0.50665	0.61316	0.05615	0.04205	0.20637	0.05236	0.01301	0.01032	0.17214	0.01085	0.17148	0.07496
0.9011	0.87627	0.0093	0.56932	0.52495	0.05273	0.04296	0.20193	0.05374	0.01201	0.01038	0.17289	0.0111	0.17423	0.07556
0.89494	0.87083	0.00884	0.55594	0.57926	0.05515	0.04149	0.21074	0.05353	0.01187	0.01005	0.16705	0.01088	0.18847	0.08436
0.89678	0.89817	0.00847	0.49437	0.47527	0.05708	0.04399	0.1877	0.05468	0.01238	0.0103	0.16462	0.01055	0.19459	0.0835
0.90078	0.84787	0.00916	0.58842	0.55197	0.05282	0.04253	0.20799	0.04943	0.01265	0.0104	0.21565	0.01176	0.17557	0.06561
0.9112	0.88983	0.00861	0.72165	0.51832	0.05496	0.03893	0.1991	0.05314	0.01138	0.00953	0.20123	0.01062	0.1959	0.07746
0.9081	0.90604	0.00858	0.67666	0.55184	0.05573	0.04275	0.17571	0.04808	0.01147	0.00949	0.16673	0.0102	0.17551	0.09105
0.8963	0.90136	0.00868	0.48075	0.5137	0.05723	0.04196	0.19002	0.04645	0.01096	0.01006	0.15074	0.01011	0.19195	0.07342
0.89339	0.89244	0.00828	0.56298	0.55273	0.05081	0.03846	0.19098	0.04815	0.01099	0.00931	0.1473	0.01015	0.19318	0.08996
0.88656	0.85846	0.00857	0.64029	0.51007	0.05271	0.0396	0.19066	0.05198	0.01089	0.00914	0.1803	0.00921	0.18144	0.08042
0.89508	0.91056	0.00827	0.7292	0.55021	0.04845	0.04001	0.18614	0.05075	0.01065	0.00935	0.1767	0.01011	0.18638	0.08178
0.90351	0.90669	0.00818	0.78286	0.56126	0.05373	0.03813	0.18989	0.04874	0.0108	0.00865	0.17337	0.00996	0.15979	0.07607
0.90659	0.86373	0.00826	0.58249	0.47993	0.05485	0.036	0.17581	0.05087	0.01026	0.00899	0.14814	0.01003	0.17319	0.08534
0.90777	0.87817	0.00773	0.5747	0.558	0.05568	0.03981	0.18201	0.05291	0.01041	0.0096	0.17393	0.01014	0.17503	0.07892
0.9103	0.89824	0.008	0.59168	0.52398	0.05613	0.03971	0.1828	0.05267	0.01064	0.00899	0.17558	0.00987	0.16859	0.09357
0.8926	0.93017	0.00818	0.64258	0.55373	0.05082	0.03922	0.17778	0.0502	0.01067	0.00833	0.16955	0.00918	0.18026	0.08844
0.88371	0.91442	0.00752	0.76456	0.58919	0.05546	0.03849	0.18571	0.05217	0.01047	0.00835	0.17126	0.00919	0.17714	0.08978
0.89491	0.93251	0.00739	0.58946	0.5342	0.05034	0.04048	0.18888	0.05088	0.01024	0.00823	0.13095	0.00852	0.21831	0.09181
0.91201	0.88808	0.00755	0.58537	0.60629	0.05265	0.04028	0.18233	0.05	0.01026	0.0079	0.19825	0.00934	0.20633	0.0991
0.9023	0.91257	0.00768	0.66783	0.5732	0.05463	0.03966	0.16762	0.04829	0.00955	0.00848	0.19318	0.00934	0.16435	0.07003
0.89649	0.86398	0.00688	0.6998	0.48898	0.05	0.04004	0.17567	0.04793	0.00936	0.00814	0.1881	0.00885	0.16439	0.07998
0.89282	0.91132	0.00688	0.72949	0.50688	0.05386	0.03983	0.16824	0.04683	0.00906	0.00797	0.14125	0.00877	0.19032	0.09896
0.88622	0.9143	0.00673	0.59795	0.56465	0.0513	0.04027	0.18784	0.04566	0.00911	0.00813	0.19371	0.00823	0.16924	0.0677
0.8939	0.93302	0.00756	0.42612	0.55407	0.0581	0.03899	0.16858	0.04847	0.00895	0.00811	0.15142	0.00832	0.25963	0.10086
0.90872	0.93613	0.00691	0.48053	0.5701	0.05664	0.03526	0.18515	0.05219	0.00881	0.00747	0.14972	0.00852	0.22763	0.1028
0.90782	0.90283	0.00677	0.61877	0.53	0.06042	0.03828	0.18473	0.05246	0.00884	0.00725	0.16536	0.00854	0.17979	0.09522
0.92298	0.93729	0.0067	0.54915	0.48514	0.05703	0.03749	0.19788	0.05271	0.00921	0.00648	0.16845	0.00858	0.22572	0.08504
0.92521	0.94465	0.00687	0.5018	0.58567	0.05369	0.03834	0.18452	0.05318	0.00908	0.00705	0.15829	0.00826	0.25203	0.08592
0.88979	0.88945	0.00664	0.60397	0.525	0.0555	0.03722	0.16572	0.05007	0.00923	0.00674	0.1768	0.00843	0.20657	0.08137
0.88998	0.86986	0.0065	0.54602	0.58128	0.05321	0.03935	0.16439	0.05194	0.00931	0.00685	0.16904	0.00778	0.22503	0.07909
0.88016	0.87774	0.00642	0.49643	0.57529	0.05206	0.04252	0.16619	0.05036	0.00866	0.00723	0.17066	0.00801	0.18369	0.0837
0.90954	0.91599	0.00645	0.63526	0.37634	0.05267	0.04181	0.15094	0.04706	0.00863	0.00757	0.15551	0.0076	0.2026	0.08668
0.90786	0.92066	0.00676	0.48208	0.42067	0.05585	0.03869	0.15814	0.0484	0.00857	0.00679	0.16774	0.00797	0.17439	0.07162
0.90298	0.86635	0.00632	0.62537	0.47926	0.05215	0.03878	0.16221	0.04867	0.00826	0.00736	0.15	0.00762	0.20682	0.08558
0.91524	0.91694	0.00615	0.4869	0.52648	0.05383	0.03574	0.17233	0.05096	0.00913	0.0062	0.16611	0.00848	0.193	0.07838
0.91466	0.91911	0.0063	0.71241	0.53794	0.05538	0.03764	0.17424	0.04758	0.00822	0.00641	0.14772	0.0076	0.19773	0.07648
0.91861	0.92163	0.00609	0.75844	0.58931	0.05419	0.03367	0.15752	0.04544	0.00779	0.00671	0.13168	0.00764	0.20018	0.10086
0.91025	0.92843	0.00633	0.69758	0.53141	0.05569	0.03876	0.16718	0.05463	0.00842	0.0063	0.16607	0.00809	0.17512	0.07574
0.87519	0.88467	0.00606	0.57209	0.51828	0.05479	0.0358	0.19071	0.05106	0.00758	0.00582	0.16558	0.00724	0.17162	0.08105
0.90734	0.90115	0.0058	0.73702	0.49482	0.05722	0.03612	0.17834	0.04975	0.00818	0.00559	0.12243	0.00764	0.16702	0.08874
0.89826	0.89422	0.00552	0.75348	0.48913	0.05824	0.03649	0.17084	0.05005	0.00858	0.00614	0.13	0.00706	0.2037	0.08822
0.89089	0.92604	0.00572	0.65584	0.53375	0.05508	0.03603	0.17313	0.05044	0.00825	0.00617	0.11914	0.00724	0.14478	0.07654
0.8991	0.91879	0.00572	0.59372	0.55947	0.05765	0.03932	0.18093	0.04942	0.00783	0.00625	0.13525	0.00671	0.17607	0.08687
0.92961	0.91598	0.00571	0.68444	0.47481	0.05657	0.03746	0.17415	0.05633	0.00773	0.00639	0.12053	0.0076	0.22887	0.0946
0.9135	0.9128	0.00551	0.50397	0.53554	0.05941	0.04086	0.16744	0.05544	0.00769	0.00583	0.15773	0.00757	0.18306	0.09074
0.91003	0.90881	0.00577	0.65175	0.51066	0.05467	0.04153	0.16289	0.04822	0.00745	0.00573	0.16743	0.00677	0.18948	0.08068
0.923	0.91603	0.00571	0.50668	0.48464	0.05477	0.03709	0.16953	0.04897	0.0077	0.00549	0.14262	0.00752	0.22684	0.08461
0.90799	0.90416	0.00505	0.55365	0.5656	0.0592	0.04017	0.17749	0.04881	0.00707	0.00544	0.12729	0.00666	0.20858	0.07526
0.92259	0.95119	0.00511	0.75731	0.61431	0.05485	0.03918	0.17258	0.05056	0.0073	0.00564	0.12516	0.00704	0.19567	0.08075
0.87965	0.84092	0.00526	0.45453	0.47732	0.05553	0.03357	0.17438	0.04684	0.00768	0.00497	0.14927	0.00715	0.21445	0.07989
0.86893	0.88241	0.00511	0.61405	0.54217	0.05885	0.03714	0.19285	0.05018	0.00715	0.00503	0.15041	0.00681	0.20387	0.09356
0.90259	0.88935	0.00544	0.55083	0.3725	0.05421	0.03752	0.18294	0.05018	0.00708	0.00553	0.14729	0.00692	0.24667	0.0853
0.88038	0.90718	0.00574	0.68041	0.504	0.05613	0.03882	0.18704	0.05108	0.00711	0.00495	0.14214	0.00663	0.18519	0.07519
0.89934	0.91212	0.00521	0.67516	0.50962	0.0584	0.03697	0.18831	0.04882	0.00697	0.00524	0.15311	0.0064	0.18855	0.08009
0.89911	0.88109	0.0054	0.58691	0.4359	0.05515	0.039	0.17921	0.04923	0.00686	0.00522	0.19464	0.00664	0.16943	0.08566
0.87855	0.89508	0.00495	0.606	0.48559	0.04806	0.03486	0.17955	0.05312	0.00737	0.00489	0.17348	0.00661	0.19295	0.07444
0.90118	0.87893	0.00536	0.54787	0.3638	0.04971	0.03696	0.16682	0.04576	0.0072	0.00522	0.13967	0.00647	0.16879	0.0727
0.88617	0.91725	0.00554	0.54887	0.49578	0.05295	0.03699	0.17025	0.04784	0.00759	0.00481	0.13748	0.00652	0.20361	0.11816
0.90081	0.89218	0.0048	0.73238	0.44402	0.05363	0.03686	0.16739	0.0488	0.00752	0.00439	0.16908	0.00617	0.17726	0.08439
0.89976	0.91986	0.00466	0.4669	0.42218	0.0502	0.03403	0.16758	0.04766	0.00658	0.0047	0.17256	0.00601	0.13978	0.06967
0.92099	0.94273	0.00441	0.57639	0.59658	0.05492	0.03871	0.17388	0.05238	0.00664	0.00483	0.14838	0.00613	0.15476	0.06333
0.90497	0.92699	0.00435	0.51835	0.5174	0.0541	0.03371	0.16914	0.04898	0.0074	0.00454	0.1337	0.006	0.15558	0.06838
0.89979	0.9278	0.00446	0.52587	0.47311	0.05279	0.03875	0.15755	0.0472	0.00684	0.00465	0.17464	0.00625	0.18242	0.08041
0.91427	0.92083	0.00458	0.55737	0.51875	0.05665	0.03674	0.16696	0.04908	0.00702	0.00478	0.16169	0.00592	0.1453	0.08112
0.90715	0.93271	0.00454	0.55332	0.47436	0.05602	0.03133	0.16047	0.0519	0.00675	0.0049	0.1102	0.00612	0.1621	0.07636
0.89973	0.91728	0.00429	0.67142	0.44972	0.05825	0.03411	0.15968	0.04809	0.00671	0.00486	0.15162	0.00584	0.15868	0.08358
0.87465	0.86827	0.0041	0.44512	0.40171	0.05682	0.03493	0.15492	0.04214	0.00683	0.00449	0.16446	0.00586	0.18884	0.09121
0.92704	0.92121	0.00435	0.60272	0.54363	0.05908	0.03461	0.16035	0.0511	0.00681	0.00452	0.14191	0.00568	0.17196	0.09529
0.90275	0.88502	0.0042	0.41358	0.53114	0.05652	0.03535	0.17551	0.04908	0.00662	0.00463	0.16917	0.00641	0.19165	0.09019
0.87849	0.87942	0.00449	0.49007	0.53179	0.05635	0.03916	0.17905	0.05271	0.00689	0.00417	0.15322	0.00601	0.21471	0.0851
0.88756	0.91393	0.00406	0.68455	0.49478	0.05409	0.03621	0.16441	0.051	0.00634	0.00483	0.15932	0.00578	0.24635	0.09389
0.9003	0.88591	0.00403	0.54084	0.40494	0.05464	0.03632	0.16706	0.0456	0.00622	0.00471	0.145	0.00649	0.20715	0.08688
0.90028	0.87068	0.00438	0.43027	0.54589	0.05765	0.03488	0.17827	0.04784	0.00612	0.00405	0.12912	0.00565	0.16888	0.0914
0.88208	0.8868	0.00397	0.5974	0.52371	0.05641	0.03348	0.18661	0.04755	0.00631	0.00428	0.13458	0.00563	0.23948	0.09576
0.85326	0.88859	0.00414	0.61697	0.56332	0.0542	0.03574	0.17184	0.04639	0.00603	0.00444	0.1556	0.00604	0.17995	0.08989
0.87794	0.89346	0.00405	0.42036	0.43245	0.05111	0.03408	0.16288	0.04744	0.00625	0.0047	0.12051	0.00586	0.18853	0.0816
0.84265	0.86685	0.00374	0.39648	0.54264	0.05477	0.03562	0.1784	0.04684	0.00655	0.00419	0.15502	0.006	0.1501	0.08428
0.88154	0.84045	0.00364	0.43929	0.38678	0.05988	0.03621	0.18125	0.05217	0.00615	0.00435	0.11137	0.00608	0.18103	0.08672
0.8996	0.90206	0.00362	0.39863	0.49667	0.05765	0.03868	0.18182	0.04806	0.00629	0.00415	0.14601	0.00579	0.1512	0.06112
0.87626	0.8616	0.00365	0.45862	0.46283	0.05467	0.03795	0.18877	0.04275	0.00653	0.00403	0.14905	0.00573	0.12514	0.08412
0.90819	0.90905	0.00377	0.41872	0.48885	0.05423	0.03573	0.19531	0.0474	0.00618	0.00425	0.15296	0.00593	0.14118	0.08394
0.90545	0.86245	0.00388	0.44714	0.44559	0.05281	0.03724	0.16959	0.04359	0.0056	0.00444	0.17395	0.00554	0.17031	0.09133
0.90285	0.90416	0.00368	0.53722	0.46364	0.05304	0.03639	0.18126	0.04685	0.0059	0.00385	0.14756	0.00527	0.17301	0.07985
0.91165	0.91033	0.00375	0.45744	0.53208	0.05306	0.03572	0.18058	0.04699	0.00554	0.00437	0.12626	0.00524	0.13706	0.06836
0.90223	0.91405	0.00345	0.57028	0.4255	0.05287	0.03606	0.16974	0.04766	0.0056	0.00377	0.13305	0.00512	0.1118	0.064
0.89551	0.87282	0.00335	0.71221	0.50728	0.05522	0.03484	0.17908	0.04379	0.00582	0.00401	0.15384	0.00516	0.14568	0.07739
0.92851	0.93175	0.00366	0.55615	0.52546	0.05784	0.03314	0.17473	0.04835	0.00591	0.00357	0.13187	0.00545	0.16083	0.08438
0.94087	0.93041	0.00346	0.50915	0.5161	0.05136	0.03524	0.17744	0.04774	0.00596	0.00369	0.16735	0.00564	0.16882	0.08495
0.90351	0.91688	0.00359	0.47709	0.48652	0.05181	0.0382	0.17848	0.04384	0.00556	0.00349	0.18248	0.00561	0.16783	0.07148
0.8865	0.88369	0.0033	0.46079	0.46657	0.05461	0.038	0.16516	0.04233	0.00518	0.00382	0.14625	0.00526	0.16372	0.08894
0.8994	0.88783	0.00345	0.44166	0.5994	0.0558	0.03612	0.19044	0.04681	0.0051	0.00421	0.1582	0.00568	0.19319	0.082
0.92106	0.90225	0.00324	0.53677	0.48803	0.05219	0.03346	0.16682	0.04233	0.00498	0.00371	0.13817	0.00509	0.15619	0.08876
0.91647	0.91875	0.00328	0.62312	0.51408	0.05014	0.03297	0.17843	0.0446	0.00501	0.00385	0.15498	0.0059	0.15628	0.08654
0.89967	0.88613	0.00317	0.69151	0.52788	0.05171	0.03486	0.16789	0.04423	0.00542	0.00416	0.13789	0.00537	0.11229	0.0664
0.91518	0.91119	0.00305	0.57647	0.62507	0.05554	0.03438	0.17696	0.04405	0.00521	0.00425	0.13539	0.00544	0.11719	0.07524
0.91085	0.91338	0.00334	0.53829	0.52376	0.05825	0.03634	0.16271	0.04102	0.00476	0.00352	0.12519	0.00529	0.16147	0.08599
0.87296	0.88113	0.00318	0.68385	0.54692	0.05438	0.03357	0.17673	0.04485	0.00543	0.00346	0.1618	0.00469	0.12878	0.07726
0.90285	0.88575	0.00332	0.50322	0.56651	0.05514	0.03729	0.1728	0.04775	0.00468	0.00318	0.12855	0.00536	0.15753	0.09839
0.88555	0.87519	0.00258	0.49442	0.53697	0.05158	0.03674	0.1698	0.05109	0.00475	0.00323	0.15288	0.00504	0.17097	0.08151
0.91167	0.91598	0.00279	0.44623	0.54311	0.05066	0.03668	0.18901	0.04265	0.00488	0.00351	0.13551	0.00563	0.14576	0.09228
0.91785	0.91757	0.00303	0.4034	0.51946	0.05676	0.03455	0.18601	0.04647	0.00512	0.00379	0.13578	0.00486	0.12013	0.08247
0.92503	0.91641	0.00314	0.46271	0.5226	0.05389	0.03486	0.18038	0.04618	0.00509	0.00327	0.13618	0.00516	0.15592	0.08711
0.91101	0.89328	0.00302	0.37922	0.5257	0.05299	0.03251	0.19812	0.04422	0.00511	0.00298	0.15131	0.00466	0.15098	0.0872
0.90442	0.89548	0.00294	0.51551	0.46678	0.05493	0.03235	0.18544	0.04273	0.00481	0.00313	0.13589	0.00503	0.1538	0.0847
0.92526	0.90981	0.00326	0.41349	0.50413	0.05731	0.03575	0.18541	0.03994	0.00488	0.00321	0.14439	0.00463	0.15064	0.09283
0.92509	0.88387	0.00287	0.36891	0.45672	0.05501	0.03533	0.16208	0.03635	0.00466	0.00291	0.12789	0.00476	0.13672	0.08481
0.91436	0.88971	0.00334	0.37325	0.3877	0.0556	0.03449	0.17027	0.03488	0.00464	0.00337	0.14416	0.00461	0.15468	0.1007
0.88759	0.87161	0.00277	0.52897	0.45224	0.05463	0.03277	0.16953	0.04127	0.00475	0.00323	0.15751	0.00471	0.14447	0.09177
0.90859	0.91777	0.00279	0.54528	0.47326	0.05409	0.03438	0.17133	0.04105	0.00472	0.00289	0.18639	0.00446	0.16181	0.08774
0.90622	0.91493	0.00277	0.46962	0.46808	0.05611	0.03385	0.17801	0.0457	0.00485	0.00295	0.17822	0.00422	0.15481	0.09986
0.91758	0.91969	0.00279	0.41882	0.55322	0.05775	0.0348	0.17243	0.04315	0.00459	0.00292	0.1558	0.00447	0.15147	0.08789
0.90375	0.909	0.00296	0.37396	0.48031	0.05816	0.03438	0.18137	0.04566	0.00462	0.00295	0.14888	0.00435	0.10238	0.0759
0.89008	0.89579	0.00272	0.44936	0.45329	0.05721	0.03573	0.16402	0.03935	0.00475	0.0036	0.12294	0.00461	0.14698	0.09738
0.90999	0.91897	0.00277	0.51575	0.54696	0.05413	0.03263	0.18338	0.04123	0.00457	0.00301	0.15016	0.00448	0.10678	0.09968
0.88133	0.86368	0.00237	0.45146	0.44236	0.05425	0.03141	0.18611	0.03721	0.00456	0.00313	0.13919	0.00446	0.16112	0.09794
0.88015	0.88187	0.00255	0.40745	0.45949	0.05945	0.03187	0.15847	0.03816	0.00408	0.00353	0.13782	0.00399	0.15057	0.09508
0.87521	0.87831	0.00214	0.57475	0.493	0.05683	0.03225	0.16188	0.03762	0.00436	0.00304	0.13783	0.00375	0.14708	0.09918
0.89413	0.90664	0.00257	0.42725	0.48169	0.05441	0.03255	0.16317	0.0376	0.00431	0.00285	0.11718	0.00419	0.16195	0.09796
0.89381	0.9231	0.00261	0.47848	0.42992	0.0552	0.0302	0.14031	0.03901	0.0044	0.00382	0.13506	0.00433	0.15896	0.10686
0.83934	0.82318	0.00258	0.47765	0.37729	0.06055	0.03229	0.15675	0.03914	0.00476	0.00377	0.15779	0.00413	0.17588	0.1053
0.86489	0.87671	0.00299	0.4414	0.48077	0.06112	0.03062	0.17112	0.03706	0.00415	0.00332	0.16598	0.00312	0.1398	0.10575
0.90359	0.92577	0.00254	0.45034	0.55016	0.06094	0.03068	0.20389	0.04668	0.00432	0.00316	0.16592	0.00408	0.15606	0.08934
0.8864	0.90994	0.00226	0.45222	0.49679	0.05632	0.02971	0.20439	0.04593	0.00423	0.00297	0.15259	0.00392	0.21051	0.11895
0.85942	0.89338	0.00256	0.51638	0.4189	0.05689	0.03125	0.17865	0.04161	0.00426	0.00364	0.17347	0.00412	0.21693	0.10566
0.89126	0.90621	0.00241	0.41726	0.4955	0.05616	0.0348	0.1672	0.04499	0.00374	0.00361	0.18217	0.00384	0.12327	0.11253
0.8435	0.88087	0.00233	0.49592	0.48576	0.05727	0.03119	0.16731	0.04074	0.00368	0.00362	0.17286	0.0039	0.1291	0.09088
0.86638	0.88552	0.0024	0.35048	0.45183	0.06161	0.03188	0.17445	0.04264	0.0039	0.00313	0.17982	0.00389	0.18475	0.11196
0.85709	0.86522	0.00236	0.52526	0.42283	0.0565	0.03307	0.18609	0.04242	0.00403	0.00265	0.18421	0.00363	0.16828	0.12165
0.86252	0.87632	0.00268	0.42971	0.46873	0.05374	0.03054	0.18858	0.04249	0.00418	0.00291	0.1386	0.00335	0.13325	0.1015
0.89103	0.91471	0.00256	0.50531	0.45614	0.05052	0.03144	0.18261	0.04223	0.00413	0.00281	0.18005	0.00345	0.1225	0.09388
0.88491	0.93052	0.00269	0.51112	0.51832	0.05226	0.03222	0.18547	0.04341	0.00396	0.00222	0.17174	0.00342	0.14995	0.10124
0.86467	0.91125	0.00266	0.48417	0.52529	0.05584	0.03073	0.19823	0.045	0.00399	0.00283	0.1873	0.00319	0.16061	0.11505
0.87309	0.90229	0.00215	0.514	0.633	0.06277	0.03246	0.1991	0.04336	0.00383	0.00222	0.16972	0.00363	0.1828	0.11033
0.91691	0.93587	0.00249	0.42439	0.47811	0.059	0.03128	0.17071	0.03726	0.00384	0.003	0.16654	0.00349	0.15495	0.08921
0.87253	0.91549	0.00223	0.59128	0.52699	0.05922	0.03367	0.20215	0.04133	0.00379	0.00262	0.18253	0.00404	0.154	0.08971
0.90971	0.91266	0.0025	0.47906	0.52856	0.05985	0.03426	0.20591	0.04675	0.00338	0.00241	0.19671	0.00328	0.14837	0.08375
0.88694	0.91386	0.00197	0.60574	0.62764	0.05953	0.03044	0.19909	0.04537	0.00371	0.00264	0.11646	0.00339	0.16711	0.10746
0.90503	0.8818	0.00197	0.49465	0.4864	0.05995	0.03221	0.1711	0.04026	0.00392	0.00301	0.18529	0.0038	0.12779	0.10137
0.87862	0.87677	0.00248	0.47612	0.46998	0.05632	0.02993	0.17592	0.03428	0.00397	0.00264	0.15953	0.0037	0.09517	0.07936
0.90167	0.91101	0.00208	0.42477	0.45525	0.05351	0.03344	0.17492	0.03926	0.00366	0.00275	0.15833	0.00312	0.1409	0.10104
0.92396	0.90388	0.00213	0.37088	0.45645	0.0588	0.03018	0.17089	0.03849	0.00384	0.00266	0.13231	0.00372	0.22153	0.12135
0.90049	0.91339	0.00221	0.45488	0.48142	0.06221	0.03198	0.19183	0.04334	0.00373	0.00251	0.1622	0.00335	0.12209	0.08679
0.91971	0.93718	0.00246	0.46324	0.4617	0.06123	0.02978	0.17511	0.04207	0.00366	0.00293	0.15446	0.00295	0.10591	0.06786
0.90623	0.92344	0.00203	0.52082	0.52979	0.0603	0.03206	0.17974	0.04124	0.00342	0.00284	0.18022	0.0026	0.13727	0.10507
0.89709	0.92225	0.00208	0.46808	0.47494	0.05421	0.03349	0.17498	0.03982	0.00312	0.00267	0.17014	0.00311	0.18112	0.11858
0.90834	0.90138	0.002	0.44578	0.4283	0.05573	0.03099	0.15818	0.0364	0.0035	0.00229	0.17314	0.00333	0.18601	0.11973
0.89935	0.89174	0.00215	0.5519	0.46091	0.05813	0.03243	0.16031	0.03718	0.00326	0.00213	0.1519	0.00341	0.1842	0.0978
0.87368	0.89647	0.00197	0.50277	0.4918	0.06235	0.03138	0.19434	0.04634	0.00324	0.0025	0.14216	0.00343	0.15126	0.09507
0.91039	0.86397	0.00214	0.36025	0.47212	0.05916	0.0302	0.18557	0.04126	0.00315	0.00255	0.19082	0.00321	0.14308	0.10142
0.92293	0.9022	0.00204	0.40022	0.5226	0.05876	0.03069	0.18581	0.04197	0.00338	0.00218	0.14507	0.00337	0.15549	0.10992
0.88682	0.86871	0.00199	0.40973	0.5532	0.06121	0.03089	0.15926	0.03454	0.00323	0.0024	0.10939	0.00316	0.18325	0.12416
0.90397	0.89887	0.00208	0.4017	0.47899	0.06192	0.03154	0.16482	0.0386	0.0036	0.00235	0.16668	0.00315	0.12112	0.08447
0.8943	0.88315	0.00222	0.38593	0.42818	0.05973	0.03305	0.17228	0.03807	0.00277	0.00203	0.11556	0.00316	0.15222	0.09237
0.90545	0.88002	0.0022	0.41891	0.47164	0.05888	0.03375	0.17279	0.04032	0.00283	0.00209	0.14103	0.00322	0.13684	0.11064
0.90874	0.9236	0.00189	0.45581	0.47681	0.05584	0.02899	0.17025	0.04217	0.0031	0.00215	0.14077	0.0033	0.16984	0.09894
0.92644	0.91019	0.00163	0.38965	0.43488	0.05949	0.03118	0.17404	0.04268	0.00284	0.00214	0.19034	0.00342	0.14282	0.08654
0.89889	0.90631	0.0019	0.48276	0.45031	0.0604	0.03515	0.16618	0.04023	0.00309	0.00249	0.18027	0.00328	0.14533	0.11732
0.90998	0.89478	0.00173	0.41437	0.45422	0.06349	0.03138	0.17794	0.04465	0.00293	0.00249	0.13713	0.00279	0.1483	0.1088
0.91223	0.88182	0.00185	0.35808	0.51788	0.06491	0.03308	0.18171	0.03939	0.00321	0.00213	0.1479	0.00287	0.14163	0.09269
0.91336	0.91685	0.00159	0.38791	0.49824	0.05955	0.03323	0.17274	0.04427	0.00316	0.00258	0.15635	0.00304	0.19944	0.10961
0.90133	0.91705	0.00193	0.45781	0.45573	0.06311	0.03168	0.1655	0.04091	0.00351	0.00229	0.14226	0.00343	0.13176	0.09063
0.89973	0.92243	0.00182	0.38377	0.55698	0.05973	0.03411	0.19153	0.04481	0.00309	0.00215	0.1391	0.00331	0.12841	0.09525
0.90639	0.93004	0.00206	0.34109	0.56026	0.06234	0.03058	0.20059	0.04496	0.00301	0.00305	0.19609	0.00337	0.12333	0.08629
0.86284	0.84391	0.00184	0.43633	0.5307	0.06068	0.03172	0.17826	0.03984	0.00284	0.00236	0.19496	0.00371	0.13254	0.09402
0.92046	0.92609	0.00192	0.34809	0.50032	0.06528	0.03183	0.17897	0.04376	0.00297	0.00213	0.14634	0.00355	0.12975	0.1017
0.91205	0.90253	0.00172	0.35421	0.4387	0.06238	0.03328	0.17889	0.04189	0.00298	0.00244	0.21493	0.00392	0.13952	0.1057
0.90241	0.92196	0.00204	0.40986	0.54455	0.05942	0.03735	0.18258	0.0453	0.00297	0.00235	0.17509	0.00278	0.132	0.08769
0.90976	0.91863	0.00149	0.32585	0.56168	0.06101	0.03226	0.18243	0.04326	0.00306	0.00226	0.14424	0.0031	0.13212	0.09592
0.89885	0.93824	0.00194	0.53054	0.46076	0.05363	0.03383	0.1623	0.04622	0.00301	0.00249	0.16723	0.0028	0.12115	0.10164
0.92536	0.9177	0.00167	0.34949	0.52489	0.06084	0.03138	0.18974	0.04699	0.00269	0.00272	0.16998	0.00308	0.11499	0.08574
0.90711	0.91905	0.00169	0.41446	0.45817	0.05905	0.03539	0.16097	0.04583	0.00313	0.00304	0.1821	0.00306	0.10154	0.08788
0.90403	0.9191	0.00177	0.46847	0.44329	0.05974	0.03645	0.17935	0.04545	0.00296	0.00276	0.21454	0.00361	0.12227	0.10259
0.93179	0.91182	0.00163	0.361	0.41254	0.0643	0.03161	0.16214	0.04987	0.0031	0.00293	0.10966	0.003	0.12293	0.09064
0.8815	0.87742	0.00165	0.44225	0.48113	0.06132	0.0358	0.16413	0.04179	0.00274	0.00249	0.17604	0.00276	0.12842	0.07776
0.89673	0.88914	0.00185	0.41689	0.39106	0.05951	0.03347	0.1759	0.03952	0.0026	0.00201	0.15922	0.0025	0.14694	0.09906
0.89467	0.91119	0.00156	0.46215	0.468	0.05587	0.03409	0.17752	0.04201	0.00266	0.00256	0.17455	0.00261	0.12032	0.10314
0.88737	0.87029	0.00161	0.43205	0.46579	0.05925	0.03237	0.19415	0.04315	0.00274	0.00219	0.19139	0.00279	0.12114	0.08839
0.87328	0.87987	0.00161	0.53596	0.51402	0.05573	0.03712	0.1891	0.04246	0.003	0.00233	0.19196	0.00294	0.1453	0.0898
0.86711	0.88706	0.00222	0.51503	0.53611	0.05768	0.03074	0.18059	0.0443	0.0028	0.0022	0.17114	0.00269	0.15058	0.08594
0.90243	0.90754	0.00169	0.39029	0.48704	0.05567	0.03205	0.1847	0.04489	0.00255	0.00211	0.19136	0.00279	0.12043	0.09117
0.88606	0.90313	0.0015	0.41082	0.42225	0.0586	0.03167	0.17568	0.03912	0.00242	0.00256	0.11625	0.00292	0.10262	0.08713
0.8838	0.91613	0.00161	0.4956	0.61636	0.05799	0.0353	0.19126	0.04586	0.00244	0.00236	0.14732	0.00296	0.12889	0.09915
0.87015	0.83723	0.00189	0.49829	0.48126	0.05457	0.03187	0.17863	0.03625	0.00293	0.00267	0.16748	0.00248	0.12252	0.08512
0.84568	0.84328	0.00146	0.61012	0.43426	0.05318	0.03317	0.17955	0.03649	0.00269	0.00231	0.17508	0.00267	0.11217	0.0879
0.88413	0.9024	0.00158	0.4243	0.42281	0.05387	0.03488	0.15324	0.03963	0.00256	0.00277	0.17536	0.0036	0.11844	0.08862
0.91876	0.89023	0.00165	0.4166	0.47873	0.05476	0.03225	0.15702	0.0402	0.00243	0.00219	0.12563	0.0027	0.22938	0.1145
0.91228	0.91249	0.00168	0.43365	0.50117	0.0543	0.03096	0.17138	0.03992	0.00272	0.00244	0.11861	0.00227	0.18747	0.10686
0.92845	0.93146	0.00192	0.40414	0.48169	0.05691	0.03348	0.1731	0.04398	0.00256	0.00178	0.16229	0.0035	0.12908	0.08872
0.93878	0.92546	0.00183	0.34064	0.44177	0.05621	0.03201	0.15537	0.04063	0.0028	0.0017	0.13776	0.00324	0.1025	0.08758
0.93621	0.89723	0.00157	0.33695	0.45963	0.058	0.02996	0.20123	0.04451	0.00252	0.00224	0.14307	0.00286	0.08083	0.08707
0.94332	0.87259	0.00192	0.38249	0.34385	0.05566	0.03086	0.15704	0.0388	0.00247	0.00227	0.1349	0.00239	0.13039	0.10933
0.8974	0.89431	0.00185	0.35885	0.41032	0.0575	0.03061	0.15544	0.04119	0.00262	0.00267	0.18663	0.00233	0.10259	0.08515
0.85758	0.89306	0.00161	0.42717	0.41877	0.0516	0.03218	0.18046	0.04323	0.00252	0.00259	0.178	0.00237	0.10891	0.09276
0.91849	0.88184	0.00178	0.34655	0.52508	0.05729	0.03076	0.16412	0.04163	0.00263	0.00212	0.13622	0.00275	0.11185	0.1025
0.89704	0.88812	0.00189	0.32057	0.39636	0.05427	0.03001	0.16826	0.04468	0.0026	0.00176	0.17732	0.00254	0.11841	0.09217
0.87127	0.89801	0.00194	0.40413	0.42697	0.05365	0.02813	0.18217	0.04131	0.00233	0.00218	0.14929	0.00262	0.14847	0.0909
0.86676	0.8652	0.00166	0.47752	0.57766	0.05538	0.02782	0.1851	0.05465	0.00234	0.00152	0.14391	0.00231	0.13447	0.10134
0.90878	0.87191	0.00219	0.3706	0.47717	0.05485	0.02877	0.15314	0.04517	0.00231	0.00172	0.11713	0.00266	0.1113	0.08818
0.8498	0.8634	0.00204	0.48121	0.36688	0.05529	0.02834	0.1477	0.04101	0.00232	0.00249	0.17031	0.00192	0.2841	0.14994
0.83403	0.85248	0.00156	0.51065	0.39412	0.0526	0.03186	0.15491	0.04169	0.00242	0.00251	0.18499	0.00198	0.12278	0.08075
0.85024	0.86471	0.00202	0.51339	0.46798	0.05508	0.03326	0.17639	0.03947	0.00222	0.00172	0.14186	0.00249	0.14434	0.09545
0.83348	0.891	0.00167	0.57636	0.48599	0.05368	0.03569	0.17518	0.04581	0.00232	0.00146	0.21386	0.00264	0.10514	0.08008
0.87181	0.90617	0.00276	0.50427	0.45644	0.05461	0.03308	0.189	0.04409	0.00237	0.00178	0.21257	0.00206	0.10971	0.08281
0.85353	0.89277	0.00204	0.5074	0.49387	0.05173	0.03333	0.159	0.04343	0.00239	0.00154	0.19859	0.00241	0.12219	0.09416
0.88031	0.89901	0.00173	0.43004	0.49254	0.05253	0.02634	0.18158	0.03988	0.00278	0.00177	0.15225	0.00177	0.19351	0.11568
0.91128	0.87299	0.00173	0.39766	0.53995	0.05354	0.03202	0.18383	0.04303	0.00257	0.00224	0.16365	0.00242	0.10176	0.08499
0.84907	0.87279	0.0017	0.48549	0.52077	0.05664	0.03049	0.18017	0.05191	0.00234	0.00165	0.16679	0.00215	0.11304	0.07868
0.85003	0.8592	0.00156	0.4608	0.54369	0.05842	0.03333	0.18774	0.05214	0.00244	0.00172	0.18595	0.00321	0.0971	0.09298
0.91518	0.90031	0.00132	0.3738	0.5227	0.05882	0.029	0.17373	0.04768	0.0022	0.00211	0.14446	0.0023	0.11919	0.07343
0.90809	0.86069	0.00131	0.37226	0.44898	0.05581	0.03033	0.17174	0.0489	0.00222	0.00182	0.17124	0.00225	0.1084	0.08355
0.90235	0.87975	0.00148	0.38037	0.55949	0.05344	0.03201	0.18481	0.04968	0.00231	0.00217	0.19228	0.00223	0.08493	0.08006
0.83176	0.82063	0.00161	0.49894	0.49946	0.05563	0.03206	0.19484	0.04182	0.00229	0.00167	0.19588	0.00233	0.08994	0.07969
0.88884	0.86854	0.00164	0.4537	0.45752	0.05495	0.03111	0.19316	0.04153	0.00281	0.0016	0.17882	0.00219	0.09448	0.07434
0.93249	0.90761	0.00134	0.37566	0.42954	0.06095	0.03089	0.18961	0.04474	0.00324	0.00227	0.19768	0.00275	0.1077	0.07502
0.91511	0.88269	0.00169	0.38997	0.45723	0.05866	0.03248	0.20259	0.04976	0.00246	0.00212	0.18355	0.00273	0.09766	0.08153
0.90149	0.89653	0.00181	0.44023	0.45132	0.06086	0.02976	0.18803	0.05012	0.00281	0.0019	0.19593	0.00298	0.10651	0.0831
0.92358	0.89564	0.00144	0.35172	0.52778	0.06038	0.03065	0.18717	0.04603	0.00234	0.00166	0.20704	0.00223	0.12288	0.09287
0.87176	0.86422	0.00169	0.46172	0.40397	0.05716	0.03308	0.16848	0.038	0.00217	0.00191	0.18292	0.00293	0.10152	0.09152
0.89398	0.86734	0.00181	0.39384	0.52207	0.06035	0.03009	0.1826	0.04325	0.00222	0.00305	0.18552	0.00278	0.10671	0.09133
0.87672	0.86758	0.00139	0.53972	0.39469	0.05899	0.03353	0.18787	0.03573	0.00224	0.00267	0.19453	0.00202	0.09795	0.07261
0.92016	0.90107	0.00138	0.34534	0.51078	0.05487	0.02993	0.18646	0.03832	0.00236	0.00269	0.19132	0.00217	0.10821	0.07714
0.91019	0.88444	0.00146	0.45425	0.47374	0.06139	0.03209	0.185	0.03907	0.00209	0.00302	0.16181	0.00237	0.12536	0.0856
0.88294	0.89391	0.00132	0.51715	0.49175	0.06059	0.02979	0.17789	0.04597	0.002	0.00268	0.18062	0.00231	0.11757	0.09003
0.91242	0.9058	0.00122	0.38259	0.42658	0.05866	0.03576	0.16852	0.04705	0.0022	0.00199	0.18227	0.00297	0.12954	0.10418
0.91546	0.87699	0.00149	0.41313	0.50284	0.06281	0.03174	0.20096	0.04773	0.00192	0.00352	0.13966	0.00219	0.11393	0.09558
0.90616	0.86021	0.00144	0.58059	0.50624	0.06089	0.03452	0.20574	0.0434	0.00205	0.00289	0.16245	0.00246	0.18859	0.12203
0.90834	0.9013	0.0012	0.3893	0.42393	0.05729	0.03039	0.18378	0.04244	0.00222	0.00261	0.18384	0.00189	0.16502	0.09231
0.91058	0.89922	0.00113	0.42275	0.58066	0.06253	0.03231	0.2023	0.04167	0.00245	0.0025	0.17839	0.00258	0.17464	0.10259
0.87379	0.88124	0.0014	0.47124	0.53608	0.06503	0.03114	0.17582	0.04561	0.00238	0.00188	0.20234	0.00216	0.21314	0.11628
0.89599	0.87238	0.00112	0.41914	0.39098	0.05616	0.0293	0.16983	0.04106	0.00187	0.00202	0.1715	0.00208	0.19261	0.10641
0.93258	0.90059	0.00141	0.37117	0.41925	0.064	0.03164	0.17459	0.04716	0.00208	0.00273	0.15334	0.00191	0.13347	0.09256
0.91353	0.8926	0.00155	0.38138	0.47009	0.06143	0.0314	0.18231	0.05755	0.00177	0.00185	0.1809	0.00214	0.14795	0.07868
0.93261	0.90733	0.00118	0.3695	0.45186	0.06153	0.02642	0.166	0.04118	0.00227	0.0023	0.15828	0.00185	0.16015	0.07217
0.89448	0.88781	0.00149	0.40425	0.4317	0.05849	0.02996	0.17118	0.04113	0.00226	0.00193	0.16876	0.00188	0.18732	0.08509
0.92153	0.8971	0.00104	0.39642	0.49927	0.06725	0.02981	0.19796	0.04513	0.00179	0.004	0.1732	0.00275	0.16088	0.0998
0.93335	0.91215	0.00188	0.41833	0.55654	0.06105	0.03028	0.1862	0.04462	0.00201	0.00244	0.17113	0.00169	0.20855	0.11547
0.88607	0.88685	0.00136	0.38204	0.38794	0.061	0.03014	0.17134	0.03937	0.00212	0.00275	0.196	0.00207	0.16222	0.09282
0.93028	0.8977	0.00121	0.39896	0.52783	0.05624	0.03286	0.20031	0.04928	0.00197	0.00236	0.19352	0.00272	0.17693	0.10394
0.93307	0.88203	0.00139	0.37941	0.37876	0.06462	0.03197	0.1935	0.04168	0.00197	0.00258	0.20068	0.00265	0.13597	0.07921
0.92249	0.90721	0.00174	0.44129	0.55033	0.06573	0.02934	0.22113	0.03894	0.00197	0.00257	0.1929	0.0018	0.1781	0.10403
0.93545	0.88153	0.00111	0.41892	0.35118	0.07284	0.02914	0.17759	0.0342	0.00194	0.00207	0.17883	0.00189	0.27529	0.13794
0.90118	0.89737	0.00111	0.42783	0.41943	0.05325	0.03123	0.19473	0.04856	0.00175	0.00179	0.2293	0.00185	0.2704	0.15744
0.92781	0.89485	0.00112	0.4159	0.43588	0.06131	0.03477	0.18251	0.04439	0.00177	0.00222	0.18232	0.00242	0.15395	0.10581
0.92749	0.89276	0.00154	0.41289	0.51128	0.06051	0.03265	0.17985	0.04692	0.00179	0.00165	0.18433	0.00327	0.12721	0.0876
0.92895	0.9052	0.00134	0.41016	0.54328	0.06199	0.03425	0.20088	0.04668	0.0021	0.00196	0.22836	0.002	0.17335	0.1047
0.91609	0.89233	0.00127	0.48612	0.38398	0.05818	0.0344	0.1771	0.03554	0.00203	0.0018	0.21754	0.0025	0.1741	0.11206
0.92766	0.88448	0.00147	0.40111	0.36676	0.05908	0.03087	0.18473	0.04384	0.00181	0.00191	0.18623	0.00271	0.20033	0.12011
0.90345	0.88606	0.00117	0.4765	0.52675	0.05846	0.03351	0.2051	0.03773	0.00179	0.00146	0.22364	0.00222	0.20212	0.12144
0.93325	0.90682	0.00103	0.43183	0.41035	0.05962	0.03183	0.19517	0.03958	0.0017	0.00191	0.15702	0.00252	0.2665	0.12744
0.92476	0.8821	0.00093	0.37513	0.61605	0.0605	0.03127	0.209	0.04127	0.00199	0.00204	0.23364	0.00205	0.15706	0.09781
0.90044	0.89895	0.00106	0.43695	0.46759	0.06108	0.03332	0.2032	0.04531	0.00162	0.00128	0.23266	0.00254	0.17684	0.09931
0.90583	0.89658	0.00094	0.40569	0.45065	0.06623	0.03538	0.20797	0.041	0.00215	0.00188	0.22379	0.00221	0.17184	0.09959
0.90715	0.91202	0.00179	0.50633	0.42798	0.06192	0.03359	0.19988	0.04621	0.0015	0.00113	0.18516	0.00301	0.2372	0.12042
0.92468	0.91197	0.00148	0.39315	0.55955	0.05746	0.03178	0.20636	0.03876	0.00177	0.00244	0.15237	0.00243	0.18035	0.10447
0.91199	0.88772	0.00126	0.39308	0.55222	0.05935	0.03127	0.20645	0.04183	0.00157	0.00304	0.18955	0.00158	0.18294	0.13524
0.8939	0.88112	0.00141	0.40613	0.47173	0.05849	0.02998	0.20931	0.04338	0.00133	0.00373	0.21586	0.00168	0.20424	0.13239
0.88785	0.89754	0.00115	0.45901	0.51214	0.06071	0.03278	0.1853	0.03511	0.00186	0.00201	0.21059	0.00216	0.25294	0.15647
0.93865	0.89916	0.00169	0.44676	0.54265	0.06215	0.03289	0.17608	0.04016	0.00166	0.00131	0.2035	0.00235	0.24514	0.14635
0.9404	0.90794	0.00125	0.35462	0.51236	0.05592	0.02988	0.17707	0.04149	0.00163	0.0016	0.17794	0.00169	0.13057	0.10208
0.93564	0.89908	0.00114	0.39104	0.46536	0.06539	0.02991	0.15624	0.03496	0.00165	0.00255	0.14634	0.00201	0.24357	0.13882
0.94239	0.90659	0.00111	0.35828	0.47708	0.05569	0.02931	0.18053	0.04417	0.00183	0.00234	0.18618	0.00205	0.20865	0.11268
0.92742	0.93097	0.0014	0.38603	0.49682	0.05504	0.03037	0.16811	0.04415	0.00167	0.00179	0.18854	0.00221	0.18747	0.12081
0.92241	0.92114	0.00119	0.4055	0.50278	0.05656	0.03038	0.17832	0.0392	0.00185	0.00294	0.16808	0.00213	0.21295	0.14399
0.9195	0.90296	0.00153	0.38472	0.5114	0.05784	0.03209	0.18141	0.03728	0.00168	0.00172	0.15195	0.00143	0.13614	0.09099
0.88738	0.87929	0.00105	0.42106	0.44105	0.05753	0.03317	0.16178	0.03285	0.00158	0.00258	0.17766	0.00171	0.19347	0.13174
0.88195	0.86775	0.00137	0.432	0.39439	0.0594	0.03168	0.18397	0.03336	0.00172	0.00327	0.1846	0.00191	0.2636	0.15078
0.91193	0.90975	0.0012	0.41225	0.48632	0.05707	0.03257	0.19742	0.03778	0.00163	0.00235	0.17556	0.00251	0.17861	0.12447
0.88382	0.83283	0.0013	0.4026	0.5947	0.05768	0.02871	0.22035	0.04101	0.00157	0.00125	0.19075	0.0026	0.12754	0.10835
0.86158	0.86999	0.00107	0.48974	0.52174	0.0641	0.03251	0.20732	0.03424	0.00182	0.00182	0.18552	0.00166	0.09597	0.09468
0.85402	0.86538	0.00136	0.52652	0.49336	0.0551	0.03018	0.18856	0.03894	0.0015	0.00177	0.20914	0.00227	0.09955	0.08627
0.87111	0.85673	0.001	0.51815	0.49664	0.05907	0.03545	0.19013	0.04242	0.00167	0.00156	0.20132	0.00167	0.175	0.11922
0.89651	0.85761	0.0011	0.46826	0.46878	0.05673	0.03061	0.18665	0.0381	0.00211	0.00199	0.18378	0.00188	0.15857	0.10644
0.91077	0.87205	0.00117	0.4273	0.46983	0.06105	0.03158	0.1927	0.03722	0.00177	0.00267	0.21462	0.00224	0.18334	0.13141
0.89905	0.87241	0.00125	0.37554	0.47213	0.05709	0.02891	0.1935	0.04724	0.00142	0.00186	0.21366	0.00253	0.18957	0.12678
0.88256	0.83796	0.00099	0.41062	0.51037	0.06304	0.02787	0.21271	0.04788	0.00159	0.00195	0.20214	0.00161	0.14568	0.08942
0.91753	0.8538	0.0014	0.40149	0.44635	0.06513	0.02791	0.19713	0.0366	0.00166	0.00175	0.18001	0.00203	0.16359	0.11284
0.90759	0.87965	0.00109	0.35217	0.43838	0.06567	0.02901	0.17861	0.03467	0.00199	0.00173	0.19033	0.00188	0.10923	0.0836
0.91816	0.88276	0.00104	0.41098	0.44765	0.06416	0.03422	0.16645	0.03441	0.00188	0.00139	0.20045	0.00243	0.2238	0.1173
0.90327	0.86889	0.00112	0.39193	0.48796	0.05873	0.02881	0.19359	0.03976	0.00159	0.00179	0.18634	0.00142	0.16016	0.09813
0.91799	0.89277	0.00101	0.4063	0.46454	0.05756	0.02715	0.22335	0.03945	0.00163	0.00192	0.22525	0.00134	0.11409	0.09225
0.93734	0.86322	0.00135	0.36724	0.42254	0.06115	0.02683	0.19718	0.03552	0.00159	0.00244	0.18987	0.00131	0.1169	0.08528
0.91395	0.89819	0.00109	0.48192	0.45609	0.05411	0.02837	0.20515	0.03654	0.00143	0.00251	0.17204	0.00169	0.16543	0.1116
0.91074	0.88705	0.00124	0.4322	0.47763	0.05893	0.0263	0.21887	0.0407	0.00156	0.00236	0.16292	0.00185	0.14337	0.11577
0.89868	0.88893	0.0013	0.39978	0.48468	0.06331	0.02935	0.21606	0.03822	0.00143	0.0021	0.19262	0.00161	0.09616	0.09011
0.92721	0.87719	0.00118	0.40992	0.49051	0.06665	0.02778	0.22296	0.0384	0.00126	0.00187	0.19402	0.00126	0.14238	0.10161
0.92064	0.86475	0.00106	0.40832	0.42364	0.06409	0.02653	0.18861	0.03331	0.00192	0.00251	0.18445	0.0016	0.11068	0.09534
0.84866	0.83407	0.00101	0.47977	0.46336	0.06208	0.03133	0.17383	0.03056	0.00161	0.0024	0.18321	0.00207	0.12275	0.10986
0.90333	0.86135	0.00128	0.42877	0.48015	0.06387	0.02887	0.19953	0.03286	0.00117	0.00171	0.15857	0.00154	0.12526	0.11219
0.88318	0.86092	0.00126	0.4316	0.43349	0.06468	0.02761	0.17893	0.0362	0.00144	0.00324	0.16817	0.00142	0.13214	0.10533
0.8618	0.83654	0.00109	0.5115	0.39654	0.06757	0.0299	0.19094	0.03294	0.00163	0.00193	0.20745	0.0026	0.1247	0.10233
0.88081	0.87097	0.00089	0.48258	0.36924	0.06529	0.03174	0.18838	0.03841	0.00124	0.00186	0.20038	0.00222	0.10885	0.08867
0.90046	0.88236	0.00122	0.59913	0.4945	0.06336	0.03134	0.18535	0.03951	0.0014	0.00395	0.17354	0.00149	0.1896	0.12647
0.91883	0.83808	0.00104	0.41821	0.55268	0.05362	0.02815	0.18204	0.03631	0.00148	0.00678	0.14901	0.00174	0.17198	0.12224
0.91878	0.87912	0.00083	0.42413	0.4616	0.06416	0.02879	0.18899	0.03586	0.00192	0.00241	0.21649	0.00122	0.18984	0.12992
0.93401	0.86039	0.00107	0.39694	0.43985	0.06396	0.02684	0.1935	0.04269	0.00171	0.00292	0.19418	0.00131	0.16286	0.12523
0.8958	0.85259	0.00167	0.41979	0.39478	0.07186	0.03309	0.17433	0.04471	0.00163	0.00209	0.19655	0.00195	0.13037	0.09585
0.91187	0.86971	0.00144	0.40572	0.46714	0.0644	0.02858	0.17954	0.03771	0.0018	0.00209	0.19015	0.00135	0.12611	0.09077
0.91536	0.87666	0.00119	0.41618	0.48198	0.06164	0.02885	0.2	0.03896	0.00123	0.00216	0.17925	0.00127	0.13325	0.08718
0.9203	0.84358	0.00106	0.40929	0.36825	0.06086	0.03445	0.18366	0.03564	0.00142	0.00229	0.22617	0.00121	0.14397	0.09901
0.90806	0.86306	0.00153	0.36836	0.40406	0.06721	0.03184	0.18632	0.03251	0.00153	0.00409	0.20886	0.00108	0.10751	0.09423
0.91281	0.82187	0.00115	0.41036	0.3746	0.06847	0.02612	0.16421	0.03198	0.00153	0.00155	0.20736	0.00299	0.1124	0.08407
0.87925	0.79786	0.00102	0.51074	0.40332	0.06625	0.02853	0.17847	0.02896	0.00151	0.00357	0.22	0.00131	0.18255	0.11659
0.86181	0.81778	0.0012	0.50364	0.26615	0.06659	0.03297	0.1843	0.03137	0.00188	0.00216	0.21032	0.00116	0.22865	0.13133
0.91336	0.85122	0.00121	0.41836	0.42668	0.05863	0.02987	0.17484	0.03339	0.0017	0.00254	0.20386	0.00115	0.08671	0.09522
0.8869	0.85149	0.00133	0.38591	0.39137	0.0609	0.02852	0.15643	0.03121	0.00171	0.00355	0.23456	0.0013	0.16341	0.11054
0.91266	0.8902	0.00082	0.38937	0.41584	0.05935	0.02859	0.19404	0.03518	0.00195	0.00373	0.23513	0.00123	0.16174	0.12525
0.93938	0.87937	0.00113	0.39289	0.47523	0.06343	0.02745	0.20432	0.03423	0.00152	0.00433	0.1893	0.0011	0.20716	0.13411
0.91528	0.87683	0.00109	0.42278	0.48207	0.05902	0.02632	0.17675	0.03376	0.00166	0.00255	0.15105	0.00127	0.20916	0.11615
0.90644	0.86683	0.00174	0.45006	0.40599	0.0594	0.02864	0.17276	0.03475	0.00119	0.00451	0.19102	0.00151	0.30784	0.16078
0.91731	0.87652	0.00095	0.39402	0.43173	0.06397	0.02793	0.19589	0.03318	0.00138	0.00627	0.16886	0.00108	0.27651	0.13603
0.89626	0.87078	0.00158	0.39951	0.40239	0.06034	0.02748	0.17488	0.03153	0.00172	0.00335	0.21583	0.00106	0.23576	0.13402
0.89225	0.85167	0.00175	0.37645	0.4348	0.06321	0.0283	0.20292	0.03305	0.0016	0.00313	0.22488	0.00171	0.20033	0.11104
0.89265	0.88106	0.00174	0.38683	0.32551	0.05984	0.02976	0.18791	0.02793	0.00138	0.00368	0.22777	0.00152	0.22821	0.14195
0.9	0.8623	0.00103	0.38308	0.39756	0.06404	0.02828	0.18747	0.03579	0.00139	0.00323	0.22048	0.00133	0.22462	0.13836
0.84859	0.83153	0.00097	0.39406	0.35551	0.0635	0.02764	0.19428	0.04112	0.00165	0.00272	0.23773	0.00151	0.1797	0.10103
0.88076	0.85669	0.00087	0.4346	0.41076	0.06538	0.02595	0.21319	0.03838	0.0014	0.00131	0.23737	0.00129	0.20632	0.11923
0.91603	0.86821	0.00093	0.36664	0.41407	0.06584	0.0301	0.22979	0.041	0.00135	0.00134	0.20695	0.00164	0.1307	0.10007
0.82337	0.8478	0.00083	0.4187	0.48458	0.06251	0.02641	0.21207	0.04286	0.00133	0.00148	0.17831	0.00151	0.16252	0.11635
0.87924	0.87444	0.00082	0.37735	0.46856	0.05888	0.02824	0.18886	0.03853	0.00131	0.00164	0.21526	0.00112	0.19709	0.13966
0.86453	0.88886	0.00106	0.35346	0.40718	0.06115	0.02651	0.17755	0.03445	0.00138	0.00153	0.20806	0.00121	0.14262	0.09286
0.88365	0.88345	0.00123	0.39677	0.41533	0.06344	0.03046	0.21139	0.03445	0.00128	0.00136	0.2217	0.0018	0.17501	0.12043
0.90342	0.88865	0.00186	0.42641	0.50643	0.0745	0.02796	0.22804	0.05256	0.00138	0.00326	0.1631	0.00186	0.16468	0.1008
0.90978	0.87836	0.00115	0.39986	0.46718	0.06259	0.02893	0.22778	0.05015	0.0017	0.00402	0.24181	0.00169	0.16438	0.09044
0.89431	0.87982	0.00121	0.42375	0.44694	0.06753	0.03129	0.19192	0.03997	0.00141	0.00177	0.1851	0.00152	0.22745	0.12267
0.89436	0.88456	0.00101	0.40699	0.503	0.06883	0.03106	0.20603	0.04493	0.00171	0.00284	0.22543	0.00194	0.14428	0.08973
0.91317	0.87397	0.00069	0.39795	0.48681	0.06884	0.02961	0.21345	0.04768	0.00128	0.00191	0.18799	0.00225	0.15866	0.09531
0.8951	0.87621	0.0009	0.44922	0.45304	0.06279	0.02927	0.20453	0.0447	0.00135	0.00746	0.24256	0.00174	0.15486	0.10271
0.88278	0.88251	0.00119	0.46123	0.49816	0.06338	0.02713	0.20351	0.04429	0.00173	0.00767	0.15073	0.00153	0.2299	0.1107
0.92227	0.87672	0.00128	0.43515	0.41312	0.06454	0.02753	0.16784	0.04078	0.0017	0.00191	0.20883	0.00162	0.24113	0.11688
0.91227	0.8815	0.00088	0.50692	0.47269	0.06659	0.03223	0.21148	0.04252	0.00118	0.00275	0.22526	0.00132	0.20853	0.09454
0.88605	0.86424	0.00082	0.43228	0.46354	0.06474	0.02831	0.18925	0.03741	0.00149	0.00699	0.17547	0.00141	0.2081	0.11235
0.90281	0.86568	0.00117	0.37814	0.46761	0.06741	0.03296	0.18611	0.03183	0.0012	0.00259	0.17542	0.00163	0.16576	0.09777
0.86811	0.80991	0.00086	0.51192	0.40804	0.07366	0.0332	0.18075	0.03795	0.00145	0.00374	0.20547	0.00149	0.13194	0.09643
0.87725	0.84231	0.00072	0.50084	0.40571	0.06701	0.02986	0.19358	0.03297	0.00114	0.00454	0.19826	0.002	0.20849	0.12255
0.89331	0.85249	0.00092	0.426	0.40264	0.06911	0.02932	0.21321	0.03572	0.00129	0.00329	0.22391	0.00166	0.17112	0.09687
0.89472	0.87038	0.00074	0.40115	0.46122	0.06681	0.03076	0.18382	0.0377	0.00135	0.00098	0.18233	0.00156	0.13853	0.09678
0.89481	0.87596	0.00066	0.40045	0.41851	0.07267	0.03101	0.19075	0.03893	0.00131	0.00219	0.18224	0.00141	0.15211	0.09421
0.89756	0.87252	0.00097	0.41149	0.42032	0.06935	0.03263	0.18666	0.04239	0.00153	0.00076	0.22379	0.00129	0.18462	0.12721
0.92493	0.87779	0.00075	0.37994	0.50138	0.06797	0.03335	0.17193	0.035	0.00125	0.00229	0.19619	0.00161	0.15805	0.0846
0.89351	0.83676	0.00083	0.46228	0.43886	0.0651	0.02856	0.16993	0.02348	0.00124	0.00164	0.19775	0.00174	0.1743	0.0907
0.89305	0.88662	0.00076	0.42722	0.37912	0.06898	0.02887	0.17328	0.02529	0.00212	0.00229	0.15479	0.00162	0.22378	0.1174
0.88843	0.86748	0.001	0.4639	0.50725	0.06145	0.02714	0.17167	0.03104	0.00177	0.00195	0.18548	0.00099	0.18812	0.11145
0.89192	0.87077	0.00104	0.44493	0.37423	0.06301	0.02774	0.18564	0.03681	0.00162	0.00593	0.19276	0.00133	0.21814	0.12208
0.89878	0.83519	0.0006	0.40144	0.33528	0.06972	0.02994	0.14912	0.02761	0.00115	0.00225	0.14264	0.00148	0.17057	0.11109
0.8824	0.84087	0.0015	0.43568	0.49706	0.06542	0.03175	0.19024	0.03348	0.00099	0.00179	0.2086	0.0013	0.12315	0.09168
0.9023	0.84872	0.00063	0.44092	0.45604	0.0625	0.03374	0.19824	0.03552	0.00119	0.00296	0.16483	0.00107	0.20044	0.10767
0.89429	0.81957	0.00099	0.45793	0.56754	0.06618	0.03359	0.20355	0.03533	0.00114	0.00465	0.19807	0.00155	0.19082	0.09002
0.89978	0.84707	0.00102	0.38494	0.51255	0.06704	0.03163	0.14078	0.02019	0.00144	0.00534	0.17764	0.00156	0.20402	0.09207
0.90546	0.85134	0.00083	0.40505	0.56536	0.05806	0.03021	0.19558	0.03667	0.00122	0.00308	0.18443	0.0016	0.17782	0.08746
0.92296	0.84586	0.00108	0.36364	0.40235	0.06355	0.02976	0.15804	0.02287	0.00159	0.00405	0.17651	0.00093	0.17186	0.07946
0.91739	0.87136	0.00138	0.38359	0.49948	0.06057	0.03046	0.17092	0.02613	0.0012	0.00711	0.17847	0.00109	0.13446	0.07465
0.89632	0.85513	0.00081	0.39015	0.43775	0.06327	0.02917	0.19954	0.03305	0.00153	0.0061	0.17056	0.00105	0.12969	0.07291
0.89138	0.8406	0.00094	0.3845	0.56593	0.06139	0.0313	0.21821	0.0391	0.00138	0.00261	0.21969	0.00105	0.12842	0.09546
0.90473	0.85408	0.00092	0.40374	0.4583	0.06496	0.03345	0.20311	0.03871	0.00162	0.00373	0.24166	0.00165	0.17661	0.11149
0.89237	0.84886	0.00076	0.36255	0.46711	0.06252	0.03246	0.20803	0.04584	0.00115	0.00156	0.22985	0.00118	0.12577	0.0847
0.88762	0.8121	0.00075	0.40162	0.50978	0.06647	0.03283	0.21172	0.03308	0.00111	0.00339	0.18345	0.0014	0.17174	0.10321
0.9036	0.84789	0.00084	0.43918	0.53137	0.06692	0.0342	0.21723	0.03146	0.00126	0.00188	0.27539	0.0014	0.15663	0.08054
0.90967	0.88205	0.00088	0.43729	0.47576	0.07428	0.03237	0.18446	0.03231	0.00118	0.0023	0.2186	0.00139	0.23263	0.12599
0.91368	0.85839	0.00094	0.40142	0.49786	0.07188	0.03205	0.18395	0.03805	0.00138	0.00259	0.21839	0.00116	0.23344	0.11843
0.90733	0.85981	0.00081	0.45045	0.53392	0.07221	0.03275	0.1839	0.03244	0.00145	0.00443	0.24441	0.00223	0.23885	0.12424
0.86364	0.87573	0.00071	0.42928	0.47154	0.07044	0.02716	0.1872	0.03144	0.00138	0.00434	0.21487	0.00108	0.27147	0.11795
0.87835	0.84367	0.00074	0.40549	0.48135	0.07262	0.03288	0.18546	0.04822	0.00169	0.00438	0.24749	0.00124	0.22372	0.11964
0.89595	0.87782	0.00082	0.4197	0.53042	0.06891	0.02911	0.20065	0.04303	0.00165	0.0037	0.24061	0.00163	0.24961	0.14825
0.8827	0.85759	0.00092	0.41653	0.43816	0.06901	0.03009	0.20131	0.04407	0.00134	0.00361	0.20967	0.00152	0.24116	0.14351
0.89275	0.84992	0.00086	0.38868	0.46467	0.06357	0.02878	0.20765	0.04852	0.00121	0.0034	0.21431	0.00133	0.14759	0.08542
0.86546	0.86296	0.00083	0.48282	0.49363	0.06884	0.03404	0.21042	0.04257	0.0014	0.00209	0.27655	0.00131	0.19274	0.08129
0.90649	0.89821	0.0009	0.45394	0.47719	0.06652	0.02977	0.19046	0.03776	0.00128	0.00351	0.22696	0.00126	0.17985	0.09376
0.89868	0.87738	0.00077	0.4525	0.5074	0.07045	0.03079	0.20516	0.0418	0.00164	0.00192	0.20166	0.00121	0.22237	0.10747
0.84345	0.88715	0.00063	0.53186	0.49066	0.06647	0.03368	0.21588	0.04227	0.00116	0.00383	0.23103	0.00182	0.18299	0.11429
0.86892	0.85702	0.00049	0.4831	0.48587	0.05969	0.02703	0.20254	0.03838	0.00099	0.00314	0.18877	0.00163	0.12983	0.09372
0.85108	0.82141	0.00142	0.46277	0.5051	0.06267	0.03057	0.17918	0.02992	0.00105	0.00639	0.20574	0.00138	0.20293	0.1026
0.84548	0.85056	0.0008	0.51078	0.49091	0.06346	0.02994	0.18241	0.02848	0.0017	0.00336	0.19708	0.00171	0.18542	0.11451
0.83247	0.84655	0.00067	0.54705	0.41074	0.06185	0.02786	0.17405	0.02754	0.00123	0.00358	0.20841	0.00156	0.12288	0.08518
0.86727	0.86508	0.00081	0.40309	0.52159	0.06578	0.02563	0.17777	0.03207	0.00091	0.00331	0.15844	0.00166	0.16425	0.0972
0.85022	0.85859	0.00062	0.4073	0.46833	0.05971	0.02832	0.20851	0.03884	0.0017	0.00223	0.19596	0.00126	0.17435	0.09187
0.80722	0.81353	0.00071	0.5373	0.4139	0.06225	0.02802	0.19211	0.03063	0.00114	0.00443	0.24949	0.00113	0.19122	0.09954
0.85754	0.82682	0.00074	0.45078	0.49307	0.06197	0.02653	0.19368	0.0313	0.00123	0.00172	0.19508	0.00109	0.11574	0.08533
0.81219	0.86475	0.00091	0.75959	0.45742	0.06329	0.03227	0.16877	0.02449	0.00125	0.00204	0.20459	0.00099	0.16895	0.08756
0.8565	0.86123	0.0009	0.58078	0.50534	0.06685	0.03038	0.21744	0.03394	0.00123	0.00166	0.23903	0.001	0.14114	0.05924
0.84087	0.84816	0.00059	0.41867	0.45876	0.06365	0.03006	0.19167	0.03639	0.00136	0.00304	0.24434	0.00145	0.10346	0.07821
0.84951	0.8616	0.00046	0.4562	0.43663	0.06173	0.03148	0.17487	0.03041	0.00107	0.00261	0.21405	0.00133	0.13387	0.07439
0.85366	0.8674	0.00081	0.52391	0.43973	0.06452	0.02843	0.20375	0.03166	0.0009	0.00097	0.24397	0.00099	0.13559	0.07612
0.8468	0.84804	0.00063	0.45167	0.4707	0.05846	0.0317	0.19355	0.03848	0.00106	0.00445	0.21066	0.00149	0.14888	0.07597
0.85844	0.83225	0.00077	0.4107	0.48222	0.05552	0.02912	0.18379	0.03626	0.00144	0.00177	0.21468	0.00093	0.11328	0.069
0.88117	0.83867	0.00103	0.43822	0.49483	0.05724	0.02985	0.19505	0.04096	0.00104	0.00488	0.23045	0.00101	0.12388	0.05827
0.86209	0.84484	0.00071	0.47417	0.47798	0.05507	0.02718	0.20369	0.03948	0.0013	0.00175	0.23842	0.00121	0.15055	0.07574
0.89136	0.85273	0.00061	0.39953	0.51208	0.05846	0.02718	0.19029	0.03793	0.00107	0.00294	0.20073	0.00116	0.12436	0.07189
0.85085	0.80894	0.00102	0.51197	0.48584	0.05312	0.02973	0.2092	0.03475	0.00108	0.0008	0.18843	0.00119	0.14712	0.09132
0.8469	0.82056	0.00085	0.46993	0.43243	0.05355	0.03084	0.18417	0.03572	0.001	0.00256	0.21264	0.00118	0.14789	0.08476
0.88957	0.87766	0.00094	0.4357	0.47668	0.05235	0.02699	0.18069	0.0334	0.00128	0.00203	0.22813	0.00131	0.13701	0.07419
0.82855	0.84629	0.00066	0.4933	0.5091	0.05479	0.03172	0.19329	0.03014	0.00109	0.00164	0.2119	0.00202	0.12676	0.06952
0.8037	0.81921	0.00061	0.39927	0.43447	0.05349	0.02864	0.17899	0.03194	0.00097	0.0021	0.23033	0.00101	0.12849	0.05901
0.86478	0.8517	0.00048	0.43031	0.46645	0.05214	0.02724	0.18643	0.03944	0.0012	0.00093	0.20258	0.0012	0.14006	0.06931
0.85779	0.83315	0.00088	0.4199	0.47664	0.05445	0.02873	0.18398	0.03136	0.00088	0.00133	0.24324	0.00097	0.11476	0.07083
0.91122	0.88022	0.00089	0.36352	0.46063	0.05235	0.03179	0.19706	0.03927	0.00114	0.00106	0.24042	0.00114	0.11215	0.07269
0.91625	0.8772	0.00088	0.34149	0.43195	0.05468	0.03062	0.2082	0.0402	0.00139	0.00133	0.25526	0.00133	0.13468	0.07767
0.88344	0.87116	0.00066	0.33993	0.44691	0.05776	0.02961	0.20501	0.03672	0.00123	0.00293	0.21865	0.00191	0.10992	0.07344
0.87537	0.85956	0.00081	0.3945	0.48866	0.05648	0.0282	0.16993	0.02651	0.00109	0.00135	0.21627	0.00119	0.14034	0.09276
0.85086	0.88707	0.00053	0.37831	0.49601	0.05584	0.03385	0.18009	0.03513	0.00123	0.00105	0.20938	0.00122	0.10847	0.07575
0.82973	0.86503	0.00065	0.3506	0.42652	0.05584	0.03145	0.16277	0.03257	0.00161	0.00245	0.23531	0.00104	0.10912	0.07172
0.92576	0.86388	0.00072	0.32179	0.50735	0.06163	0.03143	0.18851	0.04098	0.00119	0.00173	0.1809	0.00125	0.09306	0.07212
0.88916	0.88858	0.00055	0.41507	0.51224	0.05663	0.029	0.19049	0.03451	0.00089	0.00205	0.19043	0.00089	0.20704	0.12135
0.89212	0.87147	0.00054	0.37467	0.51063	0.05834	0.02674	0.16888	0.03229	0.00109	0.0023	0.20571	0.00068	0.12957	0.08691
0.88075	0.83074	0.00062	0.40674	0.53925	0.0592	0.02547	0.16509	0.03876	0.00093	0.00281	0.18648	0.00088	0.17429	0.11245
0.86421	0.86727	0.00063	0.40408	0.45932	0.05354	0.02972	0.17265	0.04153	0.00093	0.00182	0.25704	0.00112	0.12418	0.06995
0.86227	0.85559	0.00117	0.45924	0.44985	0.05446	0.03106	0.17757	0.04005	0.00089	0.0041	0.24539	0.00052	0.11791	0.07545
0.87614	0.8626	0.00102	0.4547	0.46815	0.05726	0.02762	0.18515	0.04096	0.00088	0.00309	0.20117	0.00083	0.11413	0.06499
0.89111	0.85026	0.00085	0.4966	0.43488	0.06152	0.02932	0.18767	0.0327	0.00093	0.00423	0.24903	0.00153	0.13152	0.07303
0.88119	0.86087	0.00062	0.41733	0.48978	0.05978	0.02939	0.17679	0.04177	0.00106	0.00209	0.23621	0.00094	0.15831	0.07858
0.84404	0.84626	0.0006	0.59375	0.46894	0.06202	0.02798	0.18331	0.03244	0.00079	0.00116	0.21823	0.00089	0.13281	0.07321
0.86187	0.86817	0.00056	0.43857	0.54773	0.06069	0.02863	0.1709	0.02983	0.00085	0.00348	0.17342	0.00063	0.112	0.0668
0.89868	0.87921	0.00072	0.36392	0.44271	0.06106	0.03115	0.16138	0.03057	0.00131	0.0027	0.20695	0.00097	0.12217	0.06987
0.79523	0.84409	0.001	0.39358	0.42412	0.06092	0.02865	0.15505	0.03708	0.00094	0.00582	0.18306	0.00101	0.13827	0.08448
0.84153	0.85589	0.0008	0.40563	0.47565	0.05964	0.028	0.15311	0.0317	0.00133	0.00551	0.20299	0.00125	0.09954	0.08432
0.81207	0.82408	0.00085	0.401	0.38687	0.05718	0.03219	0.13747	0.03261	0.00097	0.00317	0.23473	0.00091	0.10393	0.06993
0.8532	0.86239	0.00098	0.38313	0.40116	0.05738	0.03284	0.16334	0.03998	0.00091	0.00218	0.26371	0.00175	0.13765	0.07899
0.82904	0.82867	0.00121	0.40079	0.45296	0.05414	0.02969	0.15744	0.0401	0.00088	0.00479	0.18792	0.00064	0.11207	0.06953
0.85643	0.85825	0.00111	0.39921	0.34648	0.05434	0.02958	0.15654	0.02799	0.00121	0.00369	0.22651	0.00091	0.12176	0.07433
0.87729	0.85312	0.00107	0.38364	0.47953	0.05325	0.02826	0.15027	0.03294	0.0016	0.00267	0.19112	0.00077	0.11735	0.0615
0.87793	0.89121	0.00108	0.39333	0.43973	0.05501	0.0299	0.15923	0.03495	0.00086	0.00534	0.2572	0.00057	0.17826	0.10044
0.90373	0.86601	0.00082	0.38719	0.524	0.04995	0.03165	0.17974	0.02642	0.00064	0.00297	0.18615	0.00063	0.14804	0.09211
0.84639	0.88792	0.00088	0.39767	0.46788	0.05243	0.02899	0.17834	0.03264	0.00094	0.00506	0.19062	0.00053	0.16054	0.08382
0.89235	0.86089	0.00109	0.40641	0.51533	0.05508	0.03094	0.1846	0.02937	0.00116	0.00326	0.21333	0.00088	0.09877	0.06521
0.90911	0.85328	0.00064	0.38064	0.56072	0.05998	0.02998	0.16711	0.04009	0.00118	0.00389	0.17295	0.00045	0.11322	0.06769
0.90543	0.8611	0.00102	0.35806	0.50478	0.05617	0.02818	0.18777	0.03972	0.00136	0.00426	0.19953	0.00094	0.11129	0.06945
0.90816	0.86662	0.00057	0.3546	0.42919	0.05713	0.02944	0.18981	0.04278	0.00086	0.00555	0.22891	0.00086	0.1433	0.06761
0.84961	0.84102	0.0008	0.39474	0.47884	0.0531	0.02985	0.17248	0.03595	0.00136	0.00305	0.22274	0.00097	0.12628	0.06899
0.84177	0.83089	0.0009	0.40398	0.4487	0.05341	0.02852	0.189	0.04032	0.00165	0.0015	0.1987	0.00097	0.13063	0.06383
0.89607	0.88485	0.00108	0.37459	0.51287	0.05885	0.02576	0.18101	0.02874	0.00154	0.00195	0.21993	0.00078	0.10761	0.06501
0.90827	0.86037	0.0009	0.34697	0.48948	0.05484	0.02483	0.17536	0.0369	0.0014	0.00222	0.1644	0.00095	0.11676	0.08521
0.90766	0.84731	0.00111	0.37577	0.50496	0.05446	0.02756	0.17149	0.04587	0.00109	0.00411	0.15382	0.00077	0.13012	0.07253
0.89998	0.87149	0.00102	0.32536	0.47312	0.06101	0.03087	0.18949	0.0425	0.00099	0.00089	0.21565	0.00123	0.11351	0.05645
0.91344	0.86938	0.0013	0.38051	0.49905	0.05628	0.02974	0.16845	0.04091	0.00125	0.0032	0.22361	0.00084	0.11794	0.06498
0.89885	0.85675	0.00064	0.38191	0.53901	0.05752	0.03035	0.16958	0.03253	0.00109	0.00366	0.19044	0.00114	0.10563	0.07541
0.91126	0.8956	0.00073	0.37401	0.43147	0.05631	0.02726	0.17773	0.0412	0.00125	0.00235	0.29135	0.00064	0.12045	0.057
0.83641	0.82652	0.00108	0.40483	0.43901	0.06116	0.0358	0.15105	0.04095	0.00103	0.00316	0.22348	0.00142	0.11975	0.0708
0.87071	0.82959	0.001	0.42972	0.5054	0.06263	0.02846	0.18943	0.03989	0.00169	0.00519	0.23337	0.00071	0.16422	0.08492
0.90169	0.84106	0.00107	0.44212	0.49764	0.0553	0.02815	0.17479	0.03533	0.0013	0.00611	0.21318	0.00076	0.2255	0.11827
0.8722	0.85681	0.00072	0.54441	0.47624	0.06023	0.03441	0.18499	0.03809	0.00184	0.00454	0.23997	0.00114	0.13841	0.07505
0.90318	0.86543	0.00045	0.41204	0.53426	0.05627	0.02876	0.16464	0.03313	0.00119	0.00332	0.18418	0.00099	0.13454	0.07548
0.85912	0.85105	0.00104	0.40439	0.49616	0.05329	0.02807	0.17585	0.03624	0.0013	0.00254	0.22509	0.00112	0.11733	0.07014
0.86301	0.83669	0.00087	0.40026	0.47983	0.05233	0.03267	0.17711	0.04097	0.00185	0.00427	0.22021	0.00119	0.10562	0.06937
0.82167	0.82963	0.00096	0.45511	0.34133	0.06118	0.02944	0.17163	0.02687	0.00113	0.00339	0.21244	0.00123	0.10059	0.07051
0.85594	0.85569	0.00086	0.42754	0.43755	0.05825	0.02651	0.15292	0.02407	0.0009	0.00551	0.20236	0.00079	0.1098	0.07571
0.84471	0.83254	0.00134	0.38006	0.43329	0.0531	0.03199	0.13152	0.02228	0.00097	0.00418	0.18839	0.00085	0.10981	0.07401
0.86377	0.82895	0.00142	0.49124	0.45307	0.05757	0.02909	0.14261	0.02646	0.00181	0.0057	0.2271	0.00107	0.15215	0.10268
0.82287	0.84119	0.00087	0.4588	0.4123	0.05444	0.02587	0.13859	0.03054	0.00114	0.00437	0.24492	0.00088	0.13259	0.08975
0.83315	0.86236	0.00087	0.42476	0.4519	0.0636	0.02264	0.16313	0.03669	0.0012	0.00293	0.22224	0.00109	0.12583	0.08369
0.85813	0.84886	0.00095	0.44848	0.56933	0.0551	0.02431	0.1585	0.03133	0.00176	0.00629	0.17204	0.00072	0.16167	0.08663
0.85349	0.84591	0.00084	0.41686	0.44202	0.05294	0.02621	0.15442	0.03408	0.00109	0.00141	0.2681	0.00113	0.13343	0.08296
0.87455	0.86031	0.00069	0.38322	0.47002	0.05566	0.0281	0.16871	0.02841	0.00107	0.00209	0.25934	0.00102	0.12011	0.08194
0.88799	0.88559	0.00049	0.34227	0.4607	0.053	0.02675	0.17971	0.02987	0.00136	0.00371	0.17947	0.00181	0.09065	0.08111
0.91308	0.84578	0.00121	0.35747	0.43985	0.05727	0.02988	0.17265	0.03844	0.0012	0.00445	0.18423	0.00156	0.09203	0.08289
0.90975	0.87171	0.00054	0.36798	0.49877	0.05894	0.02638	0.15104	0.03076	0.00088	0.00298	0.1879	0.00148	0.1041	0.07779
0.87136	0.89259	0.00086	0.3859	0.53314	0.0575	0.02692	0.16402	0.03262	0.00099	0.00612	0.21681	0.00122	0.1595	0.09641
0.89002	0.87884	0.00074	0.36067	0.50812	0.05763	0.02881	0.17206	0.04499	0.00162	0.00301	0.20599	0.00102	0.12165	0.07217
0.89416	0.86927	0.00114	0.36755	0.48145	0.06299	0.02879	0.18154	0.03763	0.00088	0.0037	0.23632	0.00195	0.11888	0.0834
0.88943	0.83812	0.00068	0.36934	0.52211	0.05782	0.02989	0.16462	0.0363	0.00109	0.00278	0.18826	0.00181	0.11788	0.08512
0.85395	0.83011	0.00043	0.40568	0.48294	0.05622	0.03101	0.1535	0.03038	0.00081	0.00337	0.25602	0.00068	0.1014	0.07993
0.85277	0.86656	0.00063	0.42785	0.5444	0.05723	0.029	0.1815	0.03064	0.00089	0.00521	0.24359	0.00083	0.162	0.09713
0.84649	0.85509	0.0006	0.44268	0.50044	0.05098	0.03065	0.21002	0.04717	0.00157	0.00644	0.2185	0.00066	0.13305	0.08147
0.80213	0.79847	0.00083	0.46245	0.52557	0.05156	0.03173	0.19518	0.03687	0.00094	0.00412	0.20678	0.00082	0.10684	0.07847
0.90085	0.88351	0.00112	0.41343	0.51767	0.05114	0.02533	0.19153	0.04075	0.00317	0.0038	0.22628	0.00068	0.12798	0.10284
0.85567	0.86128	0.00057	0.49286	0.51444	0.05331	0.02847	0.18971	0.02951	0.00093	0.0026	0.20797	0.00061	0.11428	0.08209
0.84266	0.87638	0.00058	0.59813	0.41884	0.05187	0.03135	0.18592	0.03392	0.00088	0.0026	0.23247	0.00078	0.14604	0.10194
0.8734	0.84609	0.0006	0.38619	0.48905	0.05507	0.02374	0.17647	0.04018	0.00084	0.0023	0.20729	0.00107	0.12726	0.0865
0.83772	0.87017	0.00085	0.43118	0.47237	0.05361	0.02805	0.16176	0.03441	0.0007	0.00312	0.17466	0.00104	0.15345	0.09665
0.80294	0.85464	0.00037	0.44048	0.4583	0.05573	0.02875	0.15664	0.03227	0.00052	0.00331	0.21522	0.00065	0.12394	0.08378
0.81087	0.8583	0.00055	0.41882	0.49847	0.05641	0.02593	0.15344	0.03737	0.00139	0.00257	0.17001	0.00065	0.10237	0.06826
0.83816	0.86637	0.00058	0.41271	0.51079	0.05547	0.0284	0.15804	0.03718	0.00116	0.00716	0.13746	0.00086	0.17667	0.10373
0.78297	0.86992	0.0007	0.43805	0.52075	0.05861	0.02396	0.14891	0.03316	0.00078	0.00606	0.14641	0.00061	0.12519	0.07207
0.84563	0.87748	0.00031	0.43135	0.47542	0.06043	0.0255	0.16727	0.03231	0.00075	0.00491	0.20037	0.00098	0.10149	0.07076
0.84329	0.84673	0.00073	0.46225	0.47088	0.0592	0.02772	0.19994	0.03341	0.00072	0.00565	0.19755	0.00068	0.11212	0.0907
0.8372	0.85374	0.00084	0.4407	0.42249	0.0538	0.02577	0.17339	0.03158	0.00141	0.00241	0.24336	0.00093	0.12885	0.06459
0.79846	0.84331	0.00046	0.46478	0.5226	0.05442	0.02329	0.15901	0.03615	0.00105	0.00366	0.21607	0.00099	0.11474	0.06569
0.86112	0.86373	0.00052	0.39363	0.54206	0.0566	0.02904	0.17669	0.03283	0.00066	0.0019	0.16241	0.00087	0.10462	0.07191
0.7862	0.83402	0.00057	0.54539	0.4477	0.05786	0.0301	0.17662	0.03679	0.00058	0.00076	0.21567	0.00138	0.1205	0.08709
0.83678	0.85547	0.00083	0.43238	0.44933	0.05799	0.02552	0.18526	0.02981	0.00072	0.00254	0.21329	0.00079	0.16178	0.08944
0.84404	0.86969	0.00084	0.44858	0.48964	0.05094	0.03012	0.18226	0.03191	0.00061	0.00118	0.23522	0.00071	0.1437	0.0956
0.84163	0.87056	0.0007	0.45556	0.56541	0.05273	0.02975	0.16537	0.02765	0.00084	0.00395	0.25566	0.00097	0.18646	0.10417
0.82788	0.84395	0.00082	0.42828	0.39497	0.05433	0.02578	0.17747	0.03056	0.00086	0.00262	0.21275	0.00129	0.10515	0.08277
0.79416	0.81	0.00082	0.51382	0.48314	0.05941	0.02647	0.17873	0.02592	0.00075	0.00333	0.21252	0.00097	0.16213	0.09385
0.81536	0.80874	0.00053	0.56482	0.43486	0.05896	0.02801	0.16224	0.02949	0.00129	0.00775	0.18691	0.00071	0.1099	0.08796
0.89172	0.89152	0.00057	0.40148	0.54454	0.06323	0.02732	0.17514	0.0281	0.00105	0.00673	0.18483	0.0008	0.11891	0.07801
0.88904	0.87456	0.00047	0.40162	0.5403	0.05235	0.02571	0.18929	0.0367	0.00093	0.00248	0.23811	0.00062	0.14148	0.09838
0.82774	0.84301	0.00049	0.52933	0.51388	0.05336	0.02658	0.19048	0.02506	0.00122	0.00234	0.22741	0.00091	0.12191	0.07562
0.84622	0.88218	0.0005	0.39778	0.52872	0.05582	0.02654	0.18854	0.03276	0.00085	0.00179	0.23207	0.00083	0.16405	0.09799
0.87844	0.8926	0.00075	0.4277	0.53728	0.05593	0.03098	0.2132	0.03801	0.00113	0.00313	0.18256	0.0006	0.14538	0.09408
0.8876	0.89421	0.0008	0.38002	0.50899	0.05127	0.02947	0.19129	0.03595	0.00103	0.00263	0.29105	0.00107	0.18803	0.09247
0.88184	0.83588	0.00052	0.40404	0.59221	0.05698	0.02809	0.18272	0.02689	0.00081	0.00704	0.21821	0.00095	0.14972	0.09032
0.90026	0.88494	0.00035	0.35945	0.55242	0.05802	0.02721	0.18246	0.03029	0.00084	0.00453	0.22666	0.00147	0.15631	0.10042
0.84794	0.83829	0.00065	0.47326	0.53595	0.05768	0.02888	0.18031	0.02481	0.00093	0.00808	0.27905	0.00082	0.22063	0.1075
0.86294	0.86505	0.00104	0.40583	0.55993	0.05858	0.02797	0.17554	0.02797	0.00116	0.00556	0.27901	0.00056	0.18156	0.0958
0.84992	0.87185	0.00037	0.39952	0.48376	0.06112	0.02683	0.16736	0.0226	0.00079	0.00633	0.24008	0.00069	0.195	0.09618
0.85567	0.84102	0.00067	0.407	0.42461	0.05779	0.02942	0.15363	0.02707	0.00119	0.00462	0.25905	0.00071	0.20589	0.12268
0.85062	0.86695	0.00064	0.39275	0.47567	0.06196	0.02911	0.19251	0.03603	0.00064	0.00848	0.29001	0.00087	0.1505	0.09195
0.78343	0.81909	0.00063	0.40896	0.44673	0.06143	0.03007	0.16687	0.02704	0.0007	0.00822	0.2305	0.00074	0.12115	0.07309
0.83961	0.79516	0.00047	0.38664	0.49419	0.05604	0.02955	0.16668	0.02646	0.00079	0.01025	0.22363	0.00064	0.16431	0.08552
0.86454	0.85644	0.00073	0.39225	0.53064	0.05508	0.0245	0.17828	0.026	0.00073	0.01111	0.22397	0.00072	0.19676	0.10232
0.86448	0.87576	0.00079	0.34998	0.46498	0.0553	0.03046	0.17055	0.03053	0.00109	0.00403	0.2543	0.00086	0.13087	0.07157
0.86816	0.87106	0.00069	0.37019	0.46238	0.05334	0.02835	0.14639	0.02948	0.00086	0.00329	0.22909	0.00053	0.11236	0.06414
0.8511	0.82316	0.00068	0.35152	0.49193	0.05465	0.0279	0.18727	0.02695	0.00077	0.00246	0.22208	0.00049	0.10808	0.06496
0.86797	0.83722	0.00061	0.43737	0.49956	0.05343	0.03016	0.19091	0.03576	0.00129	0.0032	0.23244	0.0007	0.1186	0.06786
0.84782	0.81953	0.00083	0.39455	0.49138	0.05595	0.02799	0.16639	0.02771	0.00066	0.0046	0.22349	0.0007	0.12226	0.07899
0.81185	0.8381	0.00079	0.44928	0.47887	0.05836	0.03133	0.16056	0.02313	0.00092	0.00824	0.21606	0.00114	0.13471	0.07962
0.81917	0.84846	0.00093	0.36216	0.40805	0.05523	0.02753	0.17553	0.02339	0.00106	0.00348	0.24087	0.00125	0.10306	0.07158
0.84472	0.84129	0.00128	0.40343	0.41333	0.05931	0.02867	0.14802	0.01839	0.00084	0.0051	0.26551	0.0011	0.10804	0.08162
0.905	0.86563	0.0008	0.34981	0.4507	0.06033	0.02783	0.15779	0.02839	0.00066	0.00413	0.23082	0.00126	0.10527	0.07876
0.87504	0.8718	0.00059	0.36405	0.52656	0.06175	0.02977	0.17449	0.03105	0.00059	0.00137	0.24386	0.00153	0.12272	0.0691
0.87939	0.84061	0.00059	0.38142	0.5558	0.05823	0.02955	0.15005	0.03024	0.00084	0.00129	0.21979	0.00088	0.11707	0.07802
0.88242	0.87896	0.00034	0.36842	0.5393	0.06289	0.02606	0.1468	0.02535	0.00034	0.00359	0.24316	0.00123	0.10526	0.06862
0.89308	0.88275	0.00044	0.36903	0.59917	0.05837	0.02926	0.17028	0.03429	0.00071	0.00426	0.24756	0.00102	0.12318	0.06808
0.88927	0.8855	0.00059	0.38495	0.48545	0.05593	0.0289	0.15631	0.0302	0.00067	0.00386	0.21727	0.00125	0.13319	0.07483
0.89138	0.87634	0.00055	0.40851	0.54377	0.05725	0.03057	0.17969	0.04126	0.00063	0.00113	0.29164	0.00084	0.12506	0.07705
0.87777	0.8685	0.00089	0.39259	0.46752	0.0598	0.02984	0.17246	0.0361	0.00049	0.00167	0.19205	0.00153	0.1006	0.07776
0.91138	0.88073	0.0005	0.39571	0.45833	0.05741	0.03175	0.18305	0.03195	0.00075	0.0057	0.25643	0.00123	0.13539	0.09326
0.85979	0.9032	0.00124	0.40903	0.49288	0.05671	0.03153	0.18249	0.02909	0.00064	0.00521	0.22454	0.00089	0.1452	0.08859
0.84055	0.87853	0.00042	0.43653	0.54914	0.05387	0.02865	0.18293	0.02652	0.00075	0.00118	0.19034	0.00062	0.11159	0.08608
0.83443	0.84851	0.00049	0.38033	0.48216	0.06037	0.03007	0.15237	0.02461	0.002	0.00173	0.20946	0.00072	0.10234	0.07626
0.87404	0.85632	0.00056	0.37957	0.53425	0.0576	0.02945	0.18193	0.03679	0.00067	0.00133	0.24088	0.00044	0.1242	0.09181
0.85076	0.86456	0.00051	0.4223	0.43105	0.06109	0.02785	0.1676	0.02782	0.00146	0.00328	0.1848	0.00068	0.14095	0.11289
0.89547	0.88685	0.00062	0.43611	0.4786	0.0592	0.02819	0.15733	0.02174	0.0006	0.00212	0.2423	0.00067	0.14988	0.0951
0.91594	0.89338	0.0005	0.42522	0.47976	0.0621	0.02832	0.18589	0.03687	0.0005	0.00201	0.22697	0.00053	0.15332	0.08954
0.8932	0.87349	0.00055	0.45602	0.50175	0.06236	0.02685	0.17847	0.02681	0.00057	0.00194	0.23355	0.00053	0.14627	0.08203
0.8314	0.86272	0.00025	0.43323	0.49888	0.0583	0.02922	0.16933	0.03526	0.00068	0.00088	0.24186	0.00119	0.11557	0.07193
0.88838	0.86807	0.00061	0.35654	0.44582	0.0547	0.02837	0.18116	0.0296	0.00058	0.0023	0.27313	0.00145	0.15559	0.08066
0.85181	0.84865	0.00058	0.4114	0.5326	0.0529	0.02835	0.14878	0.01984	0.00088	0.00233	0.26047	0.00063	0.12211	0.05826
0.88104	0.87315	0.00037	0.41911	0.47582	0.05545	0.03218	0.15685	0.02092	0.00063	0.00169	0.25137	0.00071	0.11395	0.07094
0.84051	0.85953	0.00043	0.40946	0.53903	0.05941	0.031	0.16386	0.03337	0.00063	0.00323	0.21626	0.00071	0.10848	0.07526
0.87984	0.85143	0.00065	0.42341	0.51729	0.05497	0.0277	0.15968	0.02989	0.00094	0.00391	0.22691	0.00094	0.10195	0.06558
0.85832	0.87314	0.00033	0.47676	0.43567	0.05911	0.03169	0.16954	0.04353	0.00071	0.00419	0.22124	0.00113	0.12448	0.07835
0.83815	0.84218	0.00045	0.54728	0.39317	0.05998	0.02804	0.147	0.02952	0.00042	0.00464	0.24215	0.00135	0.10224	0.06182
0.85545	0.83695	0.00033	0.49236	0.52957	0.05812	0.02908	0.16283	0.03059	0.00048	0.00232	0.22802	0.00106	0.10072	0.07062
0.83143	0.82276	0.00094	0.41839	0.55944	0.0611	0.03313	0.16409	0.03022	0.00063	0.00324	0.19363	0.00122	0.09724	0.06824
0.84412	0.83657	0.00055	0.46647	0.51768	0.0633	0.02887	0.20258	0.04531	0.00065	0.00208	0.21543	0.00099	0.10149	0.08631
0.83746	0.84575	0.00041	0.47448	0.41677	0.06408	0.03226	0.19346	0.03132	0.00081	0.00202	0.17018	0.00084	0.11876	0.08385
0.8696	0.84998	0.00053	0.43305	0.48206	0.05795	0.0281	0.2001	0.03324	0.0011	0.002	0.19732	0.00078	0.10692	0.09287
0.89528	0.87311	0.00091	0.36439	0.52726	0.06071	0.02952	0.17616	0.03026	0.001	0.00063	0.23951	0.00121	0.09999	0.08205
0.86684	0.88057	0.0004	0.37658	0.44905	0.05991	0.03213	0.1918	0.03472	0.00077	0.00033	0.20674	0.00136	0.10961	0.08535
0.88883	0.87394	0.00043	0.37948	0.51939	0.05863	0.02956	0.16721	0.03548	0.00121	0.00275	0.22381	0.00164	0.09182	0.10221
0.77876	0.82567	0.00042	0.57974	0.40646	0.0617	0.03286	0.17845	0.03622	0.00109	0.001	0.25558	0.00216	0.10238	0.08504
0.88865	0.85972	0.00072	0.35647	0.56558	0.06055	0.02804	0.18543	0.0464	0.00089	0.00084	0.20957	0.00096	0.10282	0.08726
0.87339	0.85153	0.0006	0.38457	0.50219	0.05804	0.02736	0.18961	0.04109	0.00151	0.00059	0.25963	0.00149	0.10203	0.07301
0.84631	0.85388	0.00071	0.39695	0.41632	0.05945	0.02827	0.19807	0.05497	0.00088	0.00059	0.19755	0.00113	0.0883	0.09264
0.82686	0.86697	0.00053	0.42499	0.43314	0.06393	0.03091	0.19589	0.04244	0.00085	0.00158	0.24405	0.00116	0.12393	0.09655
0.85458	0.84961	0.00051	0.41374	0.49369	0.0612	0.02847	0.15242	0.03116	0.00067	0.0008	0.24144	0.00184	0.10295	0.08414
0.80109	0.84658	0.00055	0.53033	0.45669	0.0569	0.02917	0.17544	0.03427	0.00099	0.00262	0.22048	0.00175	0.12226	0.07761
0.89284	0.88983	0.00037	0.40419	0.50393	0.06105	0.02917	0.16937	0.03784	0.00084	0.00093	0.2439	0.00115	0.1157	0.07576
0.83467	0.86606	0.0006	0.47769	0.42244	0.05346	0.02738	0.16218	0.02886	0.0012	0.00256	0.27554	0.00101	0.1253	0.06435
0.8072	0.86693	0.0009	0.52561	0.48678	0.0573	0.03077	0.17375	0.03553	0.00078	0.00304	0.21595	0.00152	0.1154	0.06689
0.85286	0.85556	0.00034	0.42308	0.45838	0.06365	0.02843	0.1643	0.04139	0.00066	0.00174	0.24158	0.00094	0.10091	0.06806
0.86117	0.84124	0.00045	0.46176	0.50663	0.06222	0.03205	0.18685	0.04168	0.00093	0.00518	0.27164	0.00143	0.11173	0.07168
0.86748	0.89295	0.00041	0.44182	0.48788	0.05741	0.02943	0.18941	0.0391	0.00074	0.00299	0.25665	0.00088	0.11854	0.07314
0.8579	0.8746	0.00046	0.41966	0.48509	0.06001	0.02638	0.19186	0.04138	0.0012	0.0008	0.24077	0.0017	0.10412	0.07852
0.84064	0.85311	0.00055	0.48166	0.50094	0.05707	0.0286	0.19709	0.04332	0.00125	0.00107	0.19284	0.00159	0.10932	0.08423
0.86182	0.85047	0.00048	0.46687	0.45837	0.05606	0.02821	0.17325	0.048	0.00101	0.00247	0.19307	0.00229	0.12342	0.08883
0.83335	0.84987	0.00074	0.40224	0.39209	0.06251	0.02748	0.15568	0.03294	0.00084	0.004	0.22686	0.00114	0.09926	0.08711
0.84924	0.86862	0.00075	0.34701	0.47363	0.05761	0.03339	0.17539	0.03863	0.00075	0.00401	0.22123	0.001	0.10583	0.07811
0.84909	0.8457	0.00055	0.38244	0.40926	0.05919	0.02886	0.17476	0.03444	0.00055	0.00483	0.24492	0.0015	0.12491	0.07094
0.8565	0.83967	0.00067	0.42214	0.53899	0.05809	0.03285	0.18059	0.03433	0.00061	0.00339	0.22877	0.00108	0.10674	0.07695
0.85689	0.87037	0.00053	0.40852	0.43923	0.05702	0.0281	0.1742	0.03414	0.00082	0.00154	0.26026	0.00166	0.1029	0.0802
0.86806	0.87049	0.00059	0.42038	0.5166	0.06149	0.02634	0.19137	0.03914	0.00082	0.00129	0.20575	0.00087	0.1704	0.09222
0.85229	0.88129	0.00042	0.46227	0.51074	0.06165	0.03158	0.18507	0.03742	0.00069	0.00167	0.22791	0.00102	0.12765	0.08035
0.85227	0.85434	0.00088	0.41475	0.44739	0.05608	0.0292	0.17509	0.03422	0.00127	0.002	0.26441	0.00091	0.14613	0.08928
0.82783	0.84753	0.00073	0.49809	0.46115	0.05277	0.03173	0.16609	0.03013	0.00085	0.00079	0.22689	0.00121	0.13387	0.08045
0.87992	0.87451	0.00042	0.43342	0.48091	0.05576	0.02795	0.13641	0.02887	0.0005	0.00242	0.24034	0.00068	0.12367	0.07993
0.88519	0.89585	0.0009	0.4249	0.51268	0.05507	0.02754	0.17454	0.03211	0.00096	0.00225	0.22234	0.00114	0.11873	0.08136
0.78058	0.84492	0.00047	0.52194	0.42748	0.058	0.02955	0.15128	0.02932	0.0008	0.0042	0.24737	0.00134	0.09868	0.07108
0.87241	0.88161	0.00045	0.39925	0.50055	0.05844	0.02687	0.16551	0.03685	0.00149	0.00316	0.19612	0.00091	0.10158	0.07473
0.90249	0.88229	0.0004	0.36047	0.53783	0.06017	0.02825	0.16974	0.0353	0.00162	0.00258	0.22221	0.00041	0.15574	0.10448
0.87623	0.89434	0.00054	0.40651	0.47942	0.05865	0.02615	0.18756	0.04192	0.00093	0.00116	0.27492	0.00116	0.1261	0.06815
0.85572	0.8891	0.00077	0.41191	0.47272	0.06182	0.02843	0.17811	0.03975	0.00129	0.00123	0.25426	0.00137	0.11201	0.07267
0.85754	0.8871	0.00065	0.35434	0.44975	0.05758	0.02901	0.16564	0.02933	0.00171	0.00285	0.21921	0.00093	0.11748	0.06823
0.87718	0.872	0.00085	0.36372	0.45534	0.06057	0.02868	0.16849	0.02521	0.00086	0.00128	0.27755	0.00139	0.12552	0.06391
0.82856	0.8618	0.00081	0.41216	0.44025	0.06142	0.02889	0.16886	0.0291	0.0007	0.00282	0.2366	0.00066	0.11397	0.08351
0.82146	0.84549	0.00069	0.46516	0.51087	0.05431	0.02917	0.19686	0.03614	0.00118	0.00132	0.1956	0.00082	0.10418	0.0692
0.87436	0.85595	0.00101	0.35457	0.52041	0.05488	0.02929	0.18945	0.05026	0.00114	0.00093	0.24245	0.00107	0.13165	0.08396
0.89539	0.8618	0.00169	0.35625	0.53365	0.06206	0.0301	0.19024	0.04524	0.00088	0.00068	0.23962	0.00095	0.11369	0.08848
0.87142	0.85935	0.0006	0.35719	0.50829	0.06341	0.02686	0.19365	0.0505	0.00092	0.0011	0.29427	0.00121	0.10762	0.08755
0.85172	0.84772	0.00073	0.36206	0.50429	0.05925	0.03123	0.16922	0.03378	0.00053	0.00082	0.25744	0.00074	0.09866	0.09399
0.86947	0.84465	0.00067	0.35551	0.53358	0.05856	0.02841	0.17482	0.03906	0.00047	0.0013	0.22166	0.00068	0.10885	0.08288
0.85743	0.85863	0.00077	0.41587	0.49947	0.05643	0.02689	0.16905	0.02908	0.00078	0.00212	0.22325	0.00056	0.13417	0.08598
0.89913	0.87731	0.00062	0.3423	0.51244	0.05913	0.0298	0.17866	0.03772	0.00142	0.00077	0.28207	0.00068	0.10537	0.07901
0.8702	0.88813	0.00063	0.32865	0.45513	0.05767	0.02631	0.17303	0.03742	0.0008	0.00234	0.31615	0.00125	0.1182	0.06374
0.8978	0.87078	0.00066	0.36253	0.53159	0.05814	0.02529	0.19197	0.04903	0.00108	0.00211	0.30224	0.00029	0.14331	0.10414
0.88619	0.87714	0.00047	0.37215	0.51862	0.05349	0.02829	0.19746	0.0486	0.00067	0.00195	0.31546	0.00074	0.12924	0.08422
0.86659	0.87981	0.00035	0.34087	0.55743	0.06116	0.02965	0.20632	0.04633	0.00102	0.00046	0.24521	0.00098	0.10016	0.07398
0.89962	0.86635	0.00049	0.35779	0.53462	0.06147	0.02695	0.1757	0.03564	0.00133	0.00097	0.24054	0.00133	0.09189	0.07999
0.93501	0.869	0.00078	0.32919	0.44992	0.05624	0.02773	0.1872	0.0503	0.0007	0.0008	0.22427	0.00177	0.10304	0.0643
0.90075	0.88302	0.00043	0.36451	0.52919	0.05688	0.03134	0.20068	0.04871	0.00042	0.00176	0.20653	0.00181	0.12202	0.07141
0.915	0.87492	0.00077	0.33961	0.56834	0.06143	0.02823	0.19517	0.03387	0.00048	0.00279	0.21934	0.0013	0.11528	0.07052
0.91145	0.85682	0.00058	0.34654	0.41667	0.05571	0.02651	0.18693	0.03208	0.00055	0.00191	0.22839	0.00039	0.1227	0.06551
0.91778	0.8651	0.00059	0.3697	0.50715	0.0583	0.02941	0.16396	0.03553	0.0005	0.00195	0.29002	0.00087	0.12346	0.0689
0.94882	0.87534	0.00056	0.34573	0.53634	0.05755	0.0261	0.17617	0.03356	0.00051	0.00209	0.20894	0.00063	0.12641	0.08512
0.79272	0.82577	0.00032	0.42154	0.53259	0.05454	0.02674	0.17578	0.03127	0.00078	0.00321	0.19536	0.00092	0.10545	0.07291
0.84116	0.85468	0.00049	0.42197	0.47798	0.05351	0.02684	0.18611	0.03478	0.00046	0.00261	0.18725	0.00105	0.13537	0.09632
0.85702	0.88666	0.00062	0.40077	0.48702	0.05528	0.02962	0.18695	0.03995	0.00073	0.00204	0.23793	0.00072	0.1278	0.08207
0.88012	0.84834	0.00044	0.36021	0.42006	0.0574	0.02897	0.16896	0.03161	0.0005	0.00265	0.20074	0.00101	0.09406	0.07598
0.91932	0.87941	0.00077	0.32222	0.47178	0.05638	0.0319	0.199	0.03568	0.00072	0.00286	0.20298	0.00156	0.12329	0.06911
0.93502	0.90029	0.00056	0.27672	0.45934	0.05723	0.03145	0.18586	0.03728	0.00041	0.0013	0.23794	0.00146	0.10844	0.06002
0.90695	0.88151	0.00046	0.30399	0.56337	0.05796	0.02755	0.18862	0.03273	0.0005	0.00223	0.20413	0.00113	0.12176	0.06114
0.88476	0.88387	0.00099	0.31656	0.48782	0.0611	0.02947	0.16688	0.03142	0.00103	0.00165	0.23165	0.00068	0.11775	0.0679
0.90759	0.87461	0.0008	0.3029	0.45694	0.05705	0.03011	0.18193	0.02681	0.00039	0.00102	0.22317	0.00062	0.12252	0.06741
0.90129	0.89562	0.00079	0.3381	0.47227	0.06235	0.03027	0.18269	0.02425	0.00054	0.00085	0.23165	0.0008	0.10974	0.06407
0.91577	0.86675	0.00087	0.35306	0.5286	0.06012	0.02771	0.19193	0.03158	0.00048	0.00067	0.22119	0.00055	0.1282	0.0802
0.80552	0.84889	0.00081	0.44213	0.38461	0.05047	0.02995	0.16512	0.0308	0.00026	0.00221	0.21875	0.00136	0.09781	0.06483
0.85694	0.85696	0.001	0.37507	0.46184	0.05382	0.02726	0.18305	0.03243	0.0006	0.00213	0.19611	0.00093	0.10691	0.06749
0.84344	0.8338	0.00086	0.41928	0.41888	0.05646	0.03152	0.17635	0.03458	0.00056	0.00141	0.18685	0.00126	0.12391	0.07402
0.90495	0.86218	0.00075	0.33785	0.50735	0.06023	0.0274	0.18319	0.04252	0.00034	0.00214	0.19915	0.00079	0.09952	0.07466
0.81574	0.84352	0.00092	0.36759	0.4741	0.05228	0.02829	0.17842	0.03887	0.00088	0.00157	0.1964	0.00156	0.12097	0.06229
0.8382	0.85408	0.00057	0.39199	0.47035	0.05908	0.02931	0.19371	0.04381	0.00039	0.0031	0.19067	0.0009	0.11725	0.07269
0.91129	0.86566	0.00027	0.38622	0.47254	0.05534	0.02914	0.16813	0.02645	0.00047	0.00363	0.20545	0.00072	0.11596	0.08161
0.8159	0.80389	0.00077	0.44965	0.43091	0.05402	0.03026	0.1663	0.03173	0.00043	0.00268	0.20469	0.00069	0.10801	0.07604
0.89488	0.86866	0.00084	0.37918	0.57509	0.05157	0.02943	0.17645	0.03373	0.00059	0.00125	0.24306	0.00117	0.13519	0.07016
0.88532	0.8542	0.00036	0.35792	0.47845	0.05165	0.02783	0.15992	0.03271	0.00043	0.00058	0.24594	0.0007	0.12026	0.08071
0.87402	0.84692	0.00077	0.39514	0.53179	0.05383	0.03172	0.15746	0.0327	0.00097	0.00179	0.24453	0.00073	0.11231	0.06322
0.77467	0.86091	0.00092	0.46255	0.4575	0.06178	0.0298	0.1521	0.03281	0.00047	0.00341	0.21097	0.00068	0.12547	0.06188
0.85331	0.80818	0.00058	0.40225	0.55191	0.05652	0.02924	0.1696	0.04376	0.00065	0.00177	0.26106	0.00082	0.12748	0.06396
0.89289	0.85784	0.00045	0.40343	0.47335	0.0571	0.03132	0.15851	0.03914	0.00071	0.00281	0.26358	0.00089	0.12287	0.06137
0.86492	0.86331	0.00037	0.39962	0.46563	0.05687	0.02945	0.168	0.03841	0.0006	0.00177	0.24774	0.00064	0.12536	0.0664
0.83582	0.8414	0.00038	0.41378	0.49219	0.05733	0.03312	0.16774	0.02819	0.00062	0.0028	0.22591	0.00094	0.12366	0.05709
0.81258	0.82485	0.00053	0.37677	0.45392	0.06499	0.02919	0.14472	0.0298	0.00046	0.001	0.2052	0.00158	0.1163	0.0617
0.83321	0.85687	0.00046	0.35676	0.52637	0.05938	0.02726	0.16143	0.03583	0.00049	0.00199	0.2128	0.00092	0.13083	0.06474
0.87108	0.83068	0.0007	0.42922	0.48424	0.06049	0.02584	0.17082	0.0357	0.00075	0.00193	0.22229	0.00073	0.13092	0.06149
0.8458	0.82818	0.00039	0.37792	0.51408	0.05599	0.02754	0.18524	0.03966	0.00059	0.00223	0.24786	0.00053	0.12774	0.06737
0.87359	0.84771	0.00059	0.45555	0.49964	0.05698	0.02713	0.15957	0.02997	0.00051	0.00201	0.25956	0.00111	0.14443	0.067
0.87578	0.85803	0.00149	0.40635	0.56204	0.05995	0.02608	0.17073	0.03396	0.00085	0.0024	0.21038	0.0005	0.15471	0.07584
0.8554	0.84334	0.00065	0.4199	0.56849	0.05003	0.02746	0.17775	0.03344	0.00076	0.00365	0.19442	0.00077	0.13027	0.0591
0.78414	0.82555	0.00064	0.45977	0.44477	0.05682	0.02923	0.17103	0.03305	0.00055	0.00206	0.21238	0.00118	0.12612	0.06314
0.82743	0.86224	0.00068	0.46084	0.53614	0.05926	0.0276	0.17206	0.03664	0.00037	0.00179	0.21254	0.00049	0.13004	0.07288
0.88889	0.88782	0.00023	0.38696	0.57658	0.05598	0.02848	0.17066	0.03646	0.00053	0.00175	0.17979	0.0005	0.10835	0.06992
0.84121	0.82832	0.00041	0.43201	0.5466	0.06007	0.02963	0.17507	0.03189	0.00089	0.00131	0.19384	0.00058	0.11539	0.0764
0.84991	0.85227	0.00039	0.44589	0.58544	0.05677	0.02505	0.17089	0.02615	0.00064	0.00149	0.25045	0.00036	0.12484	0.06381
0.8373	0.86353	0.00051	0.39164	0.49669	0.05934	0.0264	0.15298	0.03176	0.00077	0.00236	0.28076	0.00063	0.14265	0.08694
0.8124	0.84442	0.00031	0.42618	0.47835	0.06059	0.02949	0.17538	0.03642	0.00049	0.0039	0.24369	0.00102	0.13983	0.05755
0.81169	0.82109	0.00032	0.47481	0.43394	0.06145	0.02733	0.16065	0.04629	0.00076	0.00185	0.28074	0.00137	0.1478	0.07657
0.80984	0.81962	0.00028	0.37068	0.42246	0.06305	0.03044	0.17099	0.03923	0.00061	0.00319	0.28681	0.00081	0.13045	0.05528
0.82303	0.8215	0.00057	0.3976	0.38924	0.0582	0.03278	0.17408	0.03988	0.00132	0.00207	0.23976	0.00067	0.13322	0.06519
0.80159	0.83976	0.00052	0.37331	0.44486	0.05608	0.02863	0.1749	0.03765	0.00101	0.00266	0.20259	0.00073	0.12968	0.07239
0.78908	0.81261	0.00042	0.39167	0.45898	0.0604	0.02857	0.16676	0.03963	0.00108	0.00405	0.21686	0.0011	0.14119	0.06952
0.70803	0.78094	0.00071	0.40856	0.40871	0.0492	0.02818	0.15796	0.03604	0.00068	0.00454	0.20094	0.00087	0.13431	0.07693
0.7481	0.81631	0.00057	0.39146	0.43931	0.05668	0.02816	0.1627	0.03623	0.00072	0.00252	0.19899	0.00127	0.1346	0.07432
0.70523	0.79906	0.00055	0.38524	0.40464	0.05652	0.02856	0.15048	0.04066	0.0009	0.00341	0.20335	0.00042	0.13051	0.0632
0.79004	0.8365	0.00036	0.38079	0.43527	0.05161	0.03171	0.17467	0.04096	0.00087	0.0022	0.21631	0.0008	0.10815	0.06229
0.8293	0.81815	0.00039	0.44803	0.46336	0.04976	0.03252	0.15135	0.03989	0.00069	0.00188	0.23809	0.00096	0.13307	0.06256
0.78602	0.80311	0.0006	0.42362	0.51629	0.05028	0.03122	0.17661	0.04882	0.00066	0.0039	0.21995	0.00062	0.17352	0.07581
0.81703	0.80526	0.00033	0.41521	0.5561	0.05413	0.02626	0.18031	0.04607	0.00067	0.0018	0.2377	0.00078	0.15038	0.06154
0.82093	0.81277	0.00052	0.41121	0.54724	0.05557	0.02652	0.1609	0.05172	0.00106	0.0025	0.1976	0.00128	0.15385	0.07853
0.78015	0.79046	0.00025	0.51562	0.49771	0.04981	0.0278	0.14459	0.04049	0.00097	0.00084	0.22917	0.0006	0.15663	0.07064
0.81031	0.8229	0.00039	0.42335	0.49679	0.05084	0.0315	0.14652	0.03572	0.00139	0.00257	0.23848	0.00155	0.12547	0.06687
0.84665	0.82314	0.00047	0.38554	0.51704	0.04758	0.03263	0.17619	0.03827	0.00094	0.0016	0.2608	0.00118	0.14386	0.08153
0.86376	0.82925	0.00032	0.39585	0.49967	0.05747	0.02821	0.17405	0.03459	0.00126	0.0017	0.24456	0.00048	0.13912	0.06979
0.85538	0.85574	0.00032	0.43188	0.48988	0.05949	0.02919	0.20274	0.04979	0.00118	0.001	0.25552	0.00104	0.14712	0.06395
0.83693	0.82498	0.0003	0.40412	0.43733	0.05774	0.02763	0.17844	0.04522	0.00068	0.00197	0.25026	0.00079	0.139	0.07068
0.80479	0.81197	0.00024	0.40601	0.52	0.05778	0.02983	0.1683	0.04034	0.00042	0.00158	0.22726	0.0007	0.12346	0.05635
0.88591	0.86512	0.00025	0.41694	0.56562	0.05419	0.0288	0.17926	0.04011	0.00051	0.00172	0.22958	0.00044	0.12763	0.07138
0.83901	0.86237	0.00031	0.39248	0.50209	0.0541	0.02864	0.16895	0.03625	0.00129	0.00193	0.26363	0.00076	0.13982	0.05631
0.77534	0.83207	0.00028	0.55725	0.4293	0.05398	0.03073	0.16252	0.03351	0.00089	0.00322	0.19958	0.00137	0.1487	0.07336
0.8798	0.84878	0.002	0.3769	0.498	0.06375	0.03015	0.1527	0.03164	0.00064	0.00168	0.24215	0.00041	0.12394	0.06615
0.84424	0.86711	0.00038	0.43475	0.4918	0.05737	0.0346	0.17298	0.03719	0.00107	0.0032	0.2972	0.00064	0.1272	0.05698
0.83822	0.85485	0.00058	0.45938	0.51915	0.05837	0.03352	0.16673	0.03538	0.00049	0.00145	0.30211	0.00038	0.15942	0.05643
0.87896	0.84249	0.00044	0.34496	0.54024	0.06215	0.03061	0.17837	0.03886	0.00095	0.00218	0.23081	0.0006	0.12411	0.05932
0.86091	0.86451	0.00086	0.42895	0.47632	0.05843	0.02848	0.16311	0.03686	0.00038	0.00171	0.25867	0.00049	0.12928	0.06289
0.82343	0.84832	0.0005	0.45901	0.4729	0.05665	0.03073	0.17936	0.03666	0.00047	0.00106	0.27462	0.00126	0.12117	0.06613
0.82707	0.85206	0.00043	0.35035	0.49848	0.05665	0.02895	0.16881	0.0444	0.00037	0.00123	0.21329	0.00037	0.12092	0.06605
0.86055	0.8508	0.00032	0.35408	0.58605	0.06081	0.03297	0.20317	0.04577	0.00076	0.00192	0.22681	0.0011	0.12544	0.06344
0.82158	0.8234	0.00043	0.37136	0.48761	0.05995	0.03301	0.15214	0.03482	0.0005	0.00186	0.21687	0.00091	0.11461	0.06022
0.82679	0.862	0.00073	0.35429	0.46155	0.05768	0.03118	0.18879	0.03429	0.00097	0.00194	0.2492	0.00057	0.1122	0.06187
0.83658	0.86741	0.00057	0.34409	0.52809	0.05867	0.03355	0.17475	0.03384	0.00048	0.00236	0.2295	0.0013	0.11629	0.06145
0.84889	0.86812	0.00062	0.33152	0.43959	0.06077	0.03347	0.17489	0.03294	0.00088	0.00162	0.25683	0.00089	0.10615	0.05745
0.83228	0.8545	0.00073	0.34376	0.49997	0.05658	0.03056	0.18499	0.03531	0.0011	0.00229	0.22828	0.00067	0.12573	0.0543
0.77162	0.83704	0.00036	0.31601	0.45866	0.05428	0.02929	0.1559	0.02932	0.00053	0.00262	0.24155	0.00114	0.12282	0.05705
0.78355	0.84665	0.00069	0.31875	0.40655	0.05182	0.03278	0.17609	0.03747	0.00051	0.00141	0.2603	0.00071	0.13979	0.05605
0.81308	0.84509	0.00086	0.34479	0.50821	0.05799	0.03371	0.17799	0.03719	0.00039	0.002	0.23852	0.00081	0.09586	0.06757
0.8829	0.86499	0.00031	0.31488	0.57627	0.06189	0.03568	0.18243	0.0356	0.00062	0.00116	0.23628	0.00069	0.12633	0.05514
0.84079	0.8617	0.00073	0.33034	0.52301	0.06091	0.02873	0.19196	0.04206	0.00041	0.00288	0.25584	0.00069	0.13263	0.05102
0.79119	0.80788	0.00139	0.35106	0.42552	0.05721	0.02938	0.15708	0.03609	0.00074	0.00098	0.19217	0.00097	0.11579	0.06312
0.8454	0.84479	0.00097	0.33219	0.49473	0.05446	0.02731	0.19482	0.03619	0.00079	0.00139	0.17036	0.00167	0.10422	0.0626
0.83156	0.83097	0.00082	0.36587	0.4721	0.0552	0.02723	0.16747	0.02422	0.00045	0.00071	0.24016	0.00059	0.13707	0.05105
0.76154	0.82268	0.0004	0.34693	0.49998	0.05176	0.03295	0.16703	0.03671	0.00108	0.00129	0.21401	0.00099	0.12082	0.06184
0.73216	0.77247	0.00043	0.36428	0.43369	0.05547	0.03142	0.16718	0.03843	0.00075	0.00321	0.18582	0.00041	0.12333	0.05673
0.75296	0.82626	0.00035	0.39387	0.47609	0.05608	0.02764	0.15508	0.03214	0.00102	0.00262	0.22966	0.00045	0.12554	0.07103
0.79396	0.83753	0.00039	0.3553	0.46089	0.06117	0.02896	0.16482	0.03518	0.00099	0.0011	0.27611	0.00071	0.12759	0.05807
0.76597	0.79917	0.00048	0.3809	0.51603	0.05388	0.02814	0.16796	0.03369	0.00059	0.0007	0.23858	0.00046	0.13873	0.0677
0.78019	0.82856	0.00108	0.46001	0.46371	0.05205	0.03061	0.1606	0.03747	0.00114	0.00338	0.24434	0.00067	0.13395	0.0511
0.76488	0.85167	0.00071	0.42103	0.52288	0.05443	0.02982	0.15496	0.03215	0.00056	0.00237	0.2621	0.00094	0.10694	0.05919
0.81184	0.87651	0.00052	0.40923	0.54725	0.05709	0.02823	0.15961	0.02942	0.00075	0.00192	0.25713	0.00069	0.11771	0.06238
0.74177	0.83845	0.00085	0.40444	0.45039	0.05487	0.03035	0.16212	0.02804	0.00048	0.00301	0.23493	0.00116	0.12332	0.05473
0.79426	0.8153	0.00036	0.46836	0.47968	0.05679	0.02954	0.17595	0.02702	0.00135	0.00311	0.26206	0.00099	0.12123	0.05498
0.72542	0.85173	0.00051	0.39119	0.45462	0.05476	0.03053	0.18402	0.03632	0.0011	0.00421	0.22665	0.00096	0.11986	0.05038
0.7925	0.87167	0.00053	0.34675	0.51167	0.05738	0.02857	0.18222	0.03484	0.00149	0.00133	0.2511	0.00053	0.11466	0.0639
0.79173	0.83937	0.00032	0.4044	0.5161	0.05515	0.02828	0.19285	0.03204	0.00089	0.0029	0.24556	0.00099	0.13081	0.05953
0.7595	0.80747	0.00038	0.4769	0.54389	0.05325	0.02748	0.17299	0.03466	0.00138	0.00214	0.23441	0.00118	0.12211	0.061
0.76253	0.82837	0.00042	0.4125	0.47417	0.05828	0.02458	0.17832	0.03817	0.00127	0.00254	0.2405	0.00189	0.12758	0.0626
0.78506	0.84438	0.00039	0.41843	0.55475	0.05354	0.02961	0.17457	0.03562	0.00054	0.0018	0.24703	0.00118	0.11719	0.0567
0.77274	0.85668	0.00039	0.41966	0.47215	0.05513	0.02923	0.17679	0.03726	0.00105	0.00185	0.21876	0.00091	0.11791	0.05497
0.80621	0.85504	0.00022	0.42809	0.44311	0.05307	0.02569	0.19079	0.04185	0.0012	0.0033	0.1738	0.00098	0.10536	0.0588
0.84616	0.87864	0.00029	0.38312	0.50087	0.0561	0.02633	0.19473	0.04791	0.00181	0.00238	0.21077	0.00034	0.105	0.05858
0.77553	0.84805	0.00041	0.41346	0.4268	0.05139	0.03169	0.16184	0.0337	0.00112	0.00305	0.22394	0.00058	0.10197	0.07192
0.86222	0.86465	0.0004	0.43434	0.51789	0.05159	0.03042	0.14559	0.02714	0.00067	0.00188	0.26252	0.00071	0.11902	0.06218
0.7862	0.85081	0.00039	0.37579	0.37262	0.05395	0.03067	0.17557	0.03526	0.00068	0.00169	0.2545	0.00096	0.10957	0.06473
0.81619	0.86491	0.00056	0.38981	0.46712	0.05524	0.03085	0.16224	0.03603	0.00068	0.00163	0.23643	0.00072	0.10091	0.06506
0.7532	0.85872	0.00119	0.37582	0.4724	0.0549	0.02919	0.18478	0.03767	0.00069	0.00204	0.22621	0.00066	0.12145	0.06502
0.70784	0.81849	0.00025	0.37386	0.45634	0.05236	0.02757	0.18808	0.03703	0.00089	0.00309	0.17415	0.00107	0.1042	0.0607
0.79889	0.82359	0.00037	0.43803	0.59304	0.05372	0.03185	0.17612	0.03686	0.00117	0.0028	0.21338	0.00079	0.11276	0.06353
0.73664	0.82817	0.00051	0.45649	0.49906	0.05341	0.02884	0.14743	0.03504	0.00073	0.00217	0.22221	0.00059	0.11095	0.06018
0.7948	0.85021	0.0018	0.41036	0.42628	0.05354	0.02982	0.17037	0.03781	0.00044	0.0023	0.2246	0.00079	0.10667	0.055
0.77624	0.83752	0.00045	0.39249	0.51023	0.05117	0.0282	0.16905	0.03725	0.00068	0.00173	0.24197	0.00124	0.10971	0.0576
0.83934	0.90198	0.00112	0.36721	0.51815	0.05721	0.0296	0.17973	0.03136	0.00078	0.00074	0.27091	0.00091	0.09649	0.06303
0.80283	0.85545	0.00104	0.39463	0.5633	0.05276	0.02639	0.18423	0.03521	0.00041	0.00117	0.23277	0.00039	0.12429	0.0527
0.86736	0.88441	0.00075	0.32883	0.51714	0.05739	0.02718	0.18042	0.03469	0.0008	0.00108	0.27615	0.00066	0.12262	0.054
0.82319	0.86944	0.00083	0.3671	0.50282	0.05687	0.02826	0.16928	0.03345	0.00098	0.0014	0.23635	0.00079	0.11195	0.06125
0.82233	0.837	0.00046	0.4105	0.51507	0.05322	0.0253	0.16258	0.03045	0.00082	0.00156	0.21334	0.00093	0.10332	0.06453
0.81495	0.88232	0.00025	0.37087	0.50053	0.05859	0.02963	0.16969	0.03886	0.00072	0.00092	0.2206	0.00093	0.11989	0.05881
0.84134	0.86174	0.00032	0.38807	0.48128	0.05663	0.03141	0.14745	0.0282	0.00061	0.00236	0.26777	0.001	0.10439	0.05544
0.79284	0.82716	0.0004	0.41568	0.47439	0.0516	0.03291	0.17023	0.0416	0.00085	0.00113	0.23351	0.00036	0.11378	0.06408
0.81865	0.8613	0.00046	0.36666	0.45792	0.05282	0.03063	0.17959	0.04502	0.00049	0.00139	0.29004	0.0015	0.11049	0.06223
0.77722	0.85736	0.00031	0.37882	0.46624	0.05273	0.0284	0.18924	0.03649	0.00041	0.00136	0.28134	0.00097	0.12857	0.05727
0.78188	0.84893	0.00024	0.34776	0.49445	0.05039	0.02757	0.19155	0.04511	0.00105	0.00085	0.27142	0.00132	0.11336	0.06117
0.75102	0.82957	0.0004	0.38319	0.47174	0.05317	0.03033	0.16695	0.04046	0.00061	0.00182	0.22884	0.00096	0.10963	0.06573
0.81827	0.8647	0.00026	0.41896	0.51082	0.05753	0.02997	0.17876	0.0401	0.00121	0.00123	0.2195	0.0012	0.10683	0.06348
0.85464	0.86327	0.00053	0.35816	0.48515	0.05888	0.03455	0.18845	0.03814	0.00088	0.00242	0.24646	0.00074	0.09741	0.06209
0.85816	0.87911	0.00042	0.37988	0.54802	0.0583	0.03031	0.1795	0.03181	0.0011	0.00248	0.2403	0.00044	0.12954	0.07483
0.75268	0.84319	0.00096	0.46705	0.49517	0.06038	0.0279	0.15963	0.04116	0.00057	0.00513	0.21346	0.00074	0.10295	0.06955
0.75936	0.84202	0.00031	0.51935	0.45838	0.05839	0.02628	0.18647	0.03507	0.00045	0.00399	0.26378	0.00117	0.11089	0.0663
0.80945	0.8646	0.0006	0.43139	0.47521	0.05315	0.02491	0.19078	0.03888	0.00058	0.00299	0.24864	0.00073	0.09946	0.06468
0.77032	0.82963	0.00053	0.40101	0.5267	0.05135	0.0261	0.18893	0.04163	0.00056	0.00132	0.20434	0.00094	0.10485	0.06585
0.80825	0.83816	0.00042	0.37458	0.52327	0.04975	0.02717	0.1689	0.03871	0.00051	0.00283	0.21419	0.0008	0.0915	0.06573
0.69557	0.81957	0.00076	0.37302	0.43843	0.04921	0.02649	0.16182	0.0289	0.00072	0.00102	0.21238	0.00102	0.1083	0.05462
0.76357	0.85425	0.0011	0.3649	0.46735	0.05235	0.03139	0.16245	0.02686	0.00064	0.00129	0.21798	0.00114	0.09588	0.07091
0.8013	0.87044	0.00047	0.36261	0.52154	0.05638	0.02853	0.17803	0.03069	0.00093	0.00141	0.15749	0.00089	0.1174	0.0652
0.76863	0.87018	0.00099	0.3553	0.46474	0.05543	0.02591	0.18038	0.03724	0.00055	0.00109	0.21659	0.00049	0.10776	0.06574
0.81264	0.89345	0.00027	0.32717	0.54338	0.06092	0.02947	0.19854	0.03782	0.00047	0.00337	0.22953	0.00071	0.09377	0.06455
0.73275	0.80837	0.00034	0.36139	0.38298	0.05563	0.03177	0.19662	0.02949	0.00036	0.00169	0.24391	0.00077	0.1037	0.06068
0.75023	0.82266	0.0007	0.34467	0.40785	0.05627	0.03135	0.19387	0.03744	0.00053	0.00187	0.23029	0.00095	0.11004	0.064
0.85747	0.88329	0.00057	0.36086	0.48102	0.05296	0.03274	0.20488	0.03124	0.0006	0.00211	0.24749	0.00131	0.12771	0.07759
0.83806	0.85041	0.00031	0.3708	0.48208	0.05427	0.03099	0.19769	0.03595	0.00067	0.00277	0.22102	0.00107	0.10972	0.06169
0.86092	0.86767	0.00029	0.3513	0.4898	0.0552	0.03159	0.16786	0.03464	0.00118	0.00205	0.20113	0.00092	0.10122	0.06388
0.85446	0.8518	0.00032	0.34351	0.39524	0.05507	0.03277	0.18874	0.04035	0.00045	0.00235	0.24045	0.00161	0.10749	0.06058
0.85669	0.86948	0.00023	0.39026	0.5209	0.05524	0.0334	0.17991	0.03373	0.00105	0.00201	0.22494	0.00067	0.0979	0.06639
0.85274	0.85916	0.00054	0.39351	0.51013	0.05553	0.03301	0.18137	0.03768	0.00119	0.00122	0.22682	0.0015	0.11119	0.07279
