mass_1	mass_2	phase	time	distance	a_1	a_2	tilt_1	tilt_2	phi_12	phi_jl	theta_jn	psi	ra	dec
0.32507	0.30661	0.04615	0.55626	0.7404	0.04405	0.0445	0.02091	0.01253	0.04704	0.0548	0.10301	0.04628	0.22463	0.08102
0.34149	0.31017	0.04688	0.56533	0.74036	0.04559	0.04496	0.02145	0.01241	0.04619	0.05538	0.10296	0.04784	0.21508	0.08562
0.33786	0.33878	0.04682	0.545	0.73678	0.04379	0.04578	0.02196	0.0129	0.04571	0.05429	0.10411	0.04545	0.22911	0.08658
0.33737	0.36759	0.04858	0.5689	0.73813	0.04413	0.04794	0.01981	0.01363	0.04671	0.0558	0.10885	0.04411	0.22813	0.08717
0.34308	0.34007	0.04783	0.5797	0.74318	0.04316	0.04692	0.0227	0.01484	0.04561	0.05325	0.09616	0.04518	0.22072	0.08501
0.3402	0.31493	0.04652	0.56737	0.76177	0.04098	0.04651	0.02075	0.01433	0.0474	0.05544	0.09519	0.04574	0.23266	0.08547
0.33344	0.37014	0.04646	0.53826	0.76919	0.04272	0.04504	0.02269	0.0138	0.04607	0.05484	0.11472	0.04409	0.25678	0.08892
0.32099	0.32308	0.04527	0.53131	0.77637	0.04177	0.04509	0.02097	0.01274	0.04537	0.05417	0.07329	0.04432	0.21419	0.08736
0.32189	0.42138	0.04605	0.54245	0.78254	0.04335	0.04753	0.02146	0.01374	0.0446	0.05504	0.09772	0.04604	0.21757	0.09301
0.36715	0.42183	0.0449	0.55398	0.78875	0.04107	0.04893	0.02182	0.01221	0.04615	0.05462	0.09662	0.04696	0.21818	0.08753
0.34341	0.41927	0.04621	0.49479	0.78826	0.04171	0.04593	0.02402	0.01343	0.04555	0.05416	0.09993	0.04466	0.22448	0.08299
0.36762	0.36373	0.04674	0.46507	0.78983	0.04108	0.04699	0.02417	0.0134	0.04503	0.05336	0.09688	0.04505	0.21196	0.08562
0.3249	0.39846	0.04536	0.44791	0.79445	0.04028	0.0458	0.02272	0.01396	0.04435	0.05331	0.0877	0.04514	0.23607	0.08583
0.33795	0.35758	0.04476	0.47904	0.80401	0.04027	0.04711	0.0211	0.01251	0.04547	0.05348	0.09476	0.04385	0.18344	0.08884
0.34603	0.41817	0.04477	0.47606	0.80287	0.03887	0.04628	0.02376	0.01209	0.04614	0.05313	0.08233	0.04427	0.19902	0.08909
0.3294	0.39771	0.04284	0.47643	0.7993	0.03818	0.04717	0.0226	0.01299	0.04471	0.05398	0.10328	0.04308	0.19362	0.08158
0.31182	0.38498	0.04317	0.45366	0.81407	0.03874	0.04473	0.01829	0.01472	0.04562	0.05163	0.09802	0.04301	0.15861	0.07135
0.31389	0.40858	0.04221	0.45412	0.8107	0.03844	0.04452	0.01937	0.01335	0.04525	0.05342	0.09228	0.04188	0.16588	0.0748
0.30955	0.44365	0.04014	0.42455	0.80269	0.03651	0.0436	0.02144	0.01481	0.04529	0.05126	0.09842	0.04223	0.18824	0.08025
0.32171	0.415	0.03897	0.4301	0.80254	0.03661	0.04509	0.02136	0.01395	0.04294	0.05063	0.08162	0.04138	0.17494	0.08286
0.32406	0.37015	0.03675	0.3937	0.80395	0.03564	0.04472	0.02178	0.0122	0.04469	0.04867	0.0784	0.04202	0.18476	0.07645
0.30858	0.40672	0.03514	0.4165	0.80488	0.03497	0.04548	0.02044	0.01305	0.04321	0.04745	0.12571	0.04226	0.20146	0.08496
0.34277	0.39108	0.0323	0.43494	0.80453	0.03314	0.04341	0.02196	0.01451	0.04401	0.04551	0.08728	0.0409	0.18893	0.07902
0.33034	0.37059	0.03239	0.40895	0.80059	0.03232	0.04416	0.02158	0.01238	0.04316	0.04427	0.10316	0.04088	0.16596	0.0763
0.35066	0.42525	0.02936	0.40992	0.80185	0.03094	0.04306	0.01906	0.01506	0.04341	0.04142	0.10133	0.04037	0.17309	0.08172
0.32469	0.39854	0.02659	0.42625	0.79902	0.02957	0.04156	0.02171	0.01257	0.04266	0.03759	0.08931	0.04059	0.18329	0.08573
0.31849	0.35102	0.02439	0.42019	0.80767	0.02816	0.04154	0.0222	0.01383	0.04132	0.03606	0.08319	0.03815	0.1836	0.07568
0.32522	0.34449	0.02106	0.42009	0.80632	0.02713	0.04357	0.02191	0.01225	0.04163	0.03243	0.09373	0.03714	0.15083	0.08024
0.33635	0.39793	0.01897	0.41206	0.80084	0.02265	0.04127	0.02383	0.01412	0.04023	0.03112	0.08712	0.03551	0.16837	0.08641
0.30614	0.40641	0.01756	0.40692	0.80902	0.02134	0.03998	0.02238	0.0138	0.03884	0.02773	0.1138	0.03544	0.18943	0.07175
0.30575	0.42974	0.01726	0.36375	0.80486	0.01894	0.04084	0.02045	0.01415	0.03792	0.02745	0.12377	0.03363	0.16008	0.07391
0.30656	0.33263	0.01538	0.37865	0.80476	0.01776	0.04055	0.01883	0.01424	0.0371	0.02655	0.10927	0.03003	0.17837	0.0835
0.32037	0.35466	0.01542	0.4111	0.80715	0.01784	0.03863	0.01954	0.01381	0.03599	0.02532	0.09022	0.02915	0.15636	0.08487
0.31399	0.39081	0.01471	0.44518	0.8103	0.01618	0.03899	0.01711	0.01333	0.03415	0.02559	0.0694	0.0273	0.15442	0.07853
0.32508	0.42552	0.01343	0.38149	0.80616	0.01557	0.03898	0.0174	0.01368	0.03295	0.02305	0.07849	0.02649	0.16457	0.08138
0.31589	0.43558	0.01256	0.37729	0.80608	0.01551	0.03865	0.01644	0.0139	0.03193	0.02247	0.07343	0.0228	0.14977	0.08667
0.31342	0.35764	0.01312	0.41463	0.81244	0.01508	0.04199	0.01717	0.01365	0.02889	0.0227	0.07331	0.02156	0.1573	0.09453
0.34481	0.39206	0.01251	0.42216	0.80689	0.01513	0.03876	0.01582	0.0134	0.02678	0.02124	0.05026	0.0199	0.13997	0.08373
0.27187	0.32749	0.0124	0.39955	0.8043	0.0155	0.03894	0.01965	0.01379	0.0246	0.02291	0.06024	0.01926	0.16679	0.08821
0.30599	0.38787	0.01206	0.42919	0.80662	0.01492	0.03844	0.01659	0.01299	0.02405	0.02121	0.06376	0.0187	0.14907	0.08984
0.27335	0.38304	0.01214	0.39582	0.80743	0.0146	0.03893	0.01908	0.01334	0.02264	0.02027	0.06465	0.01624	0.17222	0.08261
0.33896	0.38202	0.01141	0.3803	0.80523	0.01432	0.039	0.01712	0.01379	0.0202	0.01949	0.06571	0.01697	0.15976	0.07782
0.33795	0.41974	0.01099	0.43051	0.80398	0.01521	0.03876	0.01865	0.01202	0.01828	0.01915	0.10635	0.0153	0.14633	0.08807
0.32562	0.35399	0.01149	0.41267	0.8077	0.01396	0.03849	0.0194	0.01319	0.01737	0.01936	0.05516	0.01493	0.14034	0.08552
0.27664	0.39311	0.01077	0.39942	0.80363	0.0141	0.0402	0.01848	0.01548	0.0165	0.01978	0.06921	0.01446	0.13468	0.08718
0.35672	0.41005	0.01124	0.38038	0.80501	0.01368	0.03973	0.017	0.01459	0.01583	0.01928	0.06334	0.01405	0.1635	0.08724
0.3049	0.44467	0.0107	0.39325	0.80395	0.01362	0.04277	0.01871	0.01466	0.01518	0.01885	0.07586	0.01377	0.16803	0.08564
0.3013	0.37009	0.01004	0.37777	0.80986	0.01372	0.04175	0.01486	0.01407	0.01538	0.01842	0.09246	0.01301	0.16661	0.07251
0.29912	0.38986	0.0098	0.36889	0.80884	0.01346	0.04144	0.01607	0.0153	0.01496	0.01756	0.05764	0.01286	0.1576	0.07932
0.32719	0.37107	0.00979	0.37629	0.80782	0.01409	0.04003	0.01605	0.0126	0.01423	0.01771	0.09903	0.01205	0.1831	0.07967
0.23812	0.34209	0.00982	0.3915	0.8075	0.0134	0.04138	0.01909	0.01347	0.01316	0.01847	0.08432	0.01224	0.18115	0.07973
0.32269	0.34523	0.01036	0.38352	0.8135	0.01417	0.04107	0.01361	0.01258	0.01336	0.01706	0.0767	0.01195	0.17605	0.08235
0.36311	0.35726	0.01009	0.36994	0.8092	0.01415	0.04029	0.01347	0.01297	0.01333	0.01867	0.06391	0.01182	0.15101	0.07936
0.32883	0.43973	0.00968	0.40702	0.81413	0.01355	0.04215	0.01529	0.01132	0.01283	0.01699	0.08956	0.01167	0.18091	0.08172
0.28321	0.43096	0.00977	0.41916	0.80982	0.01436	0.04168	0.01801	0.01258	0.01258	0.01799	0.09473	0.01117	0.1764	0.07848
0.27888	0.37897	0.0096	0.3923	0.81324	0.01435	0.04007	0.01361	0.01415	0.01246	0.01668	0.0601	0.01045	0.189	0.07519
0.29141	0.37488	0.00975	0.38206	0.8097	0.01428	0.04062	0.01523	0.01303	0.01191	0.01557	0.09948	0.01122	0.18192	0.084
0.3147	0.33998	0.0089	0.41902	0.81258	0.01426	0.04053	0.01403	0.01359	0.01191	0.01557	0.09618	0.01059	0.19292	0.08038
0.3193	0.38429	0.00878	0.42917	0.81396	0.01421	0.04085	0.0148	0.01235	0.0117	0.01529	0.10761	0.01113	0.16425	0.08088
0.28242	0.38278	0.00888	0.41542	0.81784	0.01431	0.04182	0.01503	0.01236	0.01147	0.01561	0.12603	0.01075	0.17818	0.08301
0.25923	0.31078	0.00873	0.40499	0.80771	0.01448	0.04056	0.01347	0.01179	0.01173	0.01647	0.08324	0.01036	0.16434	0.09119
0.23982	0.34595	0.00856	0.38108	0.81143	0.01485	0.03944	0.0138	0.01164	0.01064	0.01588	0.11104	0.01138	0.15658	0.07987
0.27102	0.37767	0.0086	0.38165	0.80734	0.01535	0.04115	0.01424	0.01179	0.01106	0.01653	0.07567	0.01002	0.16351	0.07814
0.22408	0.3162	0.00851	0.40875	0.80654	0.01566	0.04036	0.01424	0.01379	0.01051	0.01558	0.06589	0.00991	0.14895	0.07421
0.29466	0.34595	0.00834	0.34248	0.81326	0.01443	0.03985	0.01394	0.01215	0.0103	0.01823	0.10054	0.01048	0.15876	0.07982
0.31448	0.42486	0.00788	0.44163	0.81412	0.0145	0.03636	0.0137	0.01266	0.01036	0.01714	0.07682	0.01016	0.16112	0.08053
0.2879	0.37297	0.00817	0.42862	0.81275	0.01457	0.04044	0.01295	0.01243	0.01076	0.01629	0.07406	0.01023	0.15201	0.07039
0.27538	0.38987	0.00766	0.40673	0.80779	0.01436	0.0398	0.01483	0.01358	0.01065	0.01605	0.08076	0.01025	0.14587	0.07702
0.30245	0.35745	0.00792	0.37828	0.8137	0.01479	0.03997	0.01406	0.01276	0.0096	0.01587	0.08668	0.00928	0.16351	0.08921
0.25553	0.37312	0.00834	0.3683	0.80921	0.01595	0.03656	0.01683	0.01312	0.01021	0.01519	0.1216	0.00988	0.16865	0.07413
0.34885	0.42689	0.00763	0.3678	0.81892	0.01537	0.03911	0.01328	0.01255	0.00962	0.01365	0.0926	0.00924	0.15158	0.07965
0.26639	0.36078	0.00784	0.43861	0.81732	0.0159	0.04042	0.01359	0.01309	0.00924	0.01382	0.08756	0.00917	0.12815	0.08238
0.29474	0.37439	0.00747	0.38294	0.80879	0.01536	0.03655	0.01456	0.01281	0.00986	0.01437	0.09344	0.00957	0.18104	0.08092
0.29017	0.37809	0.00773	0.3418	0.80622	0.0167	0.03934	0.01371	0.01262	0.00888	0.01455	0.08269	0.00896	0.139	0.06947
0.24317	0.35177	0.00741	0.37531	0.81317	0.01621	0.03643	0.01349	0.01209	0.00933	0.01414	0.10469	0.00922	0.13634	0.06828
0.35308	0.41653	0.00704	0.41729	0.81238	0.01504	0.03835	0.01235	0.01182	0.00927	0.01378	0.08195	0.00876	0.14835	0.07043
0.24331	0.28811	0.00771	0.43975	0.81576	0.01555	0.03673	0.01385	0.01165	0.00888	0.01377	0.09598	0.00885	0.14852	0.07517
0.2671	0.32124	0.00791	0.38495	0.81737	0.01511	0.03946	0.01207	0.01196	0.00836	0.01422	0.06337	0.00903	0.14217	0.07055
0.23932	0.32646	0.00698	0.39628	0.81319	0.01516	0.03794	0.01469	0.01235	0.00863	0.0143	0.07421	0.00932	0.15932	0.07531
0.29741	0.33903	0.00744	0.37247	0.81755	0.01446	0.03687	0.01287	0.01201	0.00909	0.01418	0.08574	0.0089	0.13267	0.07601
0.23612	0.32005	0.00684	0.36722	0.80394	0.01523	0.03764	0.01374	0.01209	0.00855	0.01263	0.10847	0.00856	0.14112	0.07632
0.31608	0.42624	0.00696	0.39103	0.81432	0.01545	0.03775	0.01176	0.01135	0.00902	0.01429	0.11194	0.00886	0.10365	0.10991
0.28103	0.3585	0.00681	0.37533	0.81705	0.015	0.03686	0.01228	0.0114	0.00877	0.015	0.1135	0.008	0.134	0.07315
0.25401	0.38572	0.00629	0.38439	0.81128	0.01696	0.0359	0.01251	0.012	0.0086	0.01378	0.09483	0.00883	0.12905	0.08259
0.26937	0.38338	0.00665	0.35907	0.81873	0.01521	0.03449	0.01155	0.01169	0.00863	0.01309	0.09985	0.0085	0.18187	0.07115
0.28148	0.35773	0.00639	0.42414	0.80988	0.01709	0.03536	0.01158	0.01229	0.00869	0.01172	0.0863	0.00856	0.12818	0.06564
0.28338	0.35116	0.00594	0.39443	0.80995	0.01613	0.03479	0.01098	0.01188	0.00871	0.01299	0.09821	0.00863	0.17202	0.07892
0.24831	0.41899	0.00668	0.42186	0.81297	0.016	0.03435	0.01232	0.01212	0.00848	0.01247	0.11265	0.00765	0.15797	0.07179
0.24918	0.34914	0.00614	0.41739	0.82015	0.01753	0.03453	0.00989	0.01342	0.00853	0.01226	0.15458	0.00763	0.12661	0.09239
0.29607	0.40065	0.00646	0.40372	0.82215	0.01694	0.03534	0.01184	0.01219	0.00826	0.01231	0.06085	0.00867	0.17349	0.08662
0.36748	0.43228	0.00593	0.44805	0.81104	0.0157	0.03512	0.01088	0.0114	0.00814	0.01166	0.055	0.00795	0.1585	0.07917
0.30331	0.39175	0.00586	0.39995	0.80831	0.01543	0.03408	0.01091	0.0111	0.00838	0.01341	0.11151	0.00777	0.16143	0.07591
0.24645	0.35564	0.00618	0.40534	0.81228	0.01608	0.03472	0.01223	0.01114	0.00837	0.01289	0.09762	0.00694	0.16739	0.08254
0.27371	0.40444	0.0059	0.35664	0.82115	0.01624	0.0349	0.01126	0.01105	0.00828	0.01212	0.09494	0.00738	0.16679	0.08408
0.27516	0.38451	0.00586	0.40381	0.81782	0.01529	0.03311	0.01159	0.01213	0.00766	0.01223	0.09657	0.00725	0.14553	0.08285
0.30048	0.36138	0.00613	0.45316	0.81345	0.01504	0.03362	0.01042	0.01214	0.00813	0.01274	0.06378	0.00767	0.16129	0.07403
0.23676	0.31328	0.00534	0.37548	0.81811	0.01632	0.03446	0.01237	0.01126	0.00823	0.01352	0.14339	0.00737	0.18529	0.07893
0.28681	0.41865	0.00599	0.40462	0.81689	0.01622	0.03429	0.01345	0.01183	0.00783	0.01283	0.07804	0.00735	0.17849	0.07756
0.25959	0.31342	0.00606	0.3901	0.81082	0.01511	0.03355	0.01128	0.01214	0.00795	0.01235	0.10925	0.00713	0.17429	0.07583
0.29743	0.34658	0.00564	0.43223	0.82454	0.0154	0.03299	0.01005	0.01178	0.00743	0.01128	0.06349	0.00725	0.14441	0.0798
0.23691	0.33443	0.00586	0.3832	0.81254	0.01479	0.03377	0.01362	0.01255	0.00715	0.01092	0.09982	0.00751	0.1459	0.08699
0.2749	0.34689	0.00589	0.39611	0.82012	0.01401	0.03297	0.01108	0.01237	0.00774	0.01175	0.07238	0.0072	0.16744	0.06896
0.26345	0.37175	0.00576	0.3292	0.80883	0.01548	0.03467	0.01271	0.01191	0.00771	0.01163	0.07661	0.00703	0.16957	0.07902
0.31616	0.38215	0.00582	0.35817	0.81485	0.01568	0.03352	0.01032	0.012	0.00785	0.01069	0.07904	0.0069	0.17824	0.0776
0.27386	0.37697	0.00509	0.38107	0.82206	0.01574	0.03345	0.01127	0.01149	0.00734	0.01179	0.06511	0.0068	0.19533	0.08346
0.30688	0.37522	0.0051	0.38672	0.82185	0.0152	0.03433	0.01221	0.01133	0.00715	0.01127	0.09595	0.00688	0.12162	0.07085
0.30627	0.37341	0.00503	0.40737	0.80909	0.01555	0.03306	0.01223	0.01241	0.00727	0.01126	0.10134	0.00639	0.17764	0.09287
0.28735	0.39041	0.00535	0.39852	0.81851	0.01457	0.03434	0.00959	0.01175	0.00824	0.01113	0.09823	0.00672	0.19694	0.08649
0.22727	0.33821	0.00578	0.39446	0.81939	0.01581	0.03439	0.01243	0.01167	0.00675	0.0111	0.13872	0.0068	0.1844	0.06825
0.29927	0.38315	0.0053	0.36794	0.80667	0.01529	0.03401	0.01316	0.01195	0.00733	0.01202	0.09148	0.00666	0.12984	0.07221
0.29781	0.4169	0.00497	0.37377	0.8116	0.01449	0.03473	0.01118	0.01094	0.00789	0.01208	0.07946	0.00632	0.15214	0.06764
0.2368	0.3343	0.0054	0.39589	0.80401	0.01468	0.03443	0.01057	0.01296	0.00731	0.01228	0.06969	0.00659	0.19596	0.08873
0.222	0.39088	0.00494	0.40091	0.8236	0.01543	0.03338	0.01296	0.0129	0.00753	0.00995	0.13375	0.00625	0.18261	0.0609
0.28187	0.43656	0.00486	0.36515	0.81449	0.01391	0.03319	0.01162	0.01181	0.00665	0.01123	0.12381	0.0064	0.18721	0.06554
0.24977	0.34141	0.00475	0.37423	0.81183	0.01441	0.03398	0.01049	0.01107	0.00712	0.01047	0.09445	0.00612	0.21856	0.08576
0.29016	0.46279	0.00516	0.35502	0.82647	0.01371	0.03354	0.00947	0.01148	0.0069	0.01176	0.0798	0.00617	0.17008	0.0588
0.30913	0.50712	0.00489	0.372	0.81602	0.01503	0.03318	0.01152	0.01086	0.0066	0.01086	0.11963	0.00626	0.19097	0.06186
0.27977	0.44625	0.00465	0.35673	0.81386	0.01544	0.03343	0.01032	0.01095	0.00688	0.01117	0.10865	0.00632	0.18424	0.0625
0.24301	0.38828	0.0048	0.37517	0.81739	0.01524	0.03343	0.01228	0.0117	0.00682	0.01144	0.07869	0.006	0.21956	0.08805
0.20364	0.32248	0.00435	0.35787	0.82007	0.01536	0.03315	0.01291	0.01138	0.00713	0.01089	0.13544	0.00661	0.23363	0.09181
0.21553	0.36132	0.00446	0.33263	0.81338	0.01548	0.03386	0.01174	0.01124	0.00684	0.01181	0.18026	0.00606	0.21274	0.09449
0.23243	0.33677	0.00518	0.36296	0.80645	0.01576	0.03246	0.01038	0.01157	0.00625	0.01217	0.15069	0.00598	0.19872	0.08984
0.26183	0.40182	0.00441	0.35818	0.82021	0.01565	0.03261	0.01082	0.01196	0.00688	0.01044	0.09789	0.0058	0.19214	0.09488
0.228	0.36051	0.00441	0.34511	0.82208	0.01641	0.03361	0.01384	0.01158	0.00686	0.01127	0.15999	0.00659	0.21249	0.0884
0.25729	0.38537	0.00419	0.38463	0.81886	0.01658	0.03341	0.01125	0.01144	0.00647	0.01214	0.09032	0.00628	0.16534	0.08891
0.27423	0.41415	0.00446	0.37488	0.82407	0.01636	0.03368	0.01122	0.01175	0.00656	0.01202	0.1298	0.00591	0.19134	0.08916
0.23734	0.43517	0.0043	0.34378	0.81279	0.01516	0.03447	0.01169	0.01053	0.00645	0.01133	0.0815	0.00556	0.21812	0.08682
0.24041	0.31377	0.00378	0.38628	0.80999	0.01824	0.03259	0.01346	0.01151	0.00619	0.01075	0.08624	0.00579	0.19131	0.0707
0.3109	0.37317	0.0039	0.36949	0.81471	0.01617	0.03331	0.01033	0.01113	0.00618	0.01056	0.06651	0.00595	0.19531	0.07232
0.29005	0.34218	0.00416	0.32912	0.81232	0.01711	0.03434	0.0116	0.01244	0.00673	0.00989	0.09393	0.00571	0.18066	0.07536
0.26829	0.28291	0.00436	0.36081	0.81665	0.01511	0.03487	0.01316	0.01159	0.00575	0.00985	0.0989	0.00563	0.194	0.06961
0.24049	0.33524	0.00402	0.3832	0.8177	0.01734	0.03337	0.01453	0.0128	0.00616	0.01028	0.1156	0.00578	0.21036	0.07058
0.30148	0.41148	0.00391	0.43922	0.81544	0.01659	0.03226	0.0136	0.01144	0.00632	0.01018	0.09195	0.00536	0.21888	0.07587
0.22488	0.32585	0.00392	0.40877	0.81681	0.01882	0.03226	0.01583	0.0116	0.00608	0.00945	0.12738	0.00542	0.2058	0.07187
0.22683	0.3474	0.00369	0.33789	0.81455	0.01754	0.03283	0.01375	0.01101	0.00557	0.00928	0.11388	0.0056	0.20033	0.06332
0.26369	0.41127	0.00359	0.39873	0.81301	0.01892	0.03333	0.01587	0.01127	0.00632	0.00882	0.10256	0.00513	0.21362	0.06364
0.31172	0.39531	0.00411	0.41188	0.81843	0.01791	0.03389	0.01336	0.01193	0.00557	0.00823	0.1199	0.00546	0.19042	0.07268
0.26172	0.43245	0.00348	0.39062	0.81085	0.01679	0.03406	0.01198	0.01098	0.0056	0.0086	0.08656	0.0053	0.2166	0.07408
0.27478	0.41236	0.00352	0.40364	0.81418	0.01628	0.03303	0.01241	0.01144	0.00563	0.00974	0.10393	0.00516	0.21682	0.08929
0.2298	0.41689	0.00371	0.38036	0.81658	0.0159	0.03059	0.01191	0.0114	0.00568	0.00891	0.0655	0.00505	0.20698	0.06839
0.27208	0.46287	0.00441	0.37738	0.81112	0.01615	0.03242	0.01385	0.01291	0.00529	0.00967	0.10058	0.00524	0.23455	0.08905
0.28647	0.46899	0.00376	0.41281	0.82174	0.01566	0.03243	0.01264	0.00994	0.00552	0.00902	0.1076	0.00545	0.18812	0.07247
0.3166	0.53019	0.00457	0.41216	0.81549	0.01611	0.03068	0.01146	0.01022	0.00553	0.00989	0.09729	0.0049	0.17911	0.06705
0.24348	0.43426	0.00389	0.37545	0.81456	0.01577	0.03161	0.01165	0.01186	0.00502	0.00932	0.11329	0.0055	0.19612	0.07011
0.27299	0.47428	0.00388	0.39015	0.81139	0.01723	0.03234	0.0092	0.00966	0.00517	0.00894	0.08075	0.00473	0.18687	0.06911
0.23695	0.45046	0.00383	0.35925	0.80901	0.01594	0.03271	0.01121	0.0104	0.00563	0.00843	0.07942	0.0048	0.20331	0.06597
0.26642	0.54894	0.00352	0.36495	0.82149	0.01781	0.03288	0.01344	0.01102	0.00544	0.00945	0.12182	0.00498	0.18154	0.0578
0.26764	0.55551	0.00392	0.3661	0.81413	0.01757	0.03151	0.00981	0.01062	0.0051	0.00927	0.10036	0.00489	0.20384	0.06466
0.27576	0.511	0.00322	0.38392	0.81528	0.01751	0.03249	0.00859	0.0101	0.00526	0.00882	0.10753	0.00466	0.19773	0.05961
0.25841	0.42589	0.00333	0.41068	0.81075	0.01909	0.03189	0.00809	0.00982	0.0051	0.01001	0.0659	0.00462	0.20295	0.06778
0.30756	0.42587	0.00317	0.39036	0.82248	0.01781	0.03285	0.00897	0.01074	0.00531	0.00877	0.08846	0.00439	0.1829	0.06085
0.24052	0.48981	0.00336	0.38446	0.8135	0.01786	0.03141	0.00785	0.01043	0.00467	0.00938	0.09742	0.00447	0.20924	0.07094
0.30045	0.45051	0.00299	0.35507	0.81266	0.01841	0.0327	0.00826	0.01078	0.00512	0.0083	0.10529	0.00439	0.19385	0.04733
0.30965	0.54851	0.00308	0.42498	0.81165	0.02064	0.03181	0.0112	0.01062	0.00507	0.00814	0.07499	0.00482	0.21482	0.07098
0.28704	0.47499	0.00333	0.40983	0.81121	0.01906	0.03266	0.00767	0.01004	0.00502	0.00832	0.05271	0.0044	0.21759	0.06739
0.2727	0.47591	0.00331	0.36735	0.81463	0.01897	0.03114	0.00727	0.00983	0.00514	0.00845	0.08526	0.00449	0.21668	0.05561
0.25925	0.49824	0.00309	0.40648	0.81523	0.01837	0.03222	0.00666	0.01041	0.00493	0.00882	0.08442	0.00447	0.22808	0.06858
0.23586	0.46331	0.00353	0.39963	0.81489	0.0188	0.03151	0.00613	0.00977	0.00448	0.00801	0.08747	0.0042	0.20362	0.06277
0.23841	0.43154	0.00328	0.36911	0.80803	0.01758	0.03076	0.01131	0.01014	0.00463	0.00806	0.11757	0.00424	0.21167	0.06785
0.25643	0.48907	0.00303	0.40464	0.81535	0.01813	0.0314	0.00759	0.00875	0.00456	0.00797	0.08425	0.00408	0.21589	0.04444
0.24599	0.45428	0.00333	0.43988	0.8271	0.0169	0.03194	0.00724	0.00945	0.00467	0.00897	0.12237	0.00391	0.21223	0.07173
0.19285	0.41112	0.00306	0.39074	0.81602	0.01782	0.03256	0.01177	0.00972	0.00454	0.00846	0.13679	0.0041	0.18561	0.0514
0.22221	0.47453	0.00288	0.39356	0.81265	0.0178	0.03099	0.00892	0.00943	0.00443	0.00723	0.10485	0.0041	0.16085	0.05317
0.31593	0.57497	0.00298	0.38302	0.82343	0.01697	0.0311	0.00788	0.00967	0.00452	0.00784	0.09439	0.00362	0.21253	0.05532
0.2641	0.48414	0.00269	0.43197	0.8196	0.01864	0.03092	0.01196	0.00863	0.00438	0.00957	0.10977	0.0045	0.19583	0.05841
0.31512	0.5599	0.00255	0.42335	0.82427	0.01736	0.03015	0.00945	0.00919	0.00431	0.00917	0.08707	0.00422	0.17487	0.06024
0.3521	0.52159	0.00305	0.39036	0.82604	0.01804	0.03039	0.01064	0.00935	0.00458	0.00848	0.10876	0.00374	0.20775	0.06267
0.30434	0.53261	0.00274	0.39324	0.81736	0.01686	0.03126	0.00984	0.00827	0.0042	0.00916	0.07221	0.00363	0.20339	0.07499
0.31927	0.56975	0.00288	0.42172	0.82526	0.01795	0.03112	0.01022	0.00911	0.00429	0.00799	0.09476	0.00423	0.23595	0.09265
0.32675	0.54813	0.0028	0.42187	0.81751	0.01714	0.03205	0.00887	0.00852	0.00451	0.00891	0.11029	0.00372	0.25509	0.08236
0.29324	0.54629	0.00298	0.40575	0.82567	0.01816	0.03068	0.0077	0.00878	0.00451	0.00944	0.10413	0.00367	0.22008	0.07555
0.2759	0.52679	0.00271	0.41103	0.81022	0.01825	0.03066	0.00792	0.008	0.00414	0.00786	0.05158	0.00387	0.21273	0.05597
0.33274	0.5867	0.00279	0.40525	0.8281	0.01825	0.0323	0.00955	0.00879	0.00445	0.00967	0.09953	0.00355	0.18734	0.06532
0.322	0.57001	0.00273	0.40213	0.81094	0.01702	0.03119	0.00961	0.00801	0.00431	0.00852	0.09199	0.00363	0.21854	0.05957
0.27042	0.54227	0.00279	0.38609	0.82465	0.01686	0.03156	0.00678	0.00862	0.00404	0.00874	0.12264	0.00359	0.20596	0.0628
0.29415	0.62117	0.0024	0.37768	0.82476	0.01714	0.03219	0.00601	0.00853	0.00394	0.00832	0.07584	0.00361	0.20974	0.06508
0.3562	0.62912	0.00262	0.3919	0.81878	0.01889	0.03184	0.00907	0.00805	0.00435	0.00817	0.08136	0.00386	0.19466	0.04603
0.31086	0.64278	0.00256	0.38428	0.81986	0.01677	0.03038	0.00677	0.00858	0.00382	0.00738	0.07602	0.00357	0.19136	0.0464
0.33855	0.64684	0.0022	0.37722	0.82053	0.01854	0.03051	0.00727	0.00793	0.0039	0.00614	0.07472	0.00334	0.21511	0.05833
0.31511	0.60723	0.00278	0.40412	0.82565	0.01913	0.03138	0.00804	0.00838	0.00412	0.00637	0.07802	0.00351	0.21787	0.06809
0.31191	0.60369	0.00271	0.41401	0.827	0.01987	0.03188	0.00918	0.00769	0.00459	0.0076	0.09928	0.0037	0.20037	0.06778
0.33541	0.60186	0.00256	0.40171	0.82837	0.0207	0.03147	0.00494	0.00709	0.00426	0.00735	0.07668	0.00353	0.20732	0.06507
0.33052	0.63336	0.00244	0.42769	0.82619	0.02333	0.03308	0.00466	0.00737	0.0044	0.00658	0.05905	0.00326	0.22294	0.08133
0.4233	0.69711	0.00219	0.42822	0.82704	0.02183	0.03121	0.00899	0.00764	0.00414	0.00686	0.08651	0.00339	0.1738	0.04897
0.35823	0.69313	0.00245	0.44713	0.84109	0.02123	0.03122	0.00565	0.0088	0.00406	0.00626	0.11565	0.00323	0.20136	0.07208
0.32185	0.66604	0.00246	0.37579	0.83043	0.0214	0.03105	0.00588	0.00784	0.00431	0.00761	0.08826	0.00336	0.18856	0.05565
0.40964	0.69115	0.00225	0.45296	0.82463	0.01937	0.03113	0.00773	0.00738	0.00374	0.00578	0.07927	0.00308	0.1772	0.06614
0.29682	0.53426	0.00237	0.39594	0.82589	0.02178	0.03004	0.00954	0.00732	0.00342	0.00663	0.11943	0.00297	0.20012	0.07285
0.29875	0.57471	0.00229	0.40616	0.83761	0.02513	0.031	0.00807	0.00851	0.00401	0.00729	0.14039	0.00305	0.19726	0.06325
0.37977	0.69579	0.00249	0.43139	0.82957	0.02186	0.03132	0.01051	0.00788	0.00368	0.00702	0.10759	0.0036	0.17185	0.05814
0.33197	0.59962	0.00232	0.4126	0.81194	0.02143	0.03084	0.00903	0.00738	0.00374	0.00751	0.07025	0.00279	0.15884	0.06796
0.32944	0.61577	0.00222	0.40436	0.81931	0.02039	0.03042	0.01219	0.00746	0.00451	0.00723	0.08586	0.00293	0.17318	0.05903
0.34868	0.64968	0.00227	0.41977	0.83265	0.02354	0.03261	0.00789	0.00798	0.00399	0.00615	0.095	0.0029	0.18838	0.06091
0.32349	0.61453	0.00198	0.39893	0.8259	0.02544	0.03062	0.00797	0.00716	0.00402	0.00625	0.07927	0.00256	0.16423	0.05381
0.35357	0.70594	0.00229	0.44075	0.82907	0.02466	0.03156	0.0083	0.00732	0.0036	0.00598	0.06445	0.0029	0.16846	0.06838
0.32518	0.65563	0.00225	0.41972	0.82722	0.02023	0.03194	0.00612	0.00667	0.00341	0.00626	0.0749	0.00323	0.18948	0.06614
0.30103	0.65966	0.00251	0.41451	0.82809	0.01935	0.03078	0.00844	0.00557	0.00353	0.00714	0.09892	0.00291	0.16582	0.05385
0.28511	0.6273	0.00236	0.37008	0.82016	0.01863	0.03104	0.00777	0.00678	0.00332	0.00741	0.08274	0.00276	0.18853	0.0574
0.35894	0.66957	0.00221	0.41443	0.82753	0.02012	0.03052	0.00953	0.00632	0.00369	0.00728	0.08198	0.00255	0.1902	0.05603
0.35058	0.64706	0.00181	0.44719	0.83083	0.02011	0.03069	0.0111	0.00657	0.00345	0.00743	0.0802	0.00294	0.1927	0.06286
0.34609	0.612	0.00243	0.39809	0.81962	0.02054	0.03092	0.00684	0.00641	0.0035	0.00754	0.08439	0.00265	0.19816	0.06946
0.39787	0.63492	0.00222	0.43957	0.82673	0.02076	0.02952	0.01013	0.00531	0.00359	0.00708	0.07927	0.00261	0.19974	0.06155
0.43303	0.71809	0.00202	0.4726	0.82929	0.01762	0.0292	0.0125	0.0051	0.00356	0.00786	0.04489	0.00261	0.22984	0.08494
0.5134	0.68234	0.00207	0.45981	0.81558	0.01763	0.02925	0.01125	0.00627	0.00358	0.00853	0.06691	0.00289	0.22336	0.06794
0.41357	0.68272	0.00222	0.42056	0.82336	0.02375	0.03053	0.00935	0.00647	0.00302	0.00787	0.0768	0.00289	0.18644	0.05563
0.47539	0.75051	0.00228	0.44975	0.83345	0.02369	0.02977	0.01031	0.00699	0.00334	0.00655	0.0596	0.00256	0.21676	0.07014
0.46137	0.79476	0.00256	0.47335	0.84242	0.02387	0.02992	0.00582	0.00752	0.00373	0.00705	0.06717	0.00255	0.20044	0.0746
0.40935	0.77999	0.00263	0.4386	0.82767	0.0219	0.029	0.01017	0.00623	0.00354	0.00722	0.06748	0.00268	0.19342	0.06078
0.36751	0.75733	0.00248	0.44526	0.82809	0.01987	0.03037	0.0058	0.00662	0.0033	0.00708	0.06633	0.00256	0.19554	0.07678
0.36473	0.72215	0.00186	0.46046	0.83842	0.01981	0.02945	0.00697	0.00675	0.00354	0.00757	0.09851	0.0025	0.18348	0.06881
0.35965	0.72338	0.00245	0.42649	0.82469	0.02151	0.02983	0.00508	0.00675	0.00341	0.00672	0.08818	0.00241	0.21689	0.07488
0.37385	0.65452	0.00239	0.34907	0.81997	0.01882	0.02981	0.00585	0.00586	0.00364	0.0056	0.06487	0.00241	0.18048	0.0634
0.37365	0.67988	0.00221	0.36666	0.8179	0.01941	0.02879	0.00551	0.00714	0.0034	0.00574	0.07314	0.00247	0.19189	0.06441
0.4139	0.69966	0.00202	0.41108	0.8262	0.02237	0.03038	0.00821	0.00616	0.00322	0.00585	0.07674	0.00256	0.19479	0.06067
0.43327	0.67884	0.0022	0.3777	0.81793	0.02129	0.02981	0.00404	0.00747	0.00341	0.00665	0.06595	0.00259	0.19456	0.05814
0.39375	0.71641	0.00201	0.397	0.81241	0.02046	0.03067	0.00665	0.00727	0.00346	0.00697	0.06631	0.00257	0.18675	0.0653
0.37684	0.68918	0.00206	0.36572	0.81967	0.02223	0.03008	0.01047	0.00583	0.00291	0.00733	0.08369	0.00262	0.18567	0.06276
0.41627	0.7736	0.00255	0.41596	0.82114	0.02121	0.03098	0.00765	0.00716	0.00316	0.00626	0.07532	0.00301	0.1711	0.05646
0.38588	0.74328	0.00196	0.37832	0.83217	0.02203	0.02913	0.00936	0.00677	0.00358	0.0058	0.08543	0.00286	0.1736	0.05042
0.38422	0.667	0.00163	0.36705	0.83043	0.0222	0.02974	0.00707	0.00653	0.00319	0.0066	0.11051	0.00236	0.1659	0.06113
0.39038	0.707	0.00194	0.41649	0.82106	0.02379	0.02859	0.00846	0.00652	0.00307	0.00633	0.09942	0.00233	0.16612	0.03675
0.43986	0.66586	0.00161	0.44158	0.83085	0.02321	0.02952	0.00866	0.00565	0.00301	0.00748	0.11513	0.00206	0.16178	0.03732
0.39478	0.68823	0.00162	0.38663	0.82515	0.02733	0.02908	0.00499	0.00628	0.0029	0.00619	0.10859	0.00231	0.1511	0.03027
0.49615	0.74556	0.00169	0.47572	0.83248	0.02321	0.03012	0.01034	0.0063	0.00324	0.00591	0.10358	0.00232	0.16057	0.03754
0.49485	0.75487	0.00187	0.40451	0.8279	0.02696	0.0295	0.00806	0.0068	0.00272	0.00548	0.08237	0.00227	0.18746	0.06729
0.5464	0.81827	0.00201	0.4504	0.8326	0.02249	0.03023	0.00863	0.00774	0.00296	0.00582	0.07439	0.00245	0.15863	0.05401
0.56851	0.79684	0.00174	0.45172	0.82441	0.02088	0.02938	0.00598	0.00649	0.00336	0.00647	0.04455	0.00248	0.16913	0.06025
0.3399	0.70057	0.00172	0.4011	0.81839	0.0235	0.02864	0.00961	0.00611	0.00309	0.0071	0.11197	0.00217	0.17166	0.05699
0.46665	0.73823	0.00251	0.45683	0.82174	0.02597	0.03126	0.00589	0.00593	0.00337	0.00603	0.09642	0.00208	0.18919	0.07221
0.46977	0.75498	0.00185	0.43335	0.82309	0.02456	0.0282	0.01039	0.00606	0.00261	0.00546	0.03758	0.0023	0.20005	0.09256
0.46746	0.79175	0.00179	0.41789	0.824	0.02174	0.02874	0.00721	0.00657	0.00264	0.00712	0.03655	0.00235	0.18539	0.05969
0.49645	0.77448	0.00198	0.4816	0.82881	0.02312	0.03019	0.01165	0.00621	0.00305	0.00687	0.08492	0.00236	0.19484	0.07124
0.43261	0.75801	0.00179	0.4525	0.82139	0.02116	0.03007	0.00784	0.00565	0.00314	0.00732	0.05796	0.00271	0.18072	0.04238
0.41512	0.7577	0.00181	0.40727	0.81535	0.0217	0.02824	0.01101	0.007	0.00281	0.00647	0.03973	0.0023	0.20323	0.07341
0.45157	0.75581	0.0014	0.37029	0.82539	0.02203	0.02968	0.00804	0.0068	0.00293	0.00617	0.05794	0.00232	0.18188	0.07189
0.35544	0.7029	0.00155	0.40588	0.82063	0.0248	0.02988	0.0121	0.00518	0.00294	0.00609	0.12495	0.00199	0.19053	0.07755
0.42441	0.76784	0.00171	0.40398	0.82341	0.02459	0.02965	0.00957	0.00577	0.00322	0.00716	0.05542	0.00243	0.16067	0.05103
0.44316	0.80997	0.00227	0.43975	0.82363	0.02657	0.03141	0.01188	0.00842	0.00271	0.00662	0.07807	0.0023	0.16883	0.0644
0.42003	0.74554	0.00163	0.39761	0.8204	0.02464	0.02904	0.01382	0.007	0.00279	0.00533	0.05071	0.0027	0.16703	0.05802
0.33736	0.73392	0.00157	0.35829	0.81888	0.02413	0.02887	0.00759	0.00664	0.0027	0.00667	0.0761	0.00214	0.19619	0.04969
0.35785	0.7142	0.00168	0.40244	0.81073	0.0203	0.02984	0.00595	0.0061	0.00327	0.0059	0.08427	0.00211	0.18031	0.04971
0.42402	0.75611	0.00168	0.42463	0.8136	0.02288	0.02957	0.00393	0.00588	0.00286	0.00505	0.09389	0.0025	0.19408	0.05676
0.37799	0.73028	0.00187	0.3957	0.81915	0.02564	0.02914	0.00916	0.00634	0.00289	0.00624	0.09764	0.00231	0.19146	0.06965
0.38333	0.71436	0.0015	0.4317	0.82103	0.02871	0.02926	0.00669	0.00588	0.00253	0.00552	0.09855	0.00253	0.19874	0.05702
0.46783	0.76554	0.00176	0.4354	0.81255	0.02799	0.02865	0.00786	0.00555	0.00271	0.00512	0.06112	0.00203	0.20697	0.04837
0.48898	0.77362	0.00174	0.45029	0.8247	0.0255	0.02938	0.00788	0.00564	0.00248	0.00573	0.08287	0.00222	0.19451	0.06204
0.37052	0.72833	0.00163	0.44449	0.81976	0.02441	0.02953	0.00731	0.0053	0.00251	0.00679	0.06254	0.00184	0.20061	0.04999
0.3532	0.67303	0.00174	0.38243	0.81886	0.02539	0.02899	0.00754	0.00614	0.00241	0.0066	0.09685	0.00214	0.1607	0.03717
0.43635	0.75083	0.00151	0.40718	0.83254	0.02762	0.02954	0.00342	0.00602	0.0028	0.00637	0.08425	0.00257	0.2053	0.05909
0.37736	0.6697	0.00165	0.41682	0.82723	0.02513	0.02994	0.0068	0.00523	0.00293	0.00557	0.11813	0.00203	0.21163	0.0574
0.33131	0.57386	0.00167	0.37012	0.82103	0.03082	0.03021	0.00962	0.00626	0.00237	0.00497	0.10469	0.00206	0.227	0.07001
0.38502	0.60422	0.00161	0.39105	0.81876	0.03242	0.03021	0.00657	0.00625	0.00261	0.00598	0.09829	0.00213	0.22414	0.05337
0.46991	0.73046	0.00163	0.44803	0.81727	0.02724	0.03107	0.01089	0.00515	0.00267	0.00721	0.05379	0.00208	0.21783	0.06794
0.42637	0.7764	0.00115	0.4602	0.83405	0.02743	0.03251	0.0061	0.00582	0.0024	0.008	0.09222	0.00194	0.21047	0.05907
0.41338	0.76311	0.00172	0.46305	0.81984	0.02804	0.03036	0.00792	0.00494	0.00268	0.00567	0.09622	0.00201	0.18249	0.05569
0.43196	0.79775	0.0016	0.43571	0.82034	0.02524	0.03057	0.01683	0.0058	0.00302	0.00674	0.09616	0.00216	0.17671	0.05597
0.41794	0.77382	0.00212	0.42564	0.822	0.02029	0.02943	0.00961	0.00453	0.00257	0.00648	0.07576	0.00193	0.22382	0.07687
0.39322	0.7508	0.00206	0.37486	0.81814	0.02387	0.03035	0.00812	0.00597	0.00251	0.00538	0.06253	0.00179	0.18546	0.06988
0.38703	0.7901	0.00142	0.40381	0.81833	0.03178	0.03083	0.00791	0.00565	0.00262	0.00449	0.09031	0.00161	0.18756	0.05604
0.45272	0.75328	0.00144	0.44038	0.81793	0.02345	0.02829	0.00881	0.00494	0.00238	0.00585	0.05157	0.00179	0.20156	0.04617
0.39142	0.75693	0.00165	0.38459	0.81489	0.02674	0.03068	0.00387	0.00475	0.00275	0.00618	0.07522	0.0016	0.19919	0.03649
0.39903	0.76206	0.00136	0.38454	0.81458	0.02314	0.0292	0.00393	0.0057	0.00238	0.00489	0.11636	0.00162	0.16124	0.05693
0.40911	0.68854	0.00126	0.43216	0.81725	0.02821	0.03031	0.00823	0.00463	0.0024	0.00711	0.13165	0.00159	0.19959	0.06238
0.42006	0.73225	0.00161	0.41141	0.81393	0.02621	0.02991	0.00462	0.0058	0.00201	0.00674	0.09204	0.00175	0.17379	0.04644
0.46902	0.77812	0.00152	0.43274	0.82819	0.02575	0.03004	0.0047	0.00487	0.00271	0.00553	0.12058	0.00182	0.19288	0.06977
0.42469	0.70373	0.00142	0.39719	0.81492	0.02606	0.02992	0.01183	0.00512	0.0029	0.00465	0.1191	0.00157	0.18244	0.04812
0.39755	0.73922	0.00141	0.42512	0.81916	0.02604	0.0307	0.00867	0.00641	0.00228	0.00696	0.10418	0.00214	0.19811	0.05859
0.45004	0.7508	0.00133	0.43682	0.82392	0.02501	0.02927	0.01249	0.00713	0.00317	0.00618	0.12777	0.00179	0.17625	0.04957
0.50328	0.79725	0.00126	0.48412	0.8167	0.03107	0.03003	0.0076	0.00539	0.0022	0.00484	0.1313	0.00185	0.17775	0.04114
0.44597	0.77714	0.0013	0.42429	0.8185	0.02843	0.02946	0.00744	0.00673	0.00266	0.00717	0.075	0.00145	0.19117	0.04659
0.45996	0.78417	0.00127	0.42512	0.81383	0.03022	0.02893	0.00751	0.00752	0.00207	0.00574	0.07275	0.00175	0.17835	0.03811
0.50267	0.78425	0.00135	0.45192	0.82237	0.03582	0.03122	0.00842	0.00488	0.00221	0.00698	0.09228	0.00183	0.19938	0.04318
0.47901	0.81211	0.00138	0.44908	0.82153	0.03027	0.02994	0.0057	0.00521	0.00212	0.00629	0.08099	0.00177	0.20557	0.0567
0.4438	0.78456	0.00174	0.38872	0.81176	0.02539	0.02854	0.00858	0.00775	0.00255	0.00794	0.08134	0.00152	0.17437	0.05435
0.41652	0.71288	0.00149	0.40483	0.8136	0.03506	0.03193	0.00566	0.00732	0.00221	0.00635	0.12578	0.00193	0.19488	0.04769
0.44423	0.76149	0.00139	0.38087	0.82607	0.03116	0.03102	0.00725	0.00597	0.00197	0.0079	0.13126	0.00167	0.16551	0.0406
0.38197	0.64334	0.0015	0.40095	0.81535	0.03464	0.02995	0.00743	0.00559	0.00223	0.00623	0.13739	0.00171	0.20309	0.05967
0.38278	0.74797	0.00146	0.42827	0.81415	0.03477	0.029	0.00642	0.00699	0.00222	0.00682	0.12402	0.0019	0.17899	0.03747
0.42493	0.76336	0.00163	0.41841	0.81694	0.02668	0.02964	0.0039	0.0058	0.00191	0.00625	0.07377	0.00145	0.20303	0.04506
0.38624	0.76036	0.00134	0.46695	0.81901	0.02802	0.02989	0.00501	0.00574	0.00212	0.00849	0.07519	0.00151	0.18634	0.04966
0.3779	0.81626	0.00133	0.4456	0.81909	0.0337	0.02928	0.00559	0.00611	0.00207	0.00765	0.08547	0.00189	0.20388	0.05755
0.46216	0.82262	0.00169	0.46368	0.81436	0.03183	0.03013	0.00785	0.00561	0.00221	0.00837	0.08427	0.00225	0.18839	0.03918
0.37383	0.83387	0.00134	0.46844	0.81359	0.03538	0.03123	0.0086	0.00648	0.00206	0.00615	0.07996	0.00175	0.16331	0.03593
0.39124	0.83788	0.00119	0.38386	0.82361	0.034	0.0304	0.00381	0.00546	0.00217	0.00874	0.05583	0.00182	0.18903	0.05521
0.40435	0.84457	0.00163	0.42323	0.81953	0.03068	0.03082	0.01451	0.00566	0.00224	0.01025	0.04975	0.00166	0.19668	0.05107
0.4153	0.82153	0.0014	0.3917	0.82444	0.03293	0.02806	0.01358	0.00424	0.00226	0.007	0.11228	0.00197	0.18137	0.059
0.4111	0.82682	0.00121	0.42882	0.82152	0.03534	0.03121	0.01303	0.00551	0.0023	0.007	0.04369	0.00127	0.20188	0.06071
0.39645	0.80733	0.00143	0.3834	0.81425	0.04074	0.03144	0.00527	0.00519	0.00233	0.00541	0.05278	0.00157	0.21289	0.05744
0.35828	0.77876	0.0012	0.3459	0.82097	0.02922	0.0296	0.00595	0.00423	0.0022	0.00744	0.06056	0.00184	0.16652	0.04732
0.44015	0.83674	0.00162	0.38326	0.81535	0.0327	0.02969	0.01286	0.00596	0.00217	0.00964	0.0717	0.00143	0.18737	0.03849
0.35209	0.84753	0.00131	0.39702	0.81248	0.02672	0.02978	0.01158	0.00489	0.0014	0.01005	0.03842	0.00149	0.18901	0.04531
0.36563	0.76638	0.0014	0.39044	0.81509	0.02875	0.03034	0.01389	0.00403	0.00191	0.01029	0.06769	0.00178	0.18128	0.04549
0.43395	0.77078	0.00137	0.3735	0.8213	0.02825	0.02913	0.00887	0.00406	0.00202	0.00706	0.10832	0.0018	0.17723	0.05746
0.39408	0.81533	0.00127	0.36505	0.81201	0.02824	0.02957	0.00555	0.00435	0.00178	0.00804	0.0739	0.0015	0.17143	0.04304
0.36894	0.83997	0.00142	0.40203	0.82033	0.02971	0.03135	0.00556	0.00579	0.00158	0.00839	0.05548	0.00125	0.17163	0.04149
0.41768	0.82163	0.00138	0.44617	0.81589	0.02504	0.02965	0.01824	0.00447	0.00167	0.00623	0.06188	0.00147	0.1976	0.04045
0.38507	0.854	0.00143	0.3721	0.81906	0.02384	0.02936	0.0111	0.00421	0.00199	0.00967	0.04165	0.00142	0.17291	0.02924
0.41146	0.8317	0.00151	0.39082	0.81919	0.02885	0.02991	0.01214	0.00527	0.00198	0.01469	0.06148	0.0015	0.18014	0.03327
0.42572	0.7871	0.00159	0.402	0.82093	0.02386	0.02731	0.01679	0.00462	0.00186	0.00994	0.06732	0.00124	0.20863	0.03427
0.39346	0.81952	0.00132	0.36374	0.81622	0.02672	0.02964	0.01192	0.00526	0.00181	0.00583	0.06197	0.00158	0.18364	0.03962
0.38953	0.867	0.0013	0.44305	0.83238	0.02595	0.02843	0.01882	0.00489	0.00173	0.00568	0.05841	0.00199	0.19145	0.04787
0.32262	0.84543	0.00146	0.45279	0.82051	0.03307	0.02892	0.01058	0.00568	0.00208	0.00623	0.04538	0.00151	0.19569	0.05707
0.41681	0.84422	0.0013	0.38911	0.82627	0.02978	0.0279	0.00315	0.00411	0.0017	0.00626	0.08992	0.00137	0.20136	0.04181
0.37591	0.80985	0.00114	0.42108	0.81278	0.02565	0.02913	0.00638	0.00384	0.00148	0.00557	0.08405	0.0016	0.17275	0.03775
0.423	0.79545	0.00116	0.4128	0.8207	0.03168	0.02842	0.00839	0.00324	0.00158	0.00676	0.1252	0.00192	0.18862	0.0472
0.42567	0.85666	0.00152	0.42496	0.81254	0.02456	0.02726	0.00457	0.00495	0.00146	0.00654	0.06346	0.0014	0.18927	0.05639
0.46168	0.80555	0.00099	0.39524	0.81072	0.02762	0.02808	0.01145	0.00384	0.00178	0.00681	0.09376	0.00167	0.18823	0.04906
0.43666	0.78863	0.00104	0.39013	0.82124	0.03073	0.02953	0.00895	0.00457	0.00184	0.00866	0.08017	0.00127	0.18124	0.04803
0.43684	0.83241	0.0011	0.37806	0.81494	0.03033	0.02824	0.00867	0.00398	0.00182	0.00698	0.06388	0.00147	0.19588	0.06406
0.40437	0.8	0.0011	0.38169	0.82539	0.02481	0.0283	0.00769	0.00355	0.00199	0.00889	0.09071	0.0015	0.18645	0.05254
0.39611	0.81113	0.00123	0.35505	0.81518	0.02501	0.02731	0.01573	0.00567	0.00192	0.00702	0.06283	0.0017	0.20948	0.05697
0.45326	0.85708	0.00138	0.37874	0.82203	0.02635	0.02865	0.01001	0.00489	0.00212	0.00786	0.08952	0.00149	0.18807	0.05746
0.437	0.84065	0.00152	0.39573	0.81819	0.02578	0.0277	0.00948	0.00433	0.00242	0.0096	0.06409	0.00107	0.19601	0.04911
0.44221	0.82367	0.0015	0.39643	0.82954	0.02708	0.02807	0.00939	0.00437	0.00197	0.00618	0.07875	0.00135	0.18329	0.04314
0.44901	0.81053	0.00157	0.40703	0.81947	0.02768	0.02787	0.00823	0.00435	0.00173	0.00579	0.10421	0.00141	0.19601	0.06244
0.53172	0.83021	0.00117	0.43207	0.82113	0.02749	0.0281	0.01022	0.00462	0.00218	0.00662	0.04259	0.00153	0.21454	0.05256
0.47251	0.83511	0.00151	0.43482	0.82508	0.02365	0.03038	0.0086	0.00452	0.00162	0.00934	0.04463	0.00182	0.21281	0.05926
0.44344	0.82017	0.00121	0.39102	0.82216	0.02048	0.02953	0.01013	0.00492	0.00192	0.00808	0.06363	0.00122	0.22692	0.06623
0.4776	0.80079	0.00115	0.36898	0.82443	0.02665	0.02827	0.01278	0.00364	0.00161	0.00878	0.07354	0.00144	0.20166	0.06017
0.43298	0.82065	0.00118	0.39854	0.82316	0.02483	0.02906	0.00922	0.00549	0.00173	0.00842	0.05318	0.0014	0.16845	0.05043
0.45139	0.86115	0.00134	0.40127	0.81637	0.02707	0.02689	0.01072	0.00597	0.00188	0.00748	0.05451	0.00165	0.21866	0.06158
0.44663	0.85628	0.00114	0.45805	0.81478	0.02666	0.02817	0.0071	0.00515	0.00204	0.00509	0.04749	0.00172	0.21734	0.06033
0.41123	0.80014	0.00112	0.42874	0.81188	0.02221	0.02914	0.00745	0.00581	0.00157	0.00668	0.07277	0.00152	0.20515	0.06532
0.41119	0.80426	0.00115	0.43566	0.82161	0.02283	0.0286	0.00307	0.00486	0.00139	0.00763	0.05396	0.00166	0.227	0.06516
0.43703	0.75756	0.00087	0.4424	0.82429	0.02825	0.02668	0.00526	0.0063	0.00178	0.00877	0.09124	0.00137	0.19387	0.05418
0.42407	0.78532	0.00104	0.41915	0.81858	0.02932	0.02825	0.00591	0.005	0.00183	0.0077	0.05435	0.00171	0.2125	0.05463
0.36269	0.7732	0.00082	0.37759	0.81884	0.02685	0.02828	0.00651	0.00535	0.00158	0.00845	0.1042	0.00144	0.22319	0.06314
0.39925	0.7609	0.00121	0.35311	0.81811	0.02304	0.02824	0.00529	0.00402	0.00178	0.00809	0.08302	0.00126	0.19691	0.05666
0.42499	0.81425	0.00128	0.41282	0.82361	0.027	0.02894	0.00457	0.00526	0.00222	0.00763	0.05084	0.00127	0.19566	0.05505
0.32306	0.80363	0.00132	0.36475	0.82315	0.02583	0.02776	0.00481	0.00412	0.00283	0.00906	0.08352	0.00155	0.2024	0.0547
0.38061	0.79861	0.00108	0.35337	0.81946	0.02227	0.02769	0.01113	0.0046	0.00222	0.00664	0.058	0.00154	0.19882	0.06985
0.42595	0.7838	0.00128	0.38488	0.81396	0.03001	0.0288	0.00627	0.00469	0.00222	0.00858	0.10239	0.00262	0.20987	0.06154
0.49317	0.81948	0.00105	0.41	0.8231	0.02324	0.02854	0.01076	0.00347	0.00197	0.00924	0.07178	0.00141	0.20253	0.06101
0.41258	0.82662	0.00131	0.39642	0.82165	0.02437	0.02954	0.00838	0.00433	0.00182	0.006	0.06542	0.0014	0.20268	0.06729
0.47763	0.82061	0.00125	0.40708	0.82612	0.0244	0.02753	0.00962	0.00383	0.00134	0.00492	0.08286	0.00131	0.19243	0.05181
0.40534	0.79411	0.00171	0.37994	0.81447	0.02393	0.02798	0.00694	0.00511	0.0014	0.00643	0.05397	0.00204	0.22498	0.06977
0.39489	0.81469	0.00091	0.37291	0.82138	0.02177	0.02824	0.00794	0.00525	0.0019	0.00454	0.07707	0.00152	0.19155	0.0528
0.40018	0.84953	0.00124	0.36598	0.8116	0.01974	0.02799	0.00647	0.00469	0.00188	0.00704	0.06266	0.00135	0.23306	0.07546
0.47238	0.76061	0.00113	0.35658	0.81569	0.02156	0.02741	0.00732	0.00435	0.00144	0.00868	0.04661	0.00146	0.21617	0.08162
0.43718	0.82163	0.00103	0.38738	0.82343	0.025	0.02834	0.00943	0.00425	0.00182	0.0062	0.06304	0.00158	0.23479	0.07654
0.44914	0.79972	0.00136	0.3484	0.81717	0.01957	0.02773	0.01044	0.00442	0.00168	0.00447	0.06783	0.00146	0.22501	0.07765
0.43864	0.80105	0.00132	0.35657	0.81822	0.03129	0.03084	0.0129	0.00415	0.00165	0.00534	0.05146	0.00114	0.21826	0.06282
0.38637	0.82943	0.00179	0.34417	0.82945	0.02707	0.02874	0.00446	0.00496	0.00118	0.00994	0.05613	0.00166	0.21572	0.07214
0.39688	0.7963	0.00156	0.36365	0.82707	0.02521	0.02824	0.00828	0.00428	0.00155	0.00753	0.05312	0.00205	0.23093	0.08516
0.45449	0.78792	0.0015	0.34053	0.82065	0.02362	0.02816	0.00509	0.00555	0.00186	0.00772	0.09974	0.00171	0.21038	0.0693
0.44646	0.81935	0.00097	0.39429	0.82007	0.02943	0.03019	0.01004	0.00564	0.00142	0.00662	0.04572	0.00141	0.21921	0.07823
0.43752	0.83834	0.00136	0.38427	0.8273	0.02748	0.02834	0.00587	0.00498	0.00181	0.0078	0.06267	0.0025	0.22113	0.07734
0.39538	0.8395	0.00112	0.34513	0.81834	0.03497	0.02986	0.00479	0.00545	0.00138	0.00734	0.07247	0.00139	0.20182	0.06731
0.34231	0.81625	0.00106	0.36801	0.81741	0.02862	0.02804	0.0044	0.00438	0.0016	0.0103	0.08456	0.00119	0.18579	0.06324
0.40356	0.80452	0.00095	0.34386	0.81554	0.02836	0.02804	0.00879	0.00472	0.00183	0.00518	0.08771	0.00152	0.21069	0.06044
0.44031	0.82911	0.00098	0.416	0.8193	0.02521	0.02816	0.00618	0.00398	0.00153	0.00935	0.04474	0.00118	0.20989	0.0625
0.35292	0.84889	0.001	0.3277	0.81181	0.02345	0.02801	0.00537	0.00549	0.00125	0.00636	0.06691	0.00141	0.1914	0.04511
0.39452	0.7999	0.00116	0.39271	0.81417	0.02514	0.0277	0.00814	0.00441	0.00146	0.01259	0.07711	0.00117	0.19564	0.04875
0.45771	0.82229	0.00113	0.31856	0.81652	0.02197	0.02855	0.00701	0.00353	0.0019	0.00855	0.08766	0.00108	0.19785	0.05356
0.42588	0.84178	0.00106	0.35938	0.81724	0.01925	0.02695	0.00277	0.00378	0.00175	0.00684	0.04759	0.00337	0.20986	0.05856
0.46596	0.81328	0.00144	0.40881	0.81629	0.02072	0.02636	0.0049	0.0038	0.00193	0.00679	0.07545	0.00126	0.19168	0.03862
0.45774	0.84151	0.00102	0.42508	0.8137	0.02148	0.02693	0.0041	0.00342	0.00224	0.00603	0.0389	0.00093	0.20564	0.04982
0.41591	0.86281	0.00122	0.38225	0.81578	0.0257	0.02773	0.00785	0.00428	0.00198	0.01336	0.03513	0.0013	0.20282	0.054
0.48122	0.8201	0.00086	0.40149	0.81949	0.01924	0.02717	0.00544	0.00348	0.00202	0.00613	0.04376	0.00156	0.21275	0.05836
0.42962	0.78199	0.00148	0.38004	0.8091	0.01947	0.02803	0.00634	0.00372	0.00148	0.00591	0.05991	0.00106	0.19673	0.04732
0.46087	0.85892	0.00138	0.39033	0.81715	0.0193	0.02727	0.00651	0.00452	0.00141	0.00894	0.04497	0.00153	0.20975	0.07106
0.37438	0.82357	0.001	0.34934	0.81417	0.02114	0.02738	0.00487	0.00451	0.00181	0.00621	0.06256	0.00191	0.20236	0.05622
0.44473	0.86517	0.00099	0.40964	0.81783	0.01922	0.02772	0.00736	0.00395	0.00163	0.00429	0.03781	0.00172	0.18744	0.04482
0.36736	0.8354	0.00081	0.34955	0.82735	0.02249	0.02735	0.00521	0.00535	0.00173	0.0073	0.04044	0.00131	0.19791	0.05173
0.40813	0.81985	0.00127	0.35719	0.81415	0.02234	0.02713	0.00561	0.0052	0.00211	0.00609	0.04215	0.00109	0.19608	0.05795
0.3638	0.78516	0.00098	0.29566	0.81513	0.01992	0.02712	0.00821	0.0062	0.00144	0.00593	0.0476	0.00192	0.21847	0.05409
0.49167	0.8262	0.0008	0.39681	0.8203	0.0192	0.02699	0.00303	0.00331	0.00138	0.00446	0.04274	0.00149	0.2037	0.04363
0.45466	0.8234	0.00189	0.3622	0.82086	0.01853	0.02826	0.00595	0.00431	0.00121	0.00495	0.08121	0.00107	0.2031	0.05778
0.44376	0.83815	0.00157	0.34808	0.82078	0.02548	0.02769	0.0051	0.00382	0.00162	0.00477	0.08206	0.00155	0.1912	0.05155
0.46674	0.83217	0.00127	0.3493	0.81826	0.01984	0.02794	0.00762	0.00351	0.00151	0.00595	0.06223	0.00116	0.19558	0.04818
0.45447	0.84428	0.00118	0.30204	0.82427	0.02324	0.02649	0.00423	0.00343	0.00157	0.00721	0.09194	0.0011	0.21402	0.05896
0.47299	0.84037	0.00132	0.36127	0.81557	0.01992	0.02806	0.00624	0.00356	0.0015	0.00576	0.0582	0.00114	0.21454	0.06019
0.39212	0.82497	0.0011	0.41169	0.81666	0.02315	0.02751	0.00417	0.00395	0.00189	0.0039	0.08697	0.00101	0.22282	0.05996
0.43743	0.87055	0.0009	0.37888	0.82604	0.02116	0.02738	0.00835	0.00362	0.00123	0.00278	0.07878	0.00128	0.20996	0.05411
0.48754	0.88103	0.00127	0.40271	0.82059	0.022	0.02703	0.0075	0.00506	0.00145	0.00478	0.06445	0.00119	0.2095	0.05986
0.45012	0.85505	0.00085	0.41425	0.81975	0.02261	0.02726	0.00636	0.00381	0.00192	0.00449	0.06613	0.00147	0.17338	0.04921
