mass_1	mass_2	phase	time	distance	a_1	a_2	tilt_1	tilt_2	phi_12	phi_jl	theta_jn	psi	ra	dec
5.268955463290353	3.2191573573040273	0.48428119472146464	7.548524657142866	6.28207705807924	0.5917346485074693	0.42785562251107434	1.2178658839946424	0.480456120873703	0.47100607745789014	0.5300899712604498	0.5782263557827533	0.4960535057805239	3.1708456968592946	1.7185911800181934
5.328574992865753	3.157568681963877	0.5040621032645496	7.854801551082226	6.315995709351568	0.5558023408758352	0.4529322199227879	1.2130632487846755	0.45790800882953797	0.5238876096595251	0.5202440224148153	0.5906797512814036	0.5055180307596429	3.1454974651015473	1.7496523340382188
5.370607630877571	3.0970016621839083	0.5167472673327631	8.147773542665822	6.2801035514142765	0.5633379433822107	0.4570197632150901	1.2433508316680815	0.4802353968468994	0.5146976993882842	0.5548085429332511	0.586429284673097	0.534266149704857	3.0826758483241363	1.7524031476644055
5.98788141471382	2.9447649139901078	0.48896394148820566	8.079234649112516	6.332441788658583	0.5479315310126742	0.4679359722968191	1.2162036324808534	0.5202633325152777	0.48921988693068486	0.5374640870851062	0.5722634543722017	0.5346958966479728	3.046458064841041	1.70986862744611
5.387548175120404	3.7206724999625087	0.4877105194513749	8.792228772751042	6.310183098601043	0.5267927826916712	0.48648065159934406	1.2196305659459865	0.4761563081501463	0.499128500954166	0.545499758772747	0.61761625852726	0.5112237782979461	3.030886522523876	1.7955640860584223
5.746704267068527	3.519144746997657	0.5012193342910894	9.234340707192928	6.41055307041477	0.5381570338465731	0.47219669303309775	1.2345739213184637	0.45318287198983953	0.5068698245822351	0.5423015385139652	0.5954324738241624	0.517372192928668	3.0798460261897906	1.760715127514523
5.0525929451209795	3.7394194842081023	0.4915932190868343	7.508057136731015	6.5750834094107615	0.5529361991360461	0.4700482784504946	1.2234323908681881	0.47908354782090123	0.48932341710348537	0.5617310911098783	0.6176483463900392	0.5110669237912846	3.123641093423327	1.644596368096133
5.17267343644011	4.192723754149736	0.48023121980996003	8.53852609222804	6.450292678722306	0.5401584265217274	0.45836078287687687	1.2123718433001707	0.46469921854621493	0.5001512768072306	0.5292267886339098	0.6207999689976883	0.5209215619494595	3.092608616798911	1.7177813902176333
5.3433216934954775	4.8510092689023105	0.5129300996315211	8.858740048031867	6.6796215912204415	0.5606211915704622	0.4426522696140597	1.2074497294136721	0.4691607296858709	0.5168327797677046	0.5417457395072949	0.6804870930513119	0.5009602686872168	3.036033292015675	1.7739941267106683
6.4692168151999345	4.515633286669655	0.5060759847270603	8.08673388777579	6.59070537789088	0.5401278442412538	0.46364160490094547	1.2536727041060214	0.4559772194772785	0.5193977772399865	0.5517631926941469	0.5764318226949352	0.5212588474159116	3.057984752923831	1.9529772927491356
4.9053739879954605	4.315150126682593	0.5111664418487616	9.23145356933267	6.35328340912504	0.5198341606506329	0.44725550032859945	1.2471375207407898	0.4503780440877096	0.48583137496107665	0.5439620323589253	0.6107498389635202	0.5104935325298721	3.072484641573133	2.0587117105961776
5.838580038480948	3.411453659390174	0.48929472560420645	8.910873654397856	6.436298468419117	0.5567736187542597	0.4481688083886014	1.2604073015353654	0.4770071516536433	0.4988924505970426	0.5317799074996006	0.5599370284823413	0.5075381867494089	3.00662025836656	1.8191247407067996
5.660237574167942	3.0663890350845975	0.4869528738084799	8.456326540474109	6.667971224031775	0.5682907159455659	0.44627791989938553	1.2354144625408148	0.4797419481476149	0.4865014202699391	0.5390800217855598	0.5471183406271641	0.5395069261267291	2.9782561232806053	1.827197480733188
5.177498757405928	3.0480078214619906	0.4877790368116466	7.330913320713447	6.526663574464796	0.5344199306986919	0.4574918778702025	1.259366040061209	0.46123221607669224	0.4889852612784379	0.5594197517265839	0.5090765830820675	0.5019648472996561	2.9974859576031925	1.7329503750671555
5.557007401398933	3.09100204981456	0.5161392400840362	7.999294478112544	6.427322558777582	0.5785639749841152	0.46505608850991986	1.3051182883193124	0.4749030255377432	0.4901972068250619	0.5555907307546414	0.47238302477187105	0.5078946279894655	2.9940160563996967	1.667108221062234
4.987702786717696	4.017881585582286	0.48505236299485094	8.257283261829935	6.47546920324372	0.5243194624267259	0.4450347670286425	1.2880148791900061	0.469328765001982	0.48559207342367694	0.5378345157548072	0.5488935279838868	0.508564758917415	3.0462854622668614	1.7386629961040672
5.671218689144381	4.695618395617801	0.4913376942267323	7.50455660021153	6.398916095151157	0.5346508528381763	0.4666748756183036	1.2712856636492391	0.49885512598981446	0.514536841092517	0.546795432296124	0.5918185756292443	0.5120870679144335	2.940610419423304	1.7399215169632813
5.084007734015451	3.6794794260209205	0.46193550843987347	6.677395227814892	6.403475562348504	0.5288237713861096	0.44817276878473444	1.2678733681506897	0.46448381112143383	0.4910478958595564	0.5048849092878717	0.4931949051610081	0.5134296678350204	2.906305468069197	1.860564601130195
5.100506269329151	3.5439672747592708	0.45416004547298583	9.42911720201449	6.456302780680939	0.5687351337667205	0.4559018263715682	1.3002754706704123	0.46758310563342814	0.5070239463982458	0.5281442839683008	0.5104274334052722	0.48672040151985774	2.802768676434552	1.8666620346334082
5.4700224620241995	4.080444509864097	0.4433171708130459	8.586818399616721	6.308360701959176	0.5097487249146991	0.46130550369241874	1.3011325226962005	0.47768396341532965	0.4869987089006027	0.5176311885770619	0.5450134521540315	0.48863567773338057	2.8889258603775563	1.943902178137005
4.881652415561033	3.508505257956809	0.4221624189507059	8.543964721848344	6.353612339271436	0.49789275546640144	0.44061784013998323	1.3238814723313586	0.46355434932526696	0.5057677260815818	0.5103747681846407	0.5085722658815283	0.5284200223161344	2.8404395560199776	1.770653536685718
6.133262104687676	5.061297354822891	0.42274363100194623	7.198170181553615	6.313436173204965	0.51850373059053	0.45987232889442015	1.3269697952421113	0.49679234795031585	0.48358976424195943	0.5106350285264761	0.5960275646212814	0.5061573705413828	2.6094261425179033	1.7558232684734016
5.759514133998728	3.577703713414872	0.3933949123781074	8.171088930506174	6.404066026837237	0.48917377650744304	0.4450044721827142	1.315454885084187	0.48747028647963786	0.4863084648461636	0.4866383338129512	0.45459847360668265	0.5264015892186495	2.6407370178991125	1.7787972663799865
5.053763686353761	3.3190653279684526	0.37704926721600696	9.159201434332159	6.345426960794686	0.4935308450947068	0.43434159502237424	1.3229299362379077	0.4801617543847356	0.5058963523512866	0.4523599761371785	0.41938068252560146	0.49131520177652377	2.781743399000807	1.714797639189977
5.514736999496758	3.6885554718691225	0.349824067931902	8.309695622309334	6.316460649301773	0.45254818306754224	0.43045430773848986	1.3409851029686257	0.467471590208664	0.4748174543335982	0.39698583844996077	0.39119677660536506	0.4895974174676024	2.7182149479262416	1.750069283364248
6.098774618980753	3.4493405486188	0.34563723755683035	8.730696344450745	6.329301606731079	0.48023411747680533	0.43007758686842135	1.3251720897917927	0.4679589846038435	0.500534960287087	0.36229213213717215	0.36293775175936105	0.4743307166197805	2.99941174048529	1.5061228217911682
5.704955998626352	3.701508402532398	0.28369144258886303	10.176128700423765	6.407997673296866	0.4467013498667825	0.43617616848213714	1.298867297724848	0.48843039349917655	0.4756765656736389	0.29594882753657914	0.3838477859096383	0.46324341354096277	2.736458664263477	1.6882225315607808
5.345003347844477	4.142312804110071	0.25000499740436033	9.313118621787707	6.239700722145766	0.44335622062612967	0.43163914671891945	1.3346916266990134	0.4654272625172772	0.4801265271106039	0.2603424349161217	0.39357904253123843	0.4374588415266782	2.902834579322136	1.5177964439702225
5.566787257147193	3.948180075971154	0.20435781187599408	10.509636270235323	6.278482603186465	0.4059575655603568	0.415186052350037	1.338303350496961	0.46216463479988185	0.46877954210449024	0.24850453737704567	0.404080557805455	0.4466907802463372	2.5942117822481814	1.8086456356574259
6.864581477730858	3.1792807052904704	0.1983393229815832	11.104764014944443	6.415765863419478	0.43206450304243993	0.4152240681944359	1.3083720668002339	0.4744960077346707	0.46075370832045326	0.2163587582753919	0.36004030832819045	0.4262558770982713	2.7732877178111193	1.7166058465535512
6.799342713108494	4.036923327158822	0.1795378068339232	9.20300032256739	6.269957148789735	0.3922249113833417	0.41881760761058073	1.306089530493207	0.4598805391207601	0.44463001391399637	0.2075618774461111	0.37538613663658826	0.3995712736346947	3.000663997667277	1.5403491452884375
6.852833826667442	3.976143280075777	0.1700901492929195	10.947859019845279	6.225610555629013	0.35726016504191976	0.4104154821954631	1.3155944077016821	0.5051447246292342	0.43496088506573904	0.19309580832617362	0.3361774830813474	0.3685255587231715	2.7876315685016935	1.5744723724966072
5.950949610406181	3.5841245279496636	0.17267901156787616	10.060860644259106	6.296250246441021	0.3355734574731106	0.39897095532979077	1.3563653559014546	0.4922711194151609	0.45176460153636583	0.1961650900223078	0.4005783496780208	0.36033773922624357	2.6847924579081917	1.6014333564314773
6.152101198194884	3.8729762790187485	0.1617055612637567	9.478177005706895	6.376047599786171	0.3100020531547095	0.403921196238871	1.3032967820635548	0.48234884147455104	0.43019258564338236	0.1785524640389384	0.37272325039164994	0.3465325720986618	2.7987213539808953	1.6532923216488196
5.244484995517382	3.001637670937424	0.15379659660926048	10.499676757408263	6.221942805893214	0.32483890122563186	0.36465734570646224	1.3593269515510016	0.5187600021831762	0.408302681815791	0.17783287531423966	0.3656134518476599	0.34500793032427224	2.9670249092890733	1.5201878232002903
5.874978063673594	3.522044906676646	0.13981330888109195	10.541984494159324	6.297980839422611	0.31951579490844756	0.3777999255099891	1.3143547236850477	0.49808137961602506	0.3810097279053607	0.16430206675383377	0.43353837961794855	0.30068089704916073	2.9121664408676944	1.5722278787077808
4.595785400045005	3.1144637569861495	0.1326680485276522	10.391835000902955	6.240557341089849	0.3067177887534749	0.35227481013931555	1.3754189879190062	0.49957563450791886	0.3621461680505439	0.15825707167135342	0.45409202108570057	0.2615619940606521	2.8309045078018715	1.558070046560088
4.239013762655814	2.5455212728621333	0.13600691631810385	9.498048501520186	6.289847154628951	0.28594774142439255	0.35249910256064115	1.3436816825930906	0.4606504632490674	0.3471433202242548	0.16106678524882476	0.470423366062208	0.2551946066864711	2.775712732514692	1.5916519089768055
5.433778224773861	2.463004384849908	0.1282863243120512	10.947211612985425	6.4048052771638275	0.28152670211312963	0.3402021175802964	1.3058971930365177	0.49219773440042436	0.30846951638830344	0.13434674114172496	0.3591967036802662	0.2160106007900616	2.6662355212594333	1.840877748034358
5.932903211749232	3.5286167232560732	0.1243188381823423	10.215248562147973	6.3694251855111945	0.2794631465984329	0.3748182227713654	1.3492243516281168	0.4818369252141248	0.28896345466947293	0.1246892993974685	0.31499791501586627	0.22731560716569674	2.60482328198664	1.568512407889745
4.799887016386127	2.464285919961046	0.12574167072664108	9.095024747109033	6.235148853023407	0.29181251812929515	0.35369880442410245	1.4097657705534492	0.5002956011576714	0.27438314963959287	0.1407640977802315	0.3249316989474215	0.19178443542339277	2.503191199509196	1.8809935932404795
5.807744371961623	2.8778381303882634	0.12122007637723765	9.634022473746978	6.216895378883544	0.25948565389591777	0.31615707147894445	1.362634697007599	0.495837633037799	0.2506231829073798	0.13640384958351207	0.4115397457296894	0.17852439991033095	2.667700750410786	1.8271929126658333
4.085504958102707	1.8918914672550473	0.1131505376207129	8.978559663015604	6.249286156494635	0.24401398552806675	0.3169525239572832	1.3786203060348685	0.4700835458581553	0.21384954518731245	0.12908632839394313	0.3700647562726786	0.1715850066821587	2.4903561225911672	1.7283921881430866
6.855539726755622	3.08343880230374	0.12695973302656205	9.065589133063837	6.244969520221185	0.2648338080654399	0.32052653769348666	1.2462532550677554	0.4621779806429586	0.2080373937748708	0.13150484213834052	0.38102662418049277	0.17181297785804184	2.8215768595331845	1.4306323443699152
5.656989946505068	2.1199144335749236	0.11311723050720723	8.886074477145051	6.199314522473262	0.2625854159715715	0.3330136359408391	1.297173383482212	0.49163155873462405	0.2088401329756537	0.12962171321675345	0.3608931069603723	0.16432957969411	2.329135440181078	1.7283665147231857
5.172582434951152	2.4698612727719604	0.10193508309958782	8.857554120860181	6.293940083704776	0.25085404593939675	0.32476203322672414	1.2776159324534802	0.501072746087223	0.17624976084198815	0.1291434797008083	0.36439369849626635	0.1547636007565471	2.7400818084393674	1.7233409064130933
5.1553285216979825	3.574470382491418	0.10948118141173512	10.234512153634476	6.225153547785213	0.26243799537295304	0.2983908305290384	1.3152341358802881	0.4793639704935446	0.1681493051112728	0.12275515804512678	0.38822614674639905	0.1480505735433577	2.5207475745138344	1.5999711391545723
6.460691840936535	3.6393166780810944	0.1073845183555334	8.177359715420197	6.304220611682427	0.2564612289468427	0.31337216921934885	1.2503689586463498	0.46112431611479987	0.17442111120177695	0.12083157285406938	0.3662151503713021	0.15349942889294974	2.69220379793799	1.4440788248050336
4.756924918157412	3.3465558779101467	0.10348607022659294	8.453344566522178	6.198099423322007	0.24171346725931972	0.30462746600599283	1.2891553242087999	0.4824586481830413	0.15777034095855394	0.12294104354401071	0.42580529136145945	0.14702392049793614	2.7821719008112096	1.4369734459152879
6.099815108850072	3.316517021144831	0.10308283830043977	9.252424288791385	6.241227234445583	0.24233072152800836	0.301037954701591	1.3067798751029136	0.4624266242608918	0.160957109503026	0.12445414229901029	0.3619621558419521	0.13915675798842905	2.573893308192971	1.540234679860741
5.409869813419985	2.8744656363257737	0.1079928432353821	8.591491615106085	6.1194115242967335	0.23747088244644024	0.29372028356571683	1.250039437819266	0.5063634574448911	0.15728593299051025	0.11636105293111226	0.3814542177958214	0.14622513755886937	2.8933136863576823	1.4948043848670205
7.5782906459914265	3.7506581893932944	0.09813768557473437	9.91015247944082	6.414258026251514	0.23684786167679567	0.295637150408504	1.1880974848686445	0.481890169288272	0.13674581812608766	0.11363751584272497	0.3353197829533024	0.14479668997111567	2.283411140645967	1.7056723051343732
5.3872471977753085	3.237589032436876	0.09832577106161676	9.525746095787067	6.207101151061663	0.2482265142352385	0.2861971958506787	1.2718875103460894	0.4870813535368033	0.1553208704506812	0.10422944624268823	0.3328243104736176	0.12406944420114893	2.6432852322764573	1.5007896515543437
5.5959842482660065	2.5667021218019346	0.09585698256911449	9.273803723698988	6.285016023739879	0.2358514991914439	0.29346074318635107	1.2016513834110953	0.483157121655366	0.14281743249481965	0.11493333693444521	0.32304617581921424	0.13181589470470664	2.6225345955062958	1.4956854401685602
6.997164721657402	3.241169989841157	0.09958167686410856	9.057681099857506	6.230891587697527	0.24537796533455153	0.29786614665786215	1.1887928002937573	0.4751454666072389	0.1302342884683776	0.11261955157509876	0.3208255195192483	0.12880068564883723	2.684502724802146	1.6510586291994895
6.723884587441988	3.1594792512897225	0.08790025825352155	8.399340743497334	6.291996710586663	0.2445705722276964	0.284539397634385	1.1724147698978642	0.47466808424022267	0.12606796349671764	0.11181393351394123	0.3538686752520358	0.12816331818026078	2.540460204859189	1.366825833603012
6.23971323368673	3.7599746156040124	0.08155823036471689	9.519886985751619	6.188134392376517	0.23367446209038356	0.2843436225536281	1.229817928233161	0.49387904048425924	0.1365977387371336	0.09915447171796579	0.3664785759649293	0.1311913932829552	2.583438477618024	1.5759103368106353
6.936190023071043	2.880507792271714	0.08589060254769591	10.324114648048269	6.206223801563819	0.24297155445223545	0.2742775479069504	1.1799127117725698	0.5170932254216585	0.126742000214624	0.10158791630642815	0.3450790462496367	0.11606842223613233	2.367413672643418	1.7905932095166726
4.9907394175318744	2.262452351933729	0.07901661992185237	8.004393124096453	6.151007210466849	0.24312534466562358	0.27854270944508	1.2797547645546716	0.4817273722218138	0.11785533319921698	0.10184344512870715	0.4133123968397438	0.12292043847469693	2.3851670416291384	1.7048111056510458
6.940961152736562	2.4277642529054515	0.08618583042520063	9.166096437617785	6.194410696820989	0.2454746112180017	0.2860843017623442	1.151498571412041	0.5065627579149216	0.11749394101786788	0.08914969849708597	0.31287692628575586	0.12675440390927206	2.165609252313257	1.7967826345146902
4.98673941395385	2.57805739151734	0.09107544902724925	8.303281338784265	6.225071436924831	0.23924112592201596	0.28398373870170607	1.2805585038281917	0.5104324200075342	0.11232447884828808	0.09544382428266243	0.3345620292814176	0.11063956684531166	2.545650665117645	1.486928362375694
5.985429380840221	2.405469736396861	0.08826828783164066	8.771431500280631	6.259445560066739	0.26204042406783135	0.2900963399714395	1.3066936446583952	0.4801864369088403	0.10997551615889388	0.09532491660605624	0.2843337655235184	0.12366998088311172	2.697345327872604	1.5235560603251639
7.82296549413744	3.257298114441336	0.08119584252852997	9.26245375499192	6.296775770899922	0.24332956942902306	0.28370808176821094	1.2153076600112402	0.47937566735230175	0.11451097894095873	0.09844816828877033	0.3712675263441856	0.11009969526932285	2.5799064726560115	1.6790614959373127
7.491623579686851	3.784737652233192	0.08879955342763808	8.678647541961679	6.169200265928863	0.24135177465355284	0.26895056162999076	1.2720027791869795	0.5008341093019593	0.11277019070403096	0.08739445133540616	0.45689314792235625	0.1073466007388215	2.571494597345811	1.4547118513092627
8.279957634769989	3.0395526150468584	0.08340066613707874	9.185835473969581	6.2799353593647345	0.24008599425392071	0.27777330832696473	1.2051239160942897	0.4967590642755643	0.12082080682521737	0.09953690358507603	0.36477814798356645	0.11018492439915349	3.0307836324528066	1.5228597668726327
7.651759009501052	3.4710037531564417	0.08383044959946011	9.249653185495728	6.173476090474501	0.2362095983432272	0.27761671886870476	1.1861341019717506	0.5003167491306982	0.11448208394152258	0.09041609616652747	0.4090140195462586	0.12345044939083642	2.4824986060336864	1.7079045567853497
7.183118243837352	3.4770282061697406	0.0741289534269121	9.680692332254958	6.302958313726419	0.22930637113759528	0.2749525414556305	1.1835794584936494	0.47487062574275685	0.1057447173084938	0.09424255362589921	0.36728331803484787	0.10966140973840148	2.5021547607324055	1.8313171381030506
7.9562035394177935	3.700355162023244	0.07346549330322467	8.886421121896632	6.195576657691541	0.22096521173132042	0.28297215089039696	1.149834130785923	0.5165003621283786	0.09712566115809725	0.08995699753600193	0.36068209730918943	0.11213763390197433	2.472526372494772	1.8055259789006999
7.54815377984272	4.4162584335470525	0.07083659054461038	9.6875079128902	6.422675615177003	0.2395496173425558	0.27505613698597264	1.1376990517843517	0.46362885887512306	0.1033579033359158	0.07796332168416391	0.4178101031538162	0.09877033111302826	2.1591187749292677	1.8186314493158733
5.380067767673307	3.3345482700397193	0.07757685222067678	8.491246682087404	6.228988043121468	0.24566760962824055	0.2670793546173665	1.2747884015679023	0.4862945452996351	0.10438762040160658	0.08336347806239157	0.3925001908709693	0.10262118024132146	2.540833102488042	1.7494752353978207
7.404967433415173	3.9620942020258165	0.07051151271709864	9.02629653166842	6.498237785878868	0.2468733580220361	0.27992148286739577	1.2012725142584915	0.48342721638967084	0.09882177261726634	0.08412396260919626	0.4065116353782748	0.09590602151885846	2.2431871609276492	1.6224006014023653
6.194224024854477	3.0834664053214125	0.06927782326072551	10.048429945670753	6.397344019729222	0.23360998527585836	0.28190324617665297	1.2224945760820751	0.4675986185717124	0.10758838337161455	0.08134064329471304	0.42618623357249746	0.0990513260206311	2.672681278605766	1.8166997999717103
7.341615661439977	3.2965540410827407	0.07386172743495738	7.855027070197853	6.283420361586711	0.2274709710590519	0.2528614272307758	1.1563045537215368	0.471081701387206	0.09765602599102258	0.07517407377940508	0.40040790035356183	0.09453752600005082	2.6565897728051717	1.7040674818735202
6.960850759678334	4.112562451698944	0.06722331034907823	7.5634094862495385	6.337056089632353	0.24559797641301398	0.2770992740712638	1.2173311583121758	0.45756897832142984	0.09651902597528661	0.08107914028133471	0.40195560339530684	0.10785641216022675	2.6198248192263587	1.7223834504310038
4.7145862731662005	2.937418462909151	0.07535204731715607	7.181995229805345	6.274307584014182	0.2352177158547078	0.2702731479074035	1.312060486426791	0.48337468569792924	0.09763421123871714	0.07961384769483364	0.3590461428509143	0.09387241501722059	2.5154809328918795	1.5063503232908342
7.621881482073717	4.017394107002587	0.07643600528708513	7.384321495661724	6.186764014862583	0.23661855560253414	0.28889209212067873	1.2045265736669482	0.48920393128738576	0.09476191993993863	0.07447878745839706	0.42405337944941995	0.08966745379518692	2.471031706309146	1.67467937233927
7.624894177207377	3.3058270550600617	0.068953495095087	8.305967109457988	6.293874966797892	0.22087707433831738	0.25283643335156186	1.2365356994959882	0.4791440612523225	0.08635608299360152	0.08054461513747177	0.4475902291849515	0.08482976903684947	2.40760132613294	1.5899279700937115
8.161273090987473	4.179808933521536	0.07161955163197799	7.82647243946579	6.14890589498791	0.23779127044253479	0.26052203244372724	1.2103852710921816	0.48290309409439675	0.09616176383649686	0.07516514491106521	0.5106445448922798	0.09520193466642887	2.8562069638965673	1.4742661945205242
5.956453416925204	3.9758412278835036	0.07115433982739515	7.132685416785938	6.252048723068945	0.23649312212603982	0.2707321743356178	1.2868243480394408	0.4729606413296623	0.08824542677053167	0.06715301527508483	0.41155903994594933	0.09562318970059303	2.2365227014007028	1.544534089823248
6.3516547428114984	3.8682470897830084	0.06484067281549039	7.959968122035198	6.287432641490138	0.24577203065503248	0.24974778995165334	1.2685553904516798	0.4934627318076909	0.09253013389075339	0.06920565899745361	0.45241398478231265	0.09968527832342425	2.4838403327139944	1.7650388142337519
6.696186842852693	3.025626074271587	0.06492852002561074	7.805983462369628	6.109384390575758	0.243859640240901	0.24947936156576705	1.1999937848606075	0.5021996468032827	0.08475940952738523	0.07602882961122438	0.45047373785781475	0.0943833993801314	2.4157728497223268	1.8391314503334881
9.161304096027155	4.082672119284602	0.06180459137342892	8.045931819894964	6.422243831122001	0.2431678672170576	0.2655378038839062	1.0823278376151302	0.4514113619615537	0.09272115527569144	0.07138950407647772	0.3725944992182708	0.09861200813931405	2.361938645827216	1.6061162563236042
6.240640917511049	3.6562239102737544	0.06337830682220216	8.042944623785681	6.334124681728921	0.2426431101611762	0.2537451534568041	1.2266808079158553	0.46598110971989587	0.08874050431969505	0.06722395137394631	0.3699008166685725	0.09353807212569497	2.427853802520391	1.7885416740200542
4.19261427524692	2.8622239913702083	0.05981693555002283	7.987466393344575	6.296993249314363	0.23291811087692793	0.23942626116073482	1.2763624815628112	0.49138179400927334	0.09054335307938743	0.06462542384400125	0.39814059085784176	0.09704194296019213	3.1540184506720963	1.6290802145468843
6.576639235905226	3.6097356960527778	0.06400898320147527	8.017797331693265	6.210544413371733	0.22643216364695826	0.23423355163806767	1.2472070275837916	0.4749999318198517	0.08602011039656883	0.06860643158094351	0.4806105935424834	0.088450554279252	2.683821989434898	1.7624339761180903
7.827358933705232	3.8374621623291234	0.06478881755264615	8.193858237128003	6.18705431936725	0.24136954134128769	0.250153242235248	1.1605565136476759	0.4854190268384788	0.08779264873950339	0.06846197714715717	0.4051999218270883	0.09074558705839805	3.063733350681026	1.719606580977818
7.761256226909916	4.405290972494816	0.06392756578532122	8.366636502642102	6.297614024677846	0.23345003882795887	0.2546521365822603	1.133414305907457	0.4694330579623181	0.0822985363962412	0.06590443298727296	0.3945445337784144	0.08611670883479024	2.922710380002017	1.69354827367006
7.502577379360959	3.824311660418016	0.06161991623836899	8.683685122766546	6.332981247414673	0.2305558445143472	0.24917293975497942	1.1561753948943845	0.45603680124024276	0.08389319601837046	0.06810129406668121	0.3776719230974084	0.08105086986065868	2.7176786991740056	1.9007739625447493
8.865116191887466	4.052595766283957	0.05871259530638219	9.036426780083195	6.342411920009054	0.22831647384740406	0.2447995963818067	1.0473597659667535	0.45894273354305964	0.09244438376903437	0.05988379896069496	0.3573002117081846	0.0912849864521506	3.043081554629849	2.0945208763075476
6.01369231479684	3.7349877745920756	0.05265176436022968	8.314447537914862	6.203917045223142	0.22842216376378596	0.24923707234904302	1.2250493651104708	0.4728520729649056	0.08241666957469099	0.059782489939741876	0.42879809784188844	0.08660658575792654	2.875200248294807	1.8433332269550098
5.014539669051514	3.3585517083730045	0.06150835773170675	8.075359037694119	6.317257194876974	0.225459949950277	0.23058509315888226	1.2257174721580222	0.45977261377637413	0.08444260311930954	0.05835491506404091	0.4949443103109113	0.0823448696998068	2.8741543777872596	1.7538748962359045
5.569600543232155	3.417576770469063	0.05733669941530422	7.50327903411118	6.183221724136937	0.22158079238343908	0.24103026354242568	1.1545655402788781	0.4703723330587902	0.07726043467834705	0.05458920263920006	0.5274487717946678	0.08520676307594152	2.465703595402781	1.9835712530075322
6.206614087510088	3.8133363404686103	0.05984948685560568	8.29728523865206	6.323550614911218	0.22594387852498724	0.250784501610006	1.193532420591028	0.4614004618728278	0.07887630688394989	0.0562079560438685	0.40515782763179786	0.07119174008489976	2.100684431097316	2.1787754327231936
