mass_1	mass_2	phase	time	distance	a_1	a_2	tilt_1	tilt_2	phi_12	phi_jl	theta_jn	psi	ra	dec
0.45351	0.37668	0.0466	1.0149	0.28131	0.05314	0.04966	0.04239	0.02542	0.04649	0.20545	0.37095	0.051	1.75648	0.72261
0.47073	0.37388	0.04726	1.00865	0.27978	0.05146	0.05134	0.04403	0.02644	0.04664	0.20958	0.37364	0.0493	0.94487	0.71928
0.47848	0.40295	0.04598	1.00455	0.28758	0.04967	0.05163	0.04309	0.02724	0.04648	0.212	0.34887	0.04869	2.13627	0.72463
0.47359	0.41694	0.04683	1.50894	0.30866	0.05007	0.05188	0.04594	0.02842	0.0458	0.21254	0.35718	0.0489	0.95942	0.72541
0.45847	0.40053	0.04721	0.93718	0.38327	0.04995	0.05089	0.0513	0.02954	0.04647	0.21352	0.32974	0.04929	1.96421	0.71272
0.4412	0.42649	0.04488	1.05846	0.32278	0.05188	0.05032	0.04838	0.02697	0.04562	0.21714	0.37157	0.04981	1.10563	0.72893
0.45443	0.44377	0.0451	1.16879	0.38097	0.05314	0.05079	0.05204	0.02696	0.04568	0.22097	0.3345	0.04724	1.96265	0.72732
0.43602	0.38632	0.04501	1.51743	0.36932	0.05317	0.04866	0.04998	0.02636	0.04628	0.21884	0.339	0.04562	0.94785	0.74423
0.48393	0.43485	0.04399	1.63525	0.36627	0.05224	0.04852	0.04599	0.0264	0.04512	0.21948	0.33231	0.04612	2.02372	0.74596
0.44431	0.43422	0.04484	1.7611	0.38679	0.05173	0.04861	0.04494	0.02856	0.04658	0.22491	0.37156	0.04676	1.20976	0.75969
0.42362	0.31889	0.04441	0.91635	0.40651	0.05171	0.0482	0.04889	0.02758	0.04624	0.23175	0.26844	0.04633	1.19448	0.75729
0.44933	0.35848	0.04488	0.94918	0.4325	0.05166	0.04798	0.04435	0.02592	0.04607	0.21583	0.32557	0.04712	1.84089	0.74934
0.43949	0.38692	0.04426	1.76585	0.39411	0.05214	0.0477	0.04332	0.02434	0.04574	0.21765	0.35467	0.04625	1.25158	0.75518
0.46393	0.42831	0.04276	1.10562	0.36334	0.05292	0.04936	0.04455	0.03046	0.04624	0.22257	0.33774	0.04628	0.95651	0.72702
0.44839	0.37794	0.04482	0.89095	0.44184	0.0519	0.04831	0.04926	0.02853	0.04563	0.22499	0.35256	0.04672	1.70775	0.72968
0.4732	0.39146	0.04376	1.53891	0.39037	0.05305	0.04811	0.04502	0.0318	0.04671	0.21391	0.33783	0.04655	1.61869	0.74709
0.47168	0.41567	0.04129	1.92065	0.35063	0.05291	0.04787	0.04619	0.02747	0.04549	0.20811	0.4061	0.04576	1.68368	0.74724
0.44246	0.35635	0.04109	0.96653	0.39488	0.05125	0.04621	0.04649	0.03411	0.04601	0.21281	0.36345	0.04447	1.21323	0.74103
0.47572	0.42272	0.03922	1.09303	0.3648	0.05091	0.04662	0.0477	0.02876	0.04517	0.21135	0.39253	0.04328	2.03394	0.73358
0.46404	0.44707	0.03909	0.9847	0.33883	0.04753	0.04724	0.04285	0.02946	0.04459	0.20867	0.3915	0.04411	1.45848	0.71901
0.45354	0.44246	0.03606	0.97887	0.3597	0.04791	0.04664	0.04873	0.03538	0.04512	0.21941	0.35748	0.04425	1.23119	0.71645
0.48748	0.39033	0.03596	1.13477	0.3937	0.04445	0.04664	0.05012	0.03255	0.0452	0.21479	0.3596	0.04252	1.26087	0.72698
0.4164	0.41609	0.03292	1.08687	0.38056	0.04547	0.04583	0.05069	0.0341	0.04407	0.21952	0.38081	0.04393	1.66922	0.72716
0.43346	0.41187	0.03139	1.10271	0.3987	0.04437	0.04549	0.05241	0.03988	0.04535	0.22564	0.3914	0.04182	1.10809	0.72323
0.50164	0.42449	0.02954	1.34631	0.37471	0.04173	0.04316	0.05406	0.03468	0.04276	0.23449	0.43187	0.04147	1.1455	0.71674
0.49224	0.40923	0.02536	1.0506	0.35387	0.04108	0.0424	0.0519	0.03759	0.04272	0.23719	0.39668	0.04019	0.99216	0.71067
0.43726	0.37742	0.02379	1.03103	0.37185	0.03927	0.04203	0.05777	0.03111	0.0421	0.23118	0.37121	0.03997	0.94677	0.73458
0.57266	0.44655	0.02001	1.52099	0.36496	0.03685	0.04139	0.05266	0.03484	0.04012	0.23706	0.3926	0.03752	1.15273	0.73224
0.48821	0.39273	0.01794	1.1327	0.35929	0.03608	0.03955	0.0496	0.03536	0.04089	0.22822	0.3155	0.0363	0.99186	0.7211
0.54848	0.44403	0.01721	2.03328	0.34106	0.03654	0.03827	0.05212	0.03515	0.0396	0.23254	0.3776	0.03457	1.73071	0.72466
0.48559	0.42553	0.01662	0.93883	0.34662	0.03412	0.03798	0.04901	0.03391	0.03714	0.22477	0.4041	0.03417	0.95793	0.74143
0.46903	0.43918	0.01519	0.97055	0.36033	0.03103	0.0353	0.04846	0.03374	0.03607	0.21469	0.38943	0.03115	0.96054	0.72955
0.55272	0.47123	0.01459	1.24767	0.3534	0.02897	0.0343	0.05153	0.03202	0.03566	0.22194	0.4855	0.02982	1.80026	0.75826
0.51392	0.38002	0.01448	1.79252	0.35179	0.02999	0.03328	0.04675	0.03262	0.03411	0.21986	0.3759	0.02832	1.022	0.70591
0.49714	0.42459	0.01375	0.98582	0.35504	0.02822	0.02929	0.04737	0.03007	0.0334	0.21955	0.42013	0.02595	1.0835	0.73438
0.3599	0.40463	0.01276	1.35188	0.32621	0.02613	0.02758	0.04815	0.02816	0.03256	0.21857	0.40093	0.02288	1.55797	0.74611
0.4333	0.44274	0.01276	1.52578	0.36129	0.02474	0.02549	0.0452	0.02875	0.03048	0.21564	0.45606	0.0225	1.20842	0.72962
0.55795	0.45752	0.01261	0.94006	0.35763	0.02439	0.02501	0.04949	0.03116	0.02737	0.21529	0.48875	0.02059	1.06726	0.71178
0.49504	0.44358	0.01164	0.99535	0.3379	0.02232	0.02263	0.04945	0.02976	0.02617	0.21303	0.45906	0.01967	1.82286	0.72008
0.48486	0.42887	0.01173	1.30738	0.34709	0.0237	0.02239	0.04808	0.02951	0.02398	0.20875	0.41261	0.01928	1.98298	0.71945
0.42987	0.41072	0.01122	1.69168	0.33652	0.02443	0.0217	0.05171	0.02949	0.02241	0.20541	0.42286	0.01731	1.06629	0.72635
0.42527	0.38841	0.01122	1.52766	0.35004	0.02394	0.02078	0.05441	0.0293	0.01994	0.2029	0.42602	0.01609	1.5012	0.73766
0.39408	0.34733	0.01113	1.66666	0.35974	0.02209	0.01868	0.05694	0.03413	0.01872	0.20118	0.41859	0.01619	1.08997	0.73122
0.5856	0.40856	0.01061	1.04969	0.3525	0.02078	0.01706	0.04726	0.03349	0.01746	0.20619	0.48082	0.0158	0.9302	0.71754
0.37426	0.36125	0.00994	0.95881	0.35218	0.02049	0.01711	0.05164	0.02733	0.01739	0.20492	0.46733	0.0156	0.95954	0.73264
0.40403	0.31129	0.01091	1.55013	0.34243	0.02058	0.01599	0.04999	0.02957	0.01618	0.20819	0.43461	0.0147	1.95494	0.72702
0.39104	0.35501	0.01043	0.95749	0.34176	0.02116	0.0151	0.04747	0.03104	0.01549	0.20087	0.42745	0.01442	0.96839	0.72821
0.5666	0.39586	0.00991	1.06899	0.33666	0.02255	0.01433	0.04937	0.03126	0.01463	0.20078	0.43662	0.01322	0.94525	0.72252
0.49808	0.401	0.01005	1.03326	0.34453	0.02033	0.01405	0.04796	0.02858	0.01483	0.21079	0.39741	0.01337	1.17414	0.73844
0.41035	0.34386	0.00952	1.0356	0.32777	0.02143	0.0148	0.04503	0.02939	0.01378	0.20324	0.37833	0.01341	1.20228	0.72609
0.4149	0.36022	0.00943	1.03458	0.32523	0.01999	0.01466	0.04561	0.02377	0.01338	0.20609	0.40641	0.01322	1.98049	0.73996
0.46199	0.3797	0.00951	1.12474	0.33214	0.01979	0.0133	0.04927	0.02908	0.01337	0.19863	0.44893	0.0132	0.96772	0.7491
0.35956	0.36429	0.0092	0.93281	0.35493	0.02124	0.01423	0.05431	0.0278	0.01411	0.2012	0.42416	0.01213	2.15487	0.74481
0.39492	0.36864	0.00926	0.97131	0.33618	0.0176	0.01274	0.05246	0.02963	0.01263	0.20158	0.44195	0.01225	1.79462	0.74514
0.40098	0.42464	0.00875	0.95582	0.39222	0.01942	0.01307	0.04806	0.03035	0.01219	0.20104	0.49872	0.01198	1.98809	0.73939
0.36398	0.34734	0.00916	0.94636	0.38242	0.01823	0.0128	0.05425	0.02585	0.01255	0.20672	0.42409	0.0126	1.84427	0.72129
0.3989	0.41783	0.00884	1.05406	0.3611	0.01886	0.01266	0.05232	0.02967	0.0121	0.19921	0.47433	0.01226	1.39126	0.74117
0.43961	0.3829	0.00903	1.00264	0.35576	0.01804	0.01362	0.04998	0.02839	0.01203	0.20132	0.4557	0.01194	1.04639	0.76295
0.34267	0.35161	0.00843	1.01988	0.35964	0.01853	0.01255	0.05021	0.02842	0.01126	0.20658	0.49639	0.01254	1.74824	0.76817
0.39151	0.3383	0.00851	1.14779	0.3843	0.01878	0.01197	0.05533	0.02696	0.01165	0.21087	0.46321	0.01227	2.05057	0.75886
0.34787	0.33446	0.00915	0.99215	0.35135	0.01676	0.01175	0.06164	0.029	0.01239	0.19804	0.42447	0.0113	1.40243	0.7619
0.46491	0.39386	0.00882	1.00349	0.38207	0.01679	0.01119	0.05188	0.0297	0.01048	0.19393	0.46613	0.01154	1.16059	0.7602
0.37705	0.3598	0.00781	0.95692	0.36183	0.01666	0.01195	0.05648	0.02966	0.01212	0.19709	0.45441	0.01121	1.61494	0.76516
0.39995	0.31316	0.00833	1.19326	0.38552	0.01719	0.01134	0.05309	0.02894	0.01163	0.21116	0.4615	0.0108	1.17467	0.76082
0.3831	0.31728	0.00801	0.92218	0.33692	0.01617	0.01126	0.05606	0.03021	0.012	0.20676	0.43833	0.01174	1.10151	0.76252
0.43743	0.34832	0.0081	0.92883	0.37658	0.01664	0.01075	0.05027	0.02847	0.01083	0.20924	0.52085	0.01126	0.94421	0.73837
0.40918	0.33473	0.00769	0.96848	0.36643	0.01672	0.0107	0.05034	0.02705	0.01072	0.21222	0.46772	0.01143	2.12073	0.76299
0.35016	0.32619	0.00722	1.4684	0.36152	0.01647	0.01074	0.05589	0.02699	0.01069	0.2103	0.47907	0.01123	0.94201	0.78158
0.41255	0.34272	0.00799	1.31688	0.35808	0.0167	0.01048	0.05385	0.02812	0.01116	0.20459	0.43929	0.01105	1.13587	0.75476
0.38541	0.33669	0.00761	0.98962	0.38539	0.01746	0.01008	0.05603	0.02997	0.01119	0.22187	0.47783	0.00978	1.07846	0.72104
0.38643	0.31133	0.0073	0.98685	0.34713	0.01752	0.00987	0.05603	0.02564	0.01083	0.21388	0.39898	0.01111	1.98198	0.74754
0.37026	0.35657	0.00767	1.02485	0.35104	0.01507	0.00966	0.06129	0.02917	0.00974	0.20904	0.44124	0.0105	1.53568	0.77997
0.39047	0.34005	0.0072	1.0116	0.36052	0.01442	0.0103	0.06404	0.02907	0.01006	0.2034	0.47192	0.01043	1.06254	0.75061
0.3626	0.31875	0.00698	1.31751	0.39656	0.01484	0.01009	0.06457	0.02874	0.00973	0.20877	0.4153	0.01099	0.95745	0.75071
0.41941	0.34461	0.00726	1.01561	0.37029	0.01523	0.00961	0.05567	0.0306	0.00977	0.21128	0.43723	0.01063	1.17453	0.75302
0.39187	0.34086	0.00764	1.18411	0.3584	0.01366	0.01088	0.05353	0.02906	0.00926	0.21568	0.43813	0.00957	1.64757	0.74949
0.3444	0.32519	0.0075	1.01854	0.34974	0.01318	0.00958	0.05619	0.03361	0.00938	0.2108	0.46513	0.01031	1.6825	0.74173
0.43975	0.39169	0.00718	0.9512	0.39828	0.0148	0.00936	0.05049	0.02978	0.00948	0.21744	0.53467	0.00997	1.27155	0.78462
0.37522	0.32955	0.00703	0.95199	0.36627	0.01427	0.00976	0.04951	0.02776	0.00849	0.21869	0.47181	0.01003	1.13277	0.73782
0.36806	0.35052	0.00688	1.21598	0.37663	0.01576	0.00983	0.05182	0.02965	0.00876	0.216	0.4339	0.01031	0.9849	0.75108
0.39925	0.31982	0.00704	1.00327	0.35651	0.01642	0.00877	0.03826	0.02728	0.00871	0.21491	0.48627	0.01113	1.79819	0.77081
0.39854	0.33027	0.00705	1.18358	0.39207	0.01367	0.00943	0.03985	0.02813	0.00863	0.21771	0.4506	0.01029	1.11541	0.78556
0.37122	0.31152	0.00684	0.98175	0.3999	0.01638	0.00893	0.04605	0.02984	0.00867	0.21822	0.42092	0.01041	1.03058	0.76117
0.31893	0.29843	0.00644	1.00346	0.37365	0.01474	0.00921	0.04073	0.02602	0.00804	0.20655	0.52563	0.01077	1.67631	0.74911
0.36376	0.29513	0.00572	1.03147	0.37452	0.01291	0.00902	0.04934	0.02992	0.00887	0.2087	0.50029	0.01115	1.01973	0.7895
0.40244	0.32438	0.00659	0.98384	0.36732	0.01362	0.00811	0.04409	0.02848	0.00812	0.21332	0.49679	0.01047	0.94415	0.73812
0.41654	0.36825	0.00582	1.0008	0.36555	0.01443	0.00888	0.05113	0.02845	0.00844	0.22386	0.49666	0.01018	1.1103	0.75025
0.39866	0.36312	0.00582	1.13731	0.40743	0.01375	0.00912	0.05108	0.03116	0.00848	0.21746	0.50214	0.00932	1.09203	0.78419
0.437	0.38831	0.00556	1.00814	0.45646	0.0148	0.00892	0.05011	0.02896	0.00854	0.20937	0.52491	0.00987	1.28097	0.75506
0.39616	0.3216	0.00606	0.96814	0.38596	0.01435	0.00986	0.04544	0.02804	0.00826	0.20482	0.45969	0.00999	1.12143	0.77488
0.3887	0.3084	0.00587	0.97974	0.45147	0.01543	0.00897	0.05205	0.0311	0.00872	0.20439	0.47165	0.00983	1.04453	0.75238
0.36118	0.34383	0.00588	0.99632	0.41771	0.01556	0.00955	0.05366	0.03015	0.00804	0.20855	0.48349	0.00936	0.94766	0.76479
0.36287	0.31632	0.00603	1.00412	0.36548	0.01313	0.01002	0.05849	0.03189	0.00803	0.19925	0.45905	0.0093	1.73877	0.77485
0.43006	0.37856	0.00597	1.03019	0.36347	0.01328	0.00865	0.05766	0.02974	0.00807	0.20114	0.53968	0.0106	0.9479	0.80078
0.33326	0.34005	0.00567	0.96701	0.36179	0.01452	0.0096	0.05995	0.02925	0.00806	0.20022	0.58233	0.00924	0.97799	0.79247
0.4106	0.38042	0.00588	1.00932	0.40773	0.01469	0.0089	0.04843	0.03285	0.00787	0.19792	0.48784	0.00937	0.9658	0.75559
0.35234	0.33578	0.00516	0.94246	0.39709	0.01283	0.00828	0.05415	0.03009	0.00762	0.2025	0.56067	0.00901	1.51977	0.78154
0.40287	0.35418	0.00589	1.00333	0.37943	0.01402	0.00982	0.04872	0.02697	0.00774	0.19942	0.51108	0.00896	0.9903	0.76423
0.43552	0.3926	0.00521	0.96678	0.37616	0.01359	0.00929	0.04499	0.02358	0.00792	0.20103	0.56957	0.00869	1.79481	0.79385
0.39529	0.36405	0.00574	0.99324	0.41792	0.01488	0.00813	0.05439	0.03027	0.00766	0.2116	0.46104	0.00913	1.46956	0.78108
0.37219	0.39268	0.00536	1.12752	0.41233	0.0145	0.00921	0.04687	0.02655	0.0077	0.21112	0.5463	0.00993	1.125	0.75492
0.40338	0.41619	0.00545	0.99387	0.43098	0.01331	0.00907	0.0507	0.02931	0.00815	0.20266	0.54257	0.00921	1.05414	0.78083
0.38295	0.39288	0.00516	1.00444	0.36783	0.01398	0.00841	0.0502	0.02829	0.00773	0.206	0.52765	0.00922	1.03104	0.76448
0.3884	0.38701	0.00515	1.12711	0.3959	0.01337	0.00873	0.04521	0.02708	0.00793	0.19834	0.50736	0.00839	2.03262	0.79738
0.4005	0.34359	0.00557	1.33386	0.41863	0.01247	0.00846	0.05064	0.02871	0.00778	0.19864	0.53908	0.00969	0.98752	0.77603
0.39464	0.42187	0.00501	1.07347	0.38456	0.01159	0.00899	0.05105	0.02959	0.00824	0.19997	0.49041	0.01019	1.71294	0.7878
0.36255	0.35956	0.00539	0.96177	0.38057	0.01372	0.00851	0.04757	0.03119	0.00787	0.20681	0.46574	0.0098	2.02232	0.77304
0.43657	0.3778	0.00487	0.97663	0.39682	0.01325	0.00845	0.04923	0.0318	0.00818	0.19783	0.52472	0.00869	2.03718	0.77442
0.43085	0.43235	0.00463	1.00047	0.41808	0.0127	0.00901	0.05363	0.03156	0.00757	0.20031	0.4659	0.00967	1.64124	0.78959
0.38642	0.32778	0.0046	0.9677	0.39693	0.01341	0.00819	0.05374	0.03111	0.0077	0.20398	0.52927	0.00877	2.05403	0.82001
0.39123	0.3969	0.00492	0.96204	0.41306	0.01334	0.0085	0.05094	0.03021	0.00747	0.20804	0.50985	0.00812	1.26738	0.80899
0.43302	0.43971	0.00446	0.97647	0.41294	0.01356	0.00852	0.05442	0.03233	0.00699	0.2053	0.55437	0.00899	1.93257	0.80899
0.36925	0.39407	0.00484	0.96738	0.41363	0.01379	0.00827	0.05021	0.03099	0.00674	0.20502	0.51758	0.00872	1.10252	0.78413
0.42632	0.4343	0.00427	0.94047	0.3863	0.01408	0.00764	0.04955	0.03137	0.00678	0.20946	0.58544	0.00948	1.10909	0.79655
0.42248	0.46294	0.00453	1.08833	0.43472	0.01251	0.0074	0.04826	0.0271	0.00719	0.19904	0.56368	0.00929	1.77045	0.79022
0.44458	0.4002	0.00466	1.01342	0.41408	0.01151	0.00844	0.046	0.02801	0.00732	0.20034	0.56001	0.00844	1.02413	0.8061
0.44261	0.42709	0.00466	1.02278	0.38595	0.01274	0.00839	0.04486	0.02847	0.00671	0.19568	0.53178	0.00836	1.95085	0.75428
0.41218	0.39664	0.00453	1.06683	0.39883	0.01257	0.00869	0.0413	0.02856	0.00663	0.20154	0.53232	0.008	1.35564	0.72948
0.39876	0.42174	0.00409	0.99922	0.40292	0.0122	0.00821	0.03709	0.02671	0.00725	0.20577	0.52247	0.00895	1.16197	0.76804
0.41778	0.45109	0.00385	1.011	0.38736	0.01163	0.0081	0.04354	0.03017	0.0069	0.20492	0.52814	0.00851	1.01801	0.73522
0.40168	0.39727	0.00399	1.02581	0.39271	0.01148	0.00882	0.04835	0.03072	0.0072	0.20514	0.53107	0.00755	1.00734	0.73088
0.46731	0.40192	0.00398	0.96309	0.40848	0.0106	0.00806	0.04598	0.02874	0.00682	0.19782	0.58151	0.00847	0.96337	0.71806
0.4583	0.4271	0.00387	1.06822	0.40023	0.01088	0.00809	0.04916	0.03032	0.00672	0.20418	0.50988	0.00766	1.94096	0.79205
0.43106	0.38083	0.00388	0.99138	0.38617	0.01023	0.00848	0.06075	0.03096	0.00657	0.2067	0.4937	0.00789	1.73126	0.75866
0.4823	0.48	0.00422	1.0076	0.41356	0.00959	0.00797	0.04554	0.02928	0.00699	0.21217	0.50796	0.00764	1.137	0.83271
0.4388	0.41349	0.00398	0.9396	0.37975	0.01189	0.00777	0.05101	0.02971	0.00668	0.20405	0.49728	0.00698	1.55918	0.79274
0.42671	0.36616	0.00408	0.96873	0.34675	0.01181	0.00864	0.04672	0.02922	0.00623	0.20255	0.47859	0.00757	0.97388	0.77471
0.40768	0.41749	0.00377	0.96454	0.46224	0.01118	0.00715	0.06178	0.03281	0.00645	0.2079	0.49106	0.00644	0.95323	0.76622
0.4797	0.38949	0.00354	0.96905	0.38071	0.01084	0.00799	0.0429	0.03037	0.00666	0.19723	0.49389	0.00744	2.03172	0.75886
0.46123	0.45853	0.00382	1.01434	0.44169	0.01023	0.00802	0.0521	0.03196	0.00597	0.20067	0.53146	0.00707	0.96388	0.75135
0.45683	0.4578	0.00345	0.96773	0.42435	0.01177	0.00746	0.04918	0.0326	0.00618	0.20709	0.43555	0.00679	0.95743	0.76869
0.42899	0.45436	0.00374	1.01676	0.36145	0.0113	0.00783	0.04184	0.02595	0.00606	0.19481	0.49575	0.00673	0.96693	0.72235
0.4443	0.38195	0.00377	1.01802	0.40384	0.01113	0.00727	0.04241	0.03101	0.00587	0.19046	0.50352	0.00725	1.9307	0.75833
0.3984	0.36382	0.00395	0.97147	0.41941	0.01169	0.00719	0.04379	0.03048	0.00606	0.20015	0.49145	0.00588	1.06316	0.72485
0.41842	0.41924	0.00426	1.04482	0.37783	0.0096	0.00789	0.04738	0.02973	0.00538	0.18869	0.53189	0.00716	1.58945	0.76618
0.42755	0.41198	0.00366	0.99219	0.41086	0.01122	0.00739	0.0509	0.03239	0.00536	0.18473	0.52339	0.00613	1.10754	0.76555
0.39817	0.39496	0.00371	0.95741	0.37381	0.01189	0.00751	0.04571	0.02897	0.00555	0.19732	0.48058	0.00654	0.96761	0.72874
0.4189	0.37205	0.00358	0.96359	0.37395	0.01065	0.0066	0.04111	0.02799	0.00678	0.18849	0.56385	0.0068	1.10586	0.75746
0.43935	0.38733	0.00335	0.99887	0.37389	0.00988	0.00758	0.04382	0.02987	0.00615	0.1878	0.61524	0.00715	0.95631	0.75369
0.37643	0.3889	0.00351	1.07265	0.41311	0.00947	0.00857	0.04187	0.03129	0.0059	0.1952	0.51131	0.00688	0.95762	0.76659
0.38483	0.37606	0.0034	0.94394	0.39033	0.0113	0.00675	0.04765	0.02935	0.00621	0.19898	0.54267	0.00606	1.04411	0.75652
0.36465	0.39467	0.00366	0.98373	0.41112	0.01047	0.00634	0.05303	0.03025	0.00611	0.19719	0.52761	0.00622	1.06066	0.76549
0.40281	0.34621	0.00317	0.96623	0.40064	0.00816	0.00621	0.05769	0.03094	0.00634	0.19773	0.55889	0.0064	1.00483	0.81868
0.4107	0.46771	0.00321	0.95565	0.46683	0.0105	0.00683	0.05894	0.03368	0.00599	0.19391	0.57246	0.00615	1.02057	0.77362
0.38783	0.44281	0.00335	0.96654	0.41549	0.01038	0.00709	0.05613	0.03394	0.00569	0.19427	0.52439	0.00596	1.81111	0.75303
0.38142	0.39123	0.00318	0.98993	0.40609	0.01105	0.00689	0.04887	0.03443	0.00565	0.19215	0.56103	0.00598	1.92405	0.76732
0.41789	0.4094	0.00331	0.95764	0.40056	0.0095	0.00666	0.04392	0.03427	0.00515	0.20139	0.53802	0.00605	1.75438	0.74383
0.39992	0.38644	0.0037	1.03947	0.38982	0.00862	0.00664	0.05152	0.03131	0.0054	0.1942	0.50408	0.00604	0.98678	0.7178
0.39538	0.36215	0.00323	0.94913	0.36749	0.01	0.00596	0.04182	0.0302	0.00565	0.19628	0.55437	0.00634	1.1268	0.7358
0.43347	0.38471	0.00319	1.00524	0.37657	0.00927	0.00657	0.03273	0.03034	0.00575	0.20159	0.51134	0.00637	1.21393	0.72881
0.45189	0.45719	0.00314	1.06106	0.39989	0.00835	0.00668	0.04611	0.03247	0.00534	0.19947	0.58319	0.00505	1.74927	0.7601
0.37491	0.35667	0.00334	0.95373	0.37237	0.0084	0.00576	0.04607	0.02827	0.00506	0.19781	0.58439	0.00568	1.04912	0.7418
0.41559	0.47644	0.00309	0.98192	0.36955	0.00787	0.00558	0.05281	0.02985	0.00507	0.19883	0.56336	0.00572	1.8746	0.77025
0.38375	0.37841	0.00333	1.07327	0.38522	0.00777	0.00586	0.05259	0.03512	0.00523	0.2027	0.52211	0.00589	1.66079	0.7392
0.36514	0.33874	0.00333	0.97474	0.42069	0.00776	0.0051	0.05541	0.03351	0.00534	0.18789	0.56839	0.00541	1.00928	0.75879
0.39263	0.39505	0.00292	0.93358	0.41268	0.00849	0.00514	0.05281	0.03216	0.00528	0.20139	0.53655	0.00506	0.9825	0.72881
0.46407	0.43399	0.00307	0.94056	0.39802	0.00952	0.00516	0.04221	0.03172	0.00523	0.2005	0.56487	0.00544	0.96978	0.77032
0.421	0.42914	0.00273	0.97976	0.39352	0.00916	0.00622	0.0455	0.02869	0.00561	0.19529	0.59041	0.00542	1.6484	0.77386
0.42754	0.45538	0.00313	0.97524	0.43647	0.00847	0.00572	0.03834	0.0315	0.00465	0.20904	0.57749	0.00572	1.28601	0.76895
0.44223	0.45249	0.00245	0.96035	0.41129	0.01148	0.00613	0.04693	0.03241	0.005	0.20268	0.57681	0.00479	1.51665	0.73145
0.45749	0.51139	0.00293	1.00753	0.43739	0.0127	0.00599	0.04073	0.03582	0.00501	0.19689	0.56852	0.00486	1.12141	0.73875
0.38861	0.47539	0.00313	0.97487	0.41428	0.01235	0.00556	0.03725	0.0298	0.00483	0.20306	0.47945	0.00467	1.11132	0.75803
0.41152	0.43639	0.00285	0.94751	0.38917	0.012	0.00627	0.04299	0.03219	0.00468	0.19467	0.48262	0.00461	1.78582	0.74709
0.41679	0.43608	0.00276	1.0839	0.42096	0.00964	0.00556	0.0368	0.03056	0.00533	0.19906	0.56733	0.00512	0.96618	0.73555
0.39626	0.43504	0.0027	0.95641	0.39936	0.00921	0.00501	0.03751	0.02749	0.0048	0.19727	0.58001	0.00458	1.91708	0.74861
0.3729	0.43189	0.00234	0.98178	0.44101	0.00858	0.00486	0.04451	0.03015	0.00535	0.20005	0.57016	0.00456	1.12282	0.73821
0.38483	0.44399	0.00264	0.965	0.45872	0.00764	0.00497	0.0459	0.02892	0.00511	0.19987	0.57106	0.00459	1.85854	0.78262
0.38293	0.43318	0.00237	1.03313	0.42082	0.00874	0.00518	0.05086	0.03281	0.00481	0.20512	0.52594	0.00446	1.18542	0.72891
0.37273	0.39504	0.00234	0.98638	0.40736	0.009	0.0057	0.04764	0.03288	0.00518	0.19772	0.51736	0.00424	1.0817	0.71056
0.42688	0.52216	0.00233	0.98095	0.38711	0.0077	0.00608	0.0421	0.03114	0.00532	0.2032	0.54991	0.00428	1.06683	0.71439
0.42978	0.44234	0.00268	0.97015	0.39157	0.008	0.00506	0.03919	0.03074	0.00466	0.19206	0.60661	0.00411	1.41237	0.72136
0.42754	0.46247	0.00245	0.97239	0.39104	0.00937	0.00522	0.04033	0.03117	0.00505	0.19794	0.51777	0.00399	1.71513	0.73959
0.41876	0.44385	0.00303	0.97654	0.361	0.00867	0.00501	0.04731	0.03243	0.00444	0.18848	0.51002	0.00446	0.97466	0.71148
0.38096	0.42574	0.00305	1.03546	0.39788	0.00976	0.00485	0.04192	0.03094	0.00462	0.18554	0.56595	0.00413	1.08143	0.69019
0.38682	0.43584	0.00267	0.99099	0.41633	0.01038	0.00547	0.04346	0.0382	0.00434	0.19672	0.5204	0.00437	1.00064	0.676
0.41949	0.43085	0.00261	1.00143	0.41291	0.00922	0.00462	0.044	0.03045	0.00492	0.20278	0.50956	0.00446	1.00404	0.70379
0.42449	0.47253	0.00282	0.97226	0.38284	0.01	0.00491	0.04252	0.02856	0.00473	0.19549	0.54676	0.00445	1.78463	0.73882
0.40867	0.42687	0.00281	1.00415	0.37167	0.00893	0.0051	0.05232	0.02953	0.00487	0.19663	0.53579	0.00483	1.78194	0.74313
0.44331	0.47613	0.00242	0.94438	0.40369	0.00911	0.0047	0.05508	0.03163	0.00438	0.20925	0.588	0.00438	1.11336	0.73823
0.40335	0.40496	0.00275	0.98822	0.37183	0.00637	0.00468	0.04741	0.03135	0.0044	0.20239	0.5263	0.00469	1.08489	0.69934
0.42235	0.42634	0.00285	1.00559	0.42778	0.00756	0.00481	0.04443	0.02891	0.0042	0.20098	0.50933	0.00386	1.04739	0.72924
0.41063	0.44598	0.00264	0.96603	0.3962	0.00841	0.00506	0.04107	0.02949	0.00467	0.20507	0.51948	0.00459	1.11697	0.71956
0.40906	0.45983	0.00279	1.07477	0.41042	0.00913	0.0054	0.04272	0.02788	0.0045	0.19833	0.48058	0.00408	1.1049	0.72505
0.35327	0.41172	0.0028	1.01955	0.38911	0.01053	0.00494	0.04241	0.02513	0.00403	0.19639	0.54122	0.00375	1.09475	0.73089
0.3885	0.46384	0.00292	0.97195	0.45461	0.00868	0.00457	0.04424	0.02859	0.00417	0.19939	0.52452	0.00383	1.31523	0.66915
0.38164	0.42172	0.00301	1.0136	0.42171	0.00817	0.00521	0.04624	0.02655	0.00435	0.20157	0.54049	0.00374	1.39427	0.66786
0.41299	0.43774	0.00237	1.01384	0.40913	0.00886	0.00532	0.05411	0.03052	0.0044	0.20551	0.49152	0.00357	0.99801	0.64195
0.44298	0.45197	0.00231	0.98964	0.4104	0.00793	0.00528	0.03375	0.02849	0.00413	0.20487	0.52189	0.00366	1.75188	0.71915
0.39784	0.45549	0.00262	0.98956	0.43586	0.00842	0.00463	0.05103	0.03346	0.00391	0.2019	0.50104	0.00349	1.08466	0.67694
0.3837	0.46715	0.00221	0.9489	0.47168	0.00766	0.00425	0.05567	0.02994	0.00355	0.19672	0.54506	0.00337	1.03295	0.7499
0.405	0.48942	0.0022	1.01516	0.44999	0.00739	0.00415	0.05141	0.02824	0.00419	0.20187	0.56495	0.00378	1.05959	0.71123
0.42792	0.46916	0.0021	0.95619	0.43131	0.00822	0.00426	0.05849	0.02677	0.00354	0.20477	0.5557	0.00344	1.05294	0.72052
0.42265	0.44293	0.00227	0.97184	0.3671	0.00756	0.00436	0.05124	0.02924	0.00401	0.21117	0.55486	0.00393	1.33988	0.69744
0.41741	0.45801	0.00232	1.01824	0.44272	0.00679	0.00426	0.05599	0.02766	0.00428	0.20691	0.56028	0.00383	1.1306	0.66935
0.40984	0.51241	0.00212	1.01945	0.41825	0.00759	0.00398	0.06486	0.0301	0.0036	0.20352	0.46464	0.00388	1.02941	0.74846
0.43534	0.48387	0.00206	0.95819	0.40257	0.00779	0.00387	0.05154	0.02653	0.00339	0.21311	0.47186	0.00377	1.68386	0.73132
0.42741	0.4677	0.00216	0.93195	0.39208	0.00807	0.00439	0.04574	0.02872	0.0039	0.20415	0.58634	0.00368	1.17152	0.75509
0.37034	0.44251	0.00217	0.92631	0.40272	0.00855	0.00438	0.0489	0.02708	0.004	0.21232	0.54515	0.00366	0.95819	0.76299
0.36553	0.4435	0.00243	0.98692	0.40257	0.00836	0.00467	0.05371	0.0279	0.0038	0.21525	0.51662	0.00361	0.99326	0.71632
0.40533	0.51805	0.00194	1.04228	0.44844	0.00779	0.00514	0.06323	0.03322	0.00351	0.21226	0.51817	0.00362	1.04827	0.72574
0.43511	0.49162	0.00203	0.98525	0.41724	0.0109	0.00455	0.04672	0.02818	0.00383	0.21003	0.45768	0.00331	1.01335	0.74762
0.40722	0.46748	0.00187	0.9605	0.37361	0.00879	0.00517	0.04091	0.02321	0.0035	0.20342	0.512	0.00334	1.00971	0.71071
0.42238	0.56908	0.00214	0.95619	0.44354	0.00938	0.00446	0.05273	0.02847	0.00334	0.205	0.54461	0.00343	1.58382	0.72888
0.37731	0.52736	0.00264	0.98242	0.41006	0.00926	0.00407	0.04767	0.02733	0.00322	0.20749	0.50505	0.00383	1.13449	0.6837
0.38471	0.43328	0.00202	0.96601	0.38153	0.00955	0.00388	0.05538	0.02988	0.00324	0.21148	0.43377	0.0034	0.98717	0.64764
0.40585	0.50984	0.00211	0.98672	0.46311	0.00933	0.00407	0.04743	0.02517	0.00347	0.21415	0.51959	0.00304	1.91511	0.70424
0.41303	0.58722	0.00234	1.01909	0.45036	0.01102	0.00437	0.05751	0.02672	0.00396	0.2133	0.46896	0.00281	0.96607	0.73298
0.41907	0.5324	0.00257	1.05669	0.3871	0.00998	0.0033	0.04162	0.02193	0.00359	0.21083	0.51117	0.00315	1.06378	0.73096
0.45921	0.49532	0.00194	0.98272	0.385	0.01159	0.0042	0.03545	0.02198	0.00377	0.21095	0.52585	0.00321	1.11618	0.68188
0.46909	0.5282	0.00201	0.98423	0.43092	0.00906	0.00483	0.03912	0.02702	0.00339	0.22351	0.52245	0.0029	1.29205	0.68934
0.43505	0.54341	0.00221	0.99975	0.40414	0.00967	0.00447	0.04206	0.02711	0.0033	0.21309	0.54676	0.00298	1.09083	0.62674
0.43318	0.56186	0.00203	0.99787	0.43836	0.00665	0.00351	0.06124	0.02737	0.00321	0.20567	0.5173	0.00308	1.37154	0.70507
0.43055	0.47433	0.002	1.00605	0.36377	0.00957	0.00409	0.04641	0.02775	0.00332	0.20359	0.5043	0.00295	1.08973	0.70287
0.44619	0.48242	0.0021	0.95484	0.38391	0.00873	0.00422	0.04925	0.02558	0.00322	0.19721	0.53477	0.00263	0.98949	0.71451
0.44214	0.53929	0.00208	1.00301	0.37626	0.01058	0.00428	0.05017	0.02791	0.0031	0.20697	0.46748	0.00291	1.07828	0.7348
0.47726	0.53878	0.00186	1.00674	0.41385	0.00687	0.00371	0.05355	0.02833	0.00307	0.21098	0.54598	0.00296	1.1161	0.72799
0.45029	0.47795	0.00196	1.00412	0.37524	0.00697	0.00451	0.04606	0.03011	0.00338	0.20207	0.49628	0.00279	1.01816	0.66947
0.41568	0.42843	0.00184	0.98224	0.37692	0.01051	0.00355	0.05169	0.02797	0.00349	0.20869	0.43168	0.00282	0.97103	0.6967
0.45849	0.55973	0.00197	0.96523	0.39561	0.00942	0.00383	0.03931	0.03315	0.00328	0.21415	0.43574	0.00257	1.39092	0.6863
0.43084	0.51217	0.00163	0.98345	0.40806	0.00867	0.00347	0.05158	0.03044	0.00284	0.20932	0.48758	0.0026	1.07193	0.6579
0.49931	0.56166	0.00219	0.97388	0.42315	0.00757	0.00346	0.04482	0.03093	0.00337	0.21229	0.46762	0.00326	0.97818	0.69632
0.42855	0.46818	0.00169	0.93698	0.3939	0.00946	0.00302	0.04383	0.0299	0.00294	0.21852	0.41072	0.00238	0.98466	0.60763
0.43083	0.51815	0.00175	0.99272	0.42032	0.00687	0.00343	0.05879	0.03073	0.0029	0.2118	0.47273	0.00268	1.02159	0.70851
0.43528	0.48946	0.00205	0.98384	0.3873	0.00938	0.0033	0.04377	0.02973	0.00259	0.21162	0.4744	0.00268	1.00669	0.68419
0.43119	0.50788	0.00145	0.99584	0.37953	0.00814	0.00306	0.05562	0.02614	0.00284	0.21727	0.4624	0.00246	0.97303	0.70221
0.46659	0.58926	0.00184	1.03662	0.40861	0.00673	0.00343	0.05048	0.02897	0.00306	0.2158	0.48702	0.00306	1.02801	0.73619
0.4448	0.53897	0.00199	0.99083	0.39073	0.00768	0.00341	0.05996	0.02806	0.00293	0.20948	0.49119	0.00247	1.27702	0.75032
0.44212	0.55619	0.0019	0.95754	0.38645	0.00721	0.00324	0.05912	0.02993	0.00293	0.21819	0.44355	0.00293	0.97294	0.72484
0.46509	0.53882	0.0016	0.9584	0.38224	0.00478	0.00326	0.05111	0.02997	0.00252	0.21044	0.50612	0.00286	1.74587	0.7206
0.43618	0.52676	0.00191	0.99446	0.40506	0.00538	0.00336	0.0532	0.02344	0.00274	0.21676	0.54782	0.00342	1.04704	0.67912
0.43467	0.52656	0.00194	0.96167	0.38983	0.00666	0.00339	0.05495	0.02847	0.00297	0.21557	0.46312	0.00266	0.99083	0.72678
0.44508	0.55771	0.002	0.958	0.37244	0.00648	0.00383	0.04172	0.03005	0.00282	0.21503	0.51228	0.00275	1.33971	0.73822
0.41731	0.53329	0.00202	0.95865	0.39448	0.00629	0.00327	0.04088	0.02607	0.00256	0.22049	0.57409	0.00247	1.00069	0.72396
0.40575	0.58834	0.00159	1.00608	0.36409	0.00498	0.0031	0.04837	0.02637	0.00277	0.21802	0.50258	0.00302	1.11474	0.70685
0.44548	0.48627	0.00167	0.98565	0.3792	0.00603	0.00371	0.03432	0.02679	0.0029	0.20793	0.4819	0.00272	0.98232	0.74924
0.41711	0.50307	0.00177	0.98693	0.3697	0.00874	0.00374	0.04636	0.02416	0.00259	0.21194	0.53019	0.00255	0.95661	0.73385
0.45498	0.55644	0.00172	1.00211	0.40417	0.00584	0.00375	0.04007	0.02887	0.00282	0.21382	0.51145	0.00246	0.96653	0.71937
0.43352	0.52943	0.00169	0.99784	0.40625	0.00758	0.00351	0.06066	0.02973	0.00255	0.2002	0.51121	0.00311	1.06477	0.71524
0.43202	0.44368	0.00155	0.9677	0.39049	0.00842	0.00324	0.04322	0.02391	0.00244	0.19481	0.52591	0.00212	1.04836	0.73825
0.46673	0.50962	0.00164	0.9856	0.38473	0.0078	0.00287	0.04763	0.02787	0.00259	0.19658	0.50564	0.00297	0.9736	0.72486
0.45996	0.51544	0.00154	0.98569	0.3564	0.0091	0.00392	0.05545	0.02563	0.00237	0.2001	0.44864	0.00317	1.0094	0.71194
0.47159	0.50321	0.0015	0.99139	0.38469	0.00852	0.00292	0.05424	0.02741	0.00245	0.20742	0.53505	0.00217	1.03967	0.65649
0.46282	0.56155	0.00179	0.96557	0.42358	0.00869	0.00275	0.06365	0.02913	0.0023	0.20339	0.45752	0.00259	1.59568	0.6745
0.45477	0.49025	0.00165	1.03147	0.41025	0.00546	0.00295	0.04239	0.02662	0.00252	0.20705	0.54209	0.00253	1.44363	0.71888
0.44637	0.52956	0.00143	1.0729	0.39016	0.01033	0.00405	0.04372	0.02698	0.00226	0.20526	0.44905	0.00244	1.06551	0.67494
0.45438	0.52071	0.00138	0.95294	0.4027	0.00569	0.00287	0.04731	0.03169	0.00243	0.19476	0.52794	0.0027	1.04936	0.71651
0.46696	0.58683	0.00158	1.02374	0.45981	0.0052	0.00272	0.05068	0.02906	0.00258	0.2114	0.49184	0.00305	1.52933	0.73932
0.43092	0.49976	0.00153	0.95852	0.38509	0.00777	0.00287	0.04505	0.02596	0.00243	0.19439	0.51553	0.00246	1.07652	0.72692
0.44118	0.62476	0.00149	0.96369	0.45687	0.00791	0.00322	0.03659	0.02261	0.00259	0.19723	0.48761	0.00196	1.0364	0.71015
0.46506	0.57874	0.0016	0.96494	0.40207	0.00753	0.00385	0.03975	0.02728	0.0029	0.19896	0.47612	0.00262	1.05011	0.70807
0.46127	0.56967	0.00152	0.97293	0.41827	0.00889	0.00389	0.04334	0.02562	0.00231	0.19932	0.51377	0.00285	1.46128	0.71516
0.44476	0.54757	0.00153	1.00935	0.38447	0.00818	0.00421	0.05062	0.02486	0.00231	0.20492	0.49547	0.00268	1.05932	0.65842
0.44266	0.55607	0.00152	0.95498	0.39127	0.00617	0.00313	0.05385	0.0241	0.00257	0.20087	0.49263	0.00292	1.0663	0.72099
0.4826	0.60863	0.00121	0.99542	0.45064	0.00759	0.00265	0.04409	0.03169	0.0025	0.21656	0.44394	0.00232	1.08136	0.70781
0.42026	0.45893	0.00144	0.97451	0.38221	0.0079	0.00279	0.04502	0.0301	0.00263	0.19731	0.48118	0.00199	0.94743	0.72035
0.46262	0.53735	0.00131	0.98363	0.41815	0.00805	0.00255	0.05511	0.02881	0.0022	0.22553	0.46786	0.00227	1.32622	0.70319
0.43287	0.4409	0.00172	0.97317	0.36892	0.00867	0.00274	0.04705	0.02518	0.00213	0.21452	0.45938	0.00273	0.95839	0.70011
0.47501	0.62468	0.00199	0.9859	0.42487	0.00497	0.00247	0.06001	0.02817	0.00286	0.20555	0.48884	0.0027	1.0873	0.67141
0.47244	0.61082	0.00133	0.97253	0.44443	0.00646	0.00351	0.06043	0.03362	0.00245	0.20765	0.43844	0.00277	1.01718	0.58603
0.47104	0.65588	0.00151	1.01769	0.41458	0.0043	0.00266	0.07259	0.03075	0.00239	0.21445	0.49825	0.00279	1.01497	0.7316
0.49362	0.56887	0.00175	1.02111	0.44477	0.00533	0.00266	0.05736	0.02428	0.00231	0.2191	0.52279	0.00299	0.95498	0.71404
0.46753	0.54942	0.00151	0.96625	0.45845	0.00398	0.00264	0.05851	0.02832	0.00213	0.19669	0.50389	0.00209	1.15504	0.73608
0.40951	0.53374	0.00162	0.98709	0.37356	0.00499	0.00245	0.07568	0.03164	0.00248	0.20954	0.44394	0.00239	1.03622	0.71439
0.44087	0.51956	0.00116	0.94806	0.40043	0.00607	0.00255	0.07193	0.02785	0.00222	0.19708	0.51264	0.00188	0.95564	0.729
0.4711	0.50429	0.00121	0.98134	0.41149	0.00451	0.0026	0.06265	0.02644	0.00236	0.21645	0.52949	0.00229	0.96908	0.68156
0.44768	0.52691	0.00127	0.98269	0.41071	0.00619	0.00353	0.05836	0.02626	0.00231	0.22556	0.45911	0.00241	0.99238	0.70759
0.46188	0.6036	0.00115	1.00551	0.41336	0.00818	0.00396	0.05526	0.03102	0.00212	0.20489	0.47907	0.00283	0.97715	0.70521
0.46822	0.50407	0.00123	0.97388	0.39045	0.00802	0.00301	0.05728	0.02429	0.00278	0.19871	0.5337	0.00224	0.96602	0.68615
0.4589	0.51952	0.00125	0.95432	0.40577	0.00919	0.00319	0.04472	0.02329	0.00198	0.19839	0.52263	0.00216	0.9452	0.71833
0.47507	0.56845	0.00135	0.96096	0.43893	0.00693	0.00364	0.04184	0.02577	0.00289	0.1949	0.48129	0.00204	1.03371	0.68817
0.48133	0.61019	0.00131	0.99836	0.3974	0.00715	0.00338	0.04318	0.02754	0.002	0.20337	0.4832	0.00222	1.00722	0.69016
0.44873	0.64762	0.00151	0.97355	0.45536	0.0046	0.00263	0.05298	0.03221	0.00216	0.19569	0.40735	0.00192	0.98273	0.70284
0.46082	0.62467	0.00146	0.97455	0.45433	0.00529	0.00422	0.05257	0.02455	0.00223	0.19136	0.43823	0.00198	1.06341	0.67599
0.45651	0.54177	0.00117	0.94073	0.48417	0.00634	0.00249	0.04997	0.02608	0.00201	0.19259	0.51138	0.00254	1.33569	0.66621
0.46923	0.55904	0.00144	0.98439	0.42244	0.00712	0.00313	0.05868	0.02661	0.00229	0.21243	0.52855	0.00225	0.97745	0.68753
0.44511	0.47826	0.00121	0.97465	0.41996	0.00526	0.00249	0.04131	0.02362	0.00249	0.20936	0.50018	0.00213	0.98031	0.68635
0.43123	0.53001	0.00129	0.97036	0.37502	0.00398	0.00305	0.04719	0.02164	0.00238	0.21869	0.52382	0.00238	1.04768	0.70266
0.43386	0.56657	0.00118	0.93248	0.42179	0.00483	0.00261	0.06893	0.02841	0.00228	0.2171	0.53557	0.00246	1.76993	0.68926
0.41674	0.53085	0.00147	1.00893	0.42277	0.00619	0.00346	0.05525	0.02786	0.00187	0.20367	0.46286	0.00239	1.08387	0.70489
0.3752	0.46492	0.0017	0.92994	0.39961	0.00723	0.00263	0.05046	0.0279	0.00204	0.21025	0.48065	0.00246	1.64504	0.70443
0.43313	0.53083	0.00172	0.92225	0.40018	0.00643	0.00257	0.04836	0.02401	0.0024	0.19665	0.52163	0.00283	1.01634	0.69064
0.41413	0.50869	0.00154	0.92764	0.39425	0.00752	0.00232	0.04484	0.02323	0.00218	0.20008	0.47668	0.00248	0.97902	0.70467
0.44362	0.54498	0.00122	0.95376	0.42067	0.01017	0.00244	0.0584	0.02758	0.00215	0.22181	0.48883	0.00235	0.95068	0.69728
0.41872	0.48135	0.00129	0.96388	0.37871	0.00425	0.00226	0.05213	0.02229	0.00214	0.21389	0.47879	0.00199	0.98483	0.67667
0.39095	0.47824	0.00109	0.90928	0.40711	0.0063	0.00221	0.05343	0.01985	0.0019	0.2017	0.5355	0.00206	1.05323	0.69906
0.39826	0.51024	0.00179	0.91453	0.40466	0.00766	0.00246	0.06064	0.01977	0.00189	0.20475	0.47307	0.00183	0.96315	0.6729
0.43608	0.5113	0.00177	0.93548	0.40287	0.00677	0.00257	0.049	0.02481	0.00199	0.20013	0.51883	0.0023	1.28106	0.69625
0.44232	0.51726	0.00192	0.93138	0.36808	0.00831	0.00256	0.04915	0.02099	0.00197	0.19274	0.50081	0.00224	0.97035	0.70094
0.45802	0.56405	0.00161	0.96137	0.38592	0.01168	0.00205	0.05168	0.02712	0.00213	0.21793	0.47286	0.00176	1.00222	0.68964
0.44923	0.57138	0.00158	0.94058	0.39264	0.00705	0.00314	0.06206	0.02956	0.00194	0.21172	0.48869	0.00206	1.29479	0.67894
0.44027	0.57433	0.00096	0.95419	0.40185	0.00874	0.00232	0.05455	0.02949	0.00219	0.20655	0.43154	0.00223	1.3463	0.66918
0.4533	0.5557	0.00132	0.97548	0.38518	0.00728	0.00266	0.04903	0.02423	0.00215	0.19707	0.49716	0.00197	1.23981	0.70347
0.46672	0.71952	0.00146	1.01016	0.40146	0.00831	0.00247	0.0586	0.02551	0.00186	0.21461	0.42082	0.00181	0.96585	0.69736
0.49527	0.67418	0.00141	0.97724	0.45407	0.00683	0.00264	0.06199	0.03137	0.00208	0.21511	0.50691	0.00208	1.32349	0.72282
0.47877	0.62306	0.00106	0.98028	0.43727	0.00782	0.00273	0.04798	0.03011	0.00199	0.20982	0.44323	0.0026	1.04636	0.71081
0.51378	0.58197	0.00125	1.041	0.40895	0.00755	0.00214	0.06309	0.02782	0.00187	0.2011	0.35148	0.00304	0.97572	0.67604
0.45591	0.58443	0.00102	1.00317	0.42193	0.00681	0.00236	0.06337	0.03371	0.00178	0.20908	0.46496	0.00223	1.04031	0.66396
0.44237	0.47429	0.00099	0.93706	0.38142	0.00476	0.00232	0.0456	0.02663	0.00282	0.22176	0.49626	0.00141	1.0156	0.6919
0.47507	0.59616	0.00149	0.97467	0.39963	0.0047	0.0022	0.06993	0.03087	0.00227	0.20364	0.48563	0.00258	1.04731	0.64736
0.44331	0.50605	0.00124	1.02232	0.37373	0.00539	0.00219	0.04938	0.03456	0.00178	0.24231	0.49702	0.00201	0.97012	0.67403
0.42814	0.51433	0.00103	0.97525	0.42982	0.00703	0.00235	0.05266	0.03123	0.00183	0.21057	0.47419	0.0017	1.05286	0.70457
0.41537	0.57025	0.00104	0.92204	0.38256	0.00456	0.00226	0.05666	0.03177	0.00231	0.23102	0.44543	0.0016	1.00919	0.70316
0.50348	0.55024	0.00111	0.96933	0.40756	0.00632	0.00203	0.04573	0.02848	0.00179	0.23571	0.4736	0.00214	1.06361	0.6824
0.44997	0.50979	0.00086	0.97095	0.37599	0.00946	0.00244	0.04426	0.02756	0.00196	0.23691	0.50569	0.00177	1.41444	0.69377
0.47111	0.5359	0.00094	0.99855	0.40538	0.00421	0.0022	0.04928	0.02759	0.00155	0.22658	0.51009	0.00173	1.29032	0.70344
0.48565	0.59542	0.00092	0.96927	0.37401	0.01209	0.00199	0.0462	0.03278	0.00177	0.21528	0.47484	0.0025	0.95578	0.71294
0.44969	0.52488	0.00097	0.98599	0.39252	0.01094	0.00249	0.05289	0.03317	0.00171	0.21666	0.48061	0.00154	1.01868	0.72211
0.43814	0.55729	0.00096	1.0203	0.37695	0.00521	0.00178	0.05169	0.03124	0.00181	0.23733	0.53352	0.00167	1.1472	0.70387
0.42536	0.59173	0.00102	1.00325	0.37249	0.00863	0.00303	0.05431	0.03184	0.00185	0.23436	0.4842	0.00219	1.39902	0.71486
0.45789	0.61829	0.00105	0.97868	0.38733	0.01119	0.00199	0.06415	0.03064	0.0021	0.2292	0.53695	0.00261	0.94617	0.72167
0.43437	0.52219	0.00092	0.98153	0.40446	0.00678	0.0023	0.05107	0.0313	0.00186	0.24223	0.54031	0.00165	1.16982	0.73573
0.44295	0.51826	0.00169	0.93705	0.39866	0.00468	0.00254	0.05122	0.03243	0.00168	0.2343	0.62497	0.00183	1.01888	0.75754
0.48205	0.62533	0.00105	0.97874	0.40118	0.01029	0.00208	0.04398	0.03029	0.00158	0.2294	0.45031	0.00243	1.34013	0.73321
0.4487	0.55505	0.00083	0.96777	0.4215	0.0076	0.00203	0.0494	0.03342	0.00163	0.21149	0.47767	0.00236	1.03852	0.71429
0.45167	0.52479	0.00106	0.9546	0.40063	0.00731	0.00193	0.04154	0.02659	0.00182	0.21318	0.48044	0.00143	1.02788	0.71988
0.46167	0.55399	0.00097	0.97116	0.37875	0.00494	0.00201	0.05573	0.03312	0.00166	0.22919	0.49435	0.00127	1.24474	0.70295
0.46025	0.57379	0.0008	0.98838	0.39098	0.01201	0.00176	0.04629	0.03335	0.00187	0.25315	0.53969	0.00141	1.6552	0.70271
0.46645	0.57508	0.00126	0.98221	0.3483	0.00717	0.00172	0.03995	0.03123	0.00171	0.22483	0.47047	0.00199	1.5438	0.72314
0.48615	0.57387	0.00097	0.9957	0.38205	0.00791	0.0018	0.04431	0.02698	0.00166	0.22541	0.50459	0.00186	0.98591	0.68986
0.47412	0.57077	0.00124	0.99864	0.36676	0.00778	0.00235	0.0407	0.02528	0.00212	0.22447	0.48825	0.0017	0.98378	0.72026
0.48165	0.62041	0.00103	0.95793	0.39529	0.00622	0.00228	0.05145	0.02506	0.00165	0.22097	0.49271	0.00204	1.05696	0.70221
0.45656	0.59767	0.00099	1.00427	0.41384	0.0072	0.00211	0.04736	0.03076	0.00183	0.22287	0.45498	0.00186	1.05436	0.71815
0.46943	0.52313	0.00121	0.96952	0.38953	0.0083	0.00151	0.04436	0.03056	0.00172	0.20957	0.57886	0.00171	1.0477	0.68574
0.46136	0.56849	0.00117	0.98072	0.4172	0.00518	0.00157	0.05104	0.02946	0.00178	0.23292	0.52616	0.00117	1.32713	0.70509
0.44102	0.53235	0.00108	0.94352	0.39269	0.00761	0.00218	0.0513	0.02641	0.00156	0.21072	0.50453	0.00152	1.02065	0.70154
0.48207	0.60932	0.00104	1.00551	0.39858	0.00748	0.00323	0.06004	0.0267	0.00175	0.20314	0.46199	0.00129	1.37987	0.70516
0.48091	0.53013	0.00097	0.99206	0.38064	0.00559	0.00184	0.0468	0.02608	0.00151	0.22101	0.53027	0.00119	0.96306	0.71194
0.49553	0.62591	0.00111	0.9441	0.42513	0.00802	0.00174	0.05632	0.02196	0.00185	0.20719	0.48748	0.00129	0.96136	0.72805
0.48342	0.56232	0.00083	0.95196	0.38394	0.01165	0.00163	0.03899	0.02245	0.00196	0.21504	0.54007	0.00142	1.05351	0.73357
0.44567	0.50137	0.00085	0.97428	0.39389	0.01061	0.00162	0.03604	0.02303	0.00188	0.23335	0.52856	0.00107	1.02764	0.72113
0.46654	0.52998	0.00105	0.97926	0.38436	0.00852	0.00229	0.05799	0.02415	0.00236	0.23952	0.50424	0.0014	1.02319	0.70059
0.49181	0.64484	0.00088	0.99665	0.42735	0.00573	0.00213	0.05724	0.02975	0.00144	0.25011	0.46677	0.00301	0.99188	0.71562
0.46262	0.57299	0.00107	0.96463	0.42642	0.00815	0.00189	0.05742	0.02829	0.00173	0.23513	0.51863	0.00136	1.04987	0.71593
0.47434	0.55301	0.00091	0.96417	0.43948	0.00603	0.00192	0.05239	0.03082	0.00146	0.24994	0.46454	0.00162	0.98571	0.65958
0.47082	0.57314	0.00118	1.00367	0.42546	0.00776	0.00208	0.04258	0.02906	0.00153	0.22496	0.51616	0.00151	1.11224	0.72709
0.46146	0.52695	0.00116	0.99175	0.37254	0.00626	0.00256	0.0532	0.02966	0.00146	0.23001	0.4056	0.00132	1.21114	0.70856
0.42825	0.47717	0.00124	0.91971	0.40343	0.0085	0.00206	0.05352	0.02706	0.00246	0.20568	0.4828	0.00128	1.28239	0.72216
0.50673	0.61317	0.00104	0.99426	0.35754	0.00813	0.00187	0.0504	0.02609	0.00171	0.24407	0.44843	0.00167	1.0109	0.71172
0.48073	0.58776	0.00095	0.95672	0.37948	0.0075	0.00171	0.05569	0.02777	0.00177	0.21711	0.50668	0.0016	0.97374	0.72675
0.45413	0.635	0.00104	1.00733	0.39825	0.0075	0.00195	0.06469	0.02894	0.00169	0.21725	0.38808	0.00136	1.22714	0.72471
0.41863	0.49124	0.00087	0.97186	0.36138	0.0078	0.00178	0.0495	0.02398	0.00167	0.21462	0.39096	0.00175	0.9836	0.69228
0.43253	0.5718	0.00106	0.96519	0.42869	0.01108	0.00183	0.05897	0.02742	0.0014	0.21214	0.38139	0.00158	0.98308	0.66297
0.42608	0.51292	0.00116	0.98987	0.43572	0.00891	0.00187	0.0638	0.02513	0.00132	0.24543	0.42379	0.00161	0.99546	0.70194
0.42814	0.57446	0.00087	0.96791	0.44222	0.00806	0.00242	0.07573	0.0274	0.0018	0.23256	0.43721	0.00162	1.0825	0.66183
0.43881	0.60527	0.00111	0.97815	0.39419	0.00625	0.00206	0.06256	0.0252	0.00144	0.24513	0.40297	0.00153	0.96563	0.66251
0.46482	0.56818	0.00065	1.02353	0.38046	0.00751	0.00209	0.05388	0.03224	0.00155	0.24811	0.42257	0.00151	1.02934	0.68996
0.41762	0.49343	0.00072	0.96042	0.40879	0.00992	0.0018	0.04201	0.02661	0.00142	0.24121	0.45642	0.00276	1.01851	0.6641
0.43837	0.52742	0.00069	0.99576	0.40294	0.00933	0.00172	0.03832	0.02663	0.00131	0.24148	0.42137	0.00135	1.05981	0.69035
0.46361	0.50237	0.00082	0.99027	0.36312	0.00357	0.00213	0.03441	0.01979	0.0015	0.22685	0.41512	0.00203	1.3065	0.68771
0.45057	0.4884	0.00086	0.96889	0.42961	0.00481	0.00187	0.04034	0.02368	0.00112	0.25388	0.44737	0.00149	0.93589	0.70328
0.43642	0.52375	0.00093	0.95447	0.38538	0.00634	0.00163	0.05372	0.02455	0.00136	0.23818	0.42521	0.00208	1.27547	0.72741
0.483	0.51286	0.001	0.98255	0.39073	0.009	0.00171	0.04599	0.02463	0.00125	0.22316	0.46213	0.00143	1.11273	0.69684
0.4557	0.51417	0.00066	1.00698	0.40548	0.0068	0.00149	0.0633	0.03074	0.00153	0.22626	0.38928	0.00145	0.97389	0.69357
0.45736	0.52944	0.00084	0.97028	0.3809	0.00658	0.00167	0.06276	0.02164	0.00165	0.25399	0.45202	0.00129	0.98433	0.71342
0.45708	0.51942	0.00087	0.96084	0.3871	0.00625	0.00153	0.05254	0.0191	0.00144	0.24977	0.48994	0.00281	1.03754	0.69395
0.45541	0.50141	0.00098	0.98054	0.41057	0.00665	0.00179	0.05176	0.01874	0.00143	0.24635	0.45217	0.00217	1.38077	0.66918
0.49932	0.61291	0.00091	0.96824	0.38625	0.00628	0.00167	0.06096	0.02265	0.00142	0.25394	0.48973	0.00163	1.33874	0.72848
0.45575	0.56183	0.00091	0.95699	0.38442	0.00611	0.00153	0.06153	0.02084	0.00125	0.23925	0.49236	0.00143	1.0562	0.72017
0.48692	0.59911	0.00082	0.96531	0.37145	0.00783	0.00153	0.06374	0.01926	0.00131	0.22776	0.45119	0.0013	0.97045	0.70619
0.50563	0.58607	0.0008	0.98973	0.40556	0.0097	0.00161	0.04878	0.02075	0.00144	0.22875	0.40671	0.00122	1.17409	0.74258
0.4677	0.55954	0.00129	0.96018	0.37644	0.01438	0.00171	0.05794	0.02	0.00129	0.25115	0.42408	0.00167	1.01301	0.68388
0.47061	0.60206	0.0008	0.96925	0.41989	0.00984	0.00194	0.05774	0.02416	0.00121	0.20245	0.41801	0.00143	1.1319	0.70513
0.46027	0.56345	0.00126	1.00626	0.39421	0.00685	0.00156	0.05148	0.0216	0.00135	0.2184	0.45396	0.00094	0.95753	0.72196
0.48397	0.5911	0.0016	0.95738	0.43783	0.00929	0.00274	0.0497	0.02028	0.00161	0.2206	0.48971	0.0015	1.20135	0.71181
0.45754	0.68873	0.00152	0.98251	0.37049	0.00523	0.0018	0.06143	0.01992	0.00162	0.23239	0.3758	0.00124	1.04351	0.7294
0.45631	0.54894	0.00091	0.95534	0.38852	0.01041	0.00158	0.0606	0.02415	0.00132	0.22862	0.48196	0.00104	1.18966	0.73792
0.48271	0.55772	0.00094	0.95693	0.39015	0.00883	0.00162	0.055	0.02432	0.00126	0.24173	0.53698	0.00116	0.96231	0.70716
0.43569	0.55001	0.00076	0.96939	0.36535	0.0066	0.00174	0.05084	0.01963	0.00115	0.21525	0.53757	0.00184	1.0117	0.72723
0.41167	0.43242	0.00091	0.94336	0.37484	0.00453	0.00147	0.04973	0.02518	0.00091	0.21189	0.45316	0.00105	1.03907	0.67816
0.43149	0.47313	0.00089	0.96584	0.41319	0.00332	0.0019	0.05792	0.02016	0.00127	0.22362	0.5398	0.00119	1.00068	0.70944
0.41273	0.49189	0.00106	0.95487	0.4053	0.00577	0.00187	0.05475	0.01713	0.00134	0.22914	0.48527	0.00157	0.95821	0.71998
0.41953	0.50062	0.00072	0.96434	0.40066	0.00598	0.00225	0.05271	0.01713	0.00115	0.2247	0.50363	0.00135	0.98167	0.71787
0.42368	0.56428	0.00077	0.97077	0.40864	0.00558	0.00189	0.07178	0.019	0.00113	0.24689	0.51794	0.00135	1.02915	0.74055
0.48208	0.56397	0.00074	0.97889	0.40686	0.00577	0.00188	0.04833	0.02413	0.00155	0.22593	0.42358	0.00124	1.03833	0.68641
0.40552	0.57099	0.00106	0.95917	0.40181	0.00749	0.00163	0.06377	0.02919	0.00132	0.23463	0.48142	0.00135	0.95675	0.73963
0.45079	0.57465	0.00077	0.97454	0.42729	0.00234	0.00134	0.06065	0.0312	0.00148	0.25132	0.46594	0.00133	1.14522	0.68997
0.48502	0.55312	0.00089	0.96037	0.425	0.00345	0.00152	0.05732	0.02698	0.00161	0.22549	0.47477	0.00098	0.98514	0.70104
0.4664	0.54754	0.00116	0.93304	0.40239	0.00645	0.00163	0.0569	0.02762	0.00126	0.24321	0.52386	0.00162	1.23138	0.73522
0.47072	0.53463	0.00104	1.00983	0.40374	0.0032	0.00135	0.0437	0.02297	0.00129	0.2529	0.4734	0.00124	0.97404	0.67635
0.44112	0.56079	0.00062	0.96741	0.46699	0.00449	0.00134	0.05907	0.02543	0.00147	0.20815	0.44163	0.00128	0.97182	0.66285
0.48476	0.59925	0.00082	0.97656	0.43487	0.00516	0.00177	0.06955	0.0316	0.00202	0.21573	0.45139	0.00131	1.27059	0.72471
0.46727	0.57549	0.001	0.94521	0.42605	0.00422	0.00137	0.0552	0.02321	0.00125	0.22865	0.49248	0.00149	0.99227	0.70754
0.47411	0.53183	0.0009	0.96255	0.40532	0.00477	0.00139	0.0532	0.02609	0.00122	0.23594	0.43994	0.00138	1.06382	0.69716
0.42509	0.54037	0.00063	0.93735	0.39564	0.00579	0.00148	0.05969	0.02386	0.00124	0.2129	0.45526	0.00135	0.95496	0.71638
0.48859	0.59214	0.00093	0.95867	0.3848	0.01335	0.00244	0.05624	0.0204	0.00103	0.24488	0.44933	0.00118	0.96106	0.72528
0.46712	0.57925	0.00121	0.96791	0.43005	0.01085	0.00184	0.05678	0.02796	0.00143	0.23631	0.46455	0.00097	0.94823	0.71739
0.4012	0.66622	0.00074	0.96131	0.39449	0.00917	0.00129	0.06677	0.02408	0.00102	0.23736	0.42599	0.00136	1.25246	0.69291
0.41835	0.60074	0.00082	0.97387	0.3814	0.00382	0.00154	0.07183	0.02942	0.00112	0.22938	0.45278	0.00167	1.01646	0.68041
0.45189	0.59637	0.00102	0.95341	0.38871	0.00611	0.00122	0.04481	0.02443	0.00135	0.24331	0.48196	0.00128	1.04657	0.71459
0.43725	0.54801	0.00129	0.91528	0.4	0.00822	0.00155	0.04748	0.02139	0.00134	0.22845	0.4783	0.00146	1.39257	0.69858
0.38646	0.52974	0.00097	0.94494	0.34941	0.01008	0.00143	0.04215	0.0174	0.00135	0.23093	0.50794	0.00149	0.97476	0.67556
0.40438	0.50385	0.00088	0.93004	0.37234	0.00215	0.00118	0.04897	0.01419	0.00134	0.23443	0.47506	0.00171	0.99844	0.71299
0.44219	0.53991	0.00106	0.92934	0.37306	0.00417	0.00132	0.04917	0.01488	0.00134	0.24229	0.46177	0.00145	1.15497	0.72643
0.40521	0.55922	0.00091	0.96985	0.36194	0.00717	0.00133	0.06124	0.01508	0.00125	0.22819	0.47141	0.00161	0.96989	0.73609
0.41187	0.63358	0.0011	0.95288	0.40773	0.00643	0.00151	0.06028	0.02037	0.00163	0.22478	0.469	0.00115	0.93969	0.73499
0.44466	0.62878	0.00081	0.93694	0.38448	0.00857	0.00157	0.06327	0.02608	0.00121	0.22623	0.49168	0.00134	1.06749	0.72912
0.4412	0.60866	0.00089	0.95924	0.42511	0.00385	0.00137	0.08647	0.02569	0.00131	0.23775	0.54593	0.00136	1.02786	0.71294
0.42278	0.6076	0.0012	0.93744	0.38055	0.00435	0.00108	0.07924	0.02269	0.00093	0.2365	0.47302	0.00199	1.01741	0.70427
0.4587	0.57819	0.00142	0.973	0.3951	0.00261	0.00164	0.0769	0.0226	0.00123	0.23545	0.51946	0.00151	1.07725	0.71957
0.45443	0.61037	0.00125	0.94448	0.48197	0.00133	0.00127	0.07909	0.02237	0.0008	0.22775	0.5441	0.00162	0.95133	0.71285
0.44128	0.50877	0.0008	0.91643	0.39355	0.00619	0.00138	0.05712	0.01859	0.00088	0.2387	0.50398	0.00177	1.05856	0.71314
0.43817	0.62171	0.00063	0.93785	0.42546	0.00525	0.00152	0.07164	0.024	0.00125	0.24582	0.49674	0.001	0.94605	0.7273
0.42729	0.54065	0.00063	0.92797	0.42448	0.00276	0.00105	0.06743	0.02575	0.00114	0.23825	0.46235	0.00122	1.04175	0.68431
0.42777	0.49084	0.0008	0.92077	0.36423	0.00218	0.00111	0.0642	0.02326	0.00113	0.23492	0.51388	0.00198	1.10171	0.72998
0.38298	0.43204	0.00074	0.92026	0.35231	0.0031	0.00146	0.06274	0.02691	0.00159	0.22222	0.48069	0.00151	1.0409	0.71441
0.41169	0.48169	0.00071	0.93969	0.40308	0.005	0.00176	0.04436	0.01884	0.00134	0.24857	0.48574	0.00148	1.02728	0.72071
0.38453	0.49633	0.00075	0.89276	0.38745	0.00362	0.00172	0.05559	0.02603	0.0011	0.22564	0.50615	0.00109	0.94118	0.71647
0.45794	0.4955	0.00052	0.92743	0.37505	0.00748	0.00129	0.0566	0.02046	0.00116	0.22614	0.54537	0.00139	0.97552	0.71281
0.45922	0.52513	0.00075	0.97994	0.41646	0.00577	0.00148	0.06977	0.02751	0.0011	0.22184	0.50845	0.00188	0.96381	0.72289
0.41176	0.59484	0.00121	0.93439	0.36876	0.0065	0.0019	0.0591	0.02203	0.00129	0.22964	0.43205	0.00129	1.1855	0.74779
0.41026	0.5343	0.00097	0.93335	0.37566	0.00538	0.0018	0.05862	0.02345	0.00136	0.23384	0.5533	0.0013	0.98405	0.7236
0.39877	0.58404	0.00068	0.94454	0.38015	0.0037	0.00167	0.07474	0.02833	0.00088	0.25974	0.53153	0.00123	1.14293	0.73595
0.44438	0.61559	0.00092	0.93069	0.38582	0.00821	0.0019	0.05808	0.0201	0.00086	0.23917	0.46451	0.00147	1.129	0.74102
0.41968	0.61863	0.00075	0.93501	0.41214	0.00607	0.00165	0.05428	0.02504	0.00128	0.25657	0.52745	0.0011	0.98681	0.72359
0.42161	0.58283	0.00062	0.95793	0.41636	0.00602	0.00212	0.05514	0.02274	0.00091	0.23486	0.53251	0.00106	1.19882	0.73475
0.44595	0.60763	0.00068	0.95928	0.42866	0.0031	0.00123	0.07181	0.01969	0.00159	0.2275	0.54818	0.00117	0.99785	0.73776
0.38567	0.43937	0.00052	0.91174	0.37712	0.00468	0.00121	0.0418	0.0135	0.00216	0.23	0.55339	0.0012	1.26201	0.73245
0.44974	0.53798	0.00073	0.98907	0.43865	0.00465	0.00146	0.05164	0.01645	0.00171	0.23748	0.51973	0.00091	1.06199	0.73831
0.40658	0.47856	0.00086	0.96768	0.40223	0.00429	0.00146	0.05626	0.01629	0.00136	0.25249	0.60279	0.00134	0.96398	0.73959
0.40498	0.57657	0.00072	0.95499	0.3981	0.00582	0.00145	0.06601	0.01629	0.0013	0.24265	0.56387	0.0008	0.95262	0.74471
0.39543	0.55346	0.00051	0.88652	0.42495	0.00198	0.00118	0.05512	0.01765	0.00127	0.25503	0.50222	0.00137	0.96056	0.71355
0.43857	0.54166	0.00061	0.95966	0.4254	0.00265	0.0018	0.05637	0.01319	0.0013	0.22625	0.50778	0.00127	0.95919	0.74078
0.37048	0.50865	0.00066	0.90485	0.38525	0.00375	0.00132	0.05192	0.0175	0.00137	0.25739	0.49854	0.001	0.98875	0.72441
0.41383	0.4684	0.00046	0.96085	0.3915	0.00239	0.00118	0.04771	0.02077	0.00099	0.23977	0.45886	0.00092	0.97713	0.70131
0.43514	0.52827	0.00104	0.95582	0.38631	0.0039	0.00105	0.045	0.0184	0.00146	0.24013	0.51742	0.00112	1.16314	0.73006
0.42227	0.56171	0.00056	0.94692	0.38497	0.00684	0.00118	0.04062	0.01166	0.00137	0.23319	0.49958	0.00108	1.2192	0.74981
0.42889	0.53888	0.00079	0.93544	0.36938	0.00546	0.00181	0.05981	0.0188	0.00107	0.23965	0.51824	0.00157	1.41009	0.73968
0.40697	0.54756	0.00046	0.92045	0.4203	0.0033	0.00218	0.06785	0.0232	0.00099	0.24435	0.46844	0.00141	1.03742	0.71493
0.42717	0.45897	0.00064	0.9479	0.45073	0.00807	0.0013	0.04659	0.02078	0.001	0.21274	0.5534	0.00083	0.9858	0.73407
0.47974	0.5913	0.00063	0.97325	0.44382	0.00572	0.00094	0.05714	0.02211	0.00149	0.2433	0.52585	0.00137	1.13924	0.72316
0.46134	0.56332	0.00054	0.93266	0.39591	0.00489	0.00135	0.05517	0.02388	0.00108	0.22443	0.51454	0.00162	1.01305	0.71969
0.47333	0.70469	0.00066	0.987	0.40336	0.00952	0.00115	0.06454	0.03476	0.00141	0.23504	0.48236	0.00105	1.17936	0.7234
0.39112	0.50667	0.00046	0.8847	0.37137	0.0105	0.00187	0.04045	0.01657	0.00121	0.20466	0.50777	0.00117	1.27113	0.72472
0.41938	0.5249	0.00053	0.90865	0.40984	0.01073	0.00142	0.05125	0.02262	0.00186	0.20993	0.52935	0.00122	1.28582	0.72938
0.46162	0.68082	0.00057	0.96923	0.47497	0.00639	0.00151	0.08267	0.0348	0.0019	0.21762	0.5344	0.00111	0.98358	0.74243
0.44642	0.57648	0.00064	0.96	0.37061	0.00674	0.00159	0.04978	0.02151	0.00131	0.22582	0.53757	0.00125	1.06353	0.73117
0.40046	0.47822	0.00073	0.92164	0.38783	0.00694	0.00215	0.05697	0.02567	0.00163	0.22974	0.53526	0.00106	1.31001	0.71244
0.4226	0.45171	0.00068	0.95203	0.38363	0.00862	0.00197	0.06138	0.0269	0.00205	0.22476	0.57456	0.00132	1.21423	0.71267
0.45031	0.61299	0.00047	0.95903	0.45189	0.00597	0.00179	0.0696	0.03689	0.00129	0.24023	0.54674	0.00163	0.97652	0.72716
0.43427	0.6094	0.00063	0.96987	0.3827	0.00441	0.00113	0.05436	0.02249	0.00087	0.21498	0.52573	0.00136	1.12157	0.731
0.4227	0.6287	0.00045	0.93787	0.45243	0.00496	0.00127	0.06905	0.03143	0.00107	0.22019	0.49653	0.00102	1.03335	0.70524
0.43674	0.52915	0.00048	0.92546	0.40181	0.00597	0.00169	0.05558	0.02669	0.00115	0.23217	0.46758	0.0012	1.03148	0.67384
0.47863	0.58946	0.00055	0.96248	0.43663	0.00557	0.00148	0.07103	0.03161	0.00167	0.22536	0.50023	0.00097	1.22934	0.70762
0.43847	0.60276	0.00038	0.93683	0.39809	0.00275	0.00112	0.05103	0.02222	0.00112	0.22266	0.48947	0.00136	0.96835	0.72837
0.40489	0.5162	0.00056	0.91951	0.3711	0.00541	0.00101	0.04446	0.02227	0.00121	0.21512	0.48862	0.00147	0.985	0.71729
0.46567	0.54822	0.0006	0.95749	0.38698	0.00542	0.00143	0.04263	0.01622	0.00131	0.22301	0.54071	0.00164	1.29696	0.74028
0.42566	0.56625	0.00056	0.92205	0.36986	0.00574	0.00135	0.04485	0.0221	0.00104	0.23442	0.49868	0.0019	0.98298	0.74512
0.44822	0.52947	0.00073	0.9772	0.43832	0.00518	0.00144	0.05204	0.02718	0.00143	0.22048	0.52256	0.0012	0.96765	0.73378
0.44912	0.56884	0.00045	0.96866	0.40376	0.00516	0.00108	0.06613	0.02136	0.00137	0.2092	0.52061	0.00167	1.31401	0.71028
0.4578	0.50113	0.00057	0.94045	0.36818	0.00483	0.00099	0.06139	0.02486	0.00086	0.21494	0.58596	0.00095	0.98496	0.72795
0.42559	0.48254	0.00059	0.91044	0.38749	0.00847	0.00132	0.05249	0.02457	0.00116	0.22961	0.49835	0.00107	1.04607	0.70956
0.43646	0.46859	0.00067	0.93764	0.3899	0.00376	0.00139	0.06272	0.02695	0.00122	0.222	0.53718	0.00095	1.24768	0.69624
0.40065	0.47856	0.00051	0.90932	0.40755	0.00706	0.00131	0.07247	0.02597	0.00106	0.21952	0.55074	0.00075	1.21331	0.70015
0.35616	0.51839	0.00066	0.91671	0.39366	0.01219	0.001	0.06547	0.02842	0.00102	0.23773	0.57322	0.00083	1.07923	0.70495
0.35058	0.44486	0.00059	0.84467	0.35479	0.00728	0.00156	0.05462	0.02115	0.00085	0.22921	0.52751	0.00088	1.37466	0.6999
0.37667	0.50661	0.00058	0.86541	0.37275	0.00817	0.00169	0.05826	0.0236	0.00085	0.22959	0.48736	0.00097	1.01493	0.68147
0.41127	0.45952	0.00073	0.91073	0.37896	0.00786	0.0012	0.04507	0.01675	0.00135	0.25258	0.56252	0.00102	1.04107	0.72032
0.41852	0.50722	0.00037	0.90067	0.40631	0.00459	0.00162	0.05063	0.01879	0.00111	0.24804	0.52611	0.00096	0.95706	0.70332
0.42429	0.50659	0.00054	0.93378	0.37681	0.00515	0.00122	0.06307	0.01659	0.00107	0.22093	0.46768	0.00104	1.04791	0.69998
0.4295	0.58708	0.00055	0.93101	0.38758	0.00628	0.00157	0.06189	0.02199	0.00077	0.25412	0.50223	0.00203	0.98031	0.73353
0.45338	0.53593	0.0005	0.92777	0.39437	0.00711	0.00211	0.04729	0.01839	0.00132	0.23043	0.45956	0.0016	1.34722	0.7161
0.4702	0.48819	0.0006	0.92994	0.38091	0.00855	0.00129	0.04011	0.01757	0.00069	0.22568	0.49142	0.00301	1.04462	0.73701
0.43994	0.51043	0.00049	0.90667	0.39742	0.00855	0.00153	0.05267	0.01894	0.00106	0.221	0.50211	0.00143	1.03158	0.7054
0.39651	0.50092	0.00096	0.90444	0.39578	0.0114	0.00133	0.05682	0.02383	0.00088	0.21006	0.47871	0.00199	1.15144	0.70127
0.42871	0.47457	0.00107	0.94129	0.36107	0.0059	0.00099	0.06246	0.01933	0.00121	0.21582	0.55423	0.0014	0.97884	0.68191
0.40334	0.43013	0.00094	0.88277	0.36005	0.0079	0.00144	0.05146	0.0222	0.00084	0.22497	0.56862	0.0017	0.98955	0.69686
0.39516	0.40462	0.00079	0.91891	0.37573	0.00477	0.00123	0.04504	0.0137	0.00127	0.22449	0.53545	0.00107	1.25722	0.69632
0.46573	0.44674	0.00069	0.9411	0.36156	0.00511	0.00102	0.04823	0.0204	0.00158	0.23084	0.53336	0.00132	1.02844	0.69501
0.41994	0.4791	0.00071	0.9239	0.35413	0.0035	0.00104	0.05385	0.02579	0.00111	0.23026	0.49376	0.00129	0.98387	0.70226
0.40936	0.45245	0.00059	0.91542	0.37887	0.00398	0.00117	0.05224	0.03122	0.0012	0.24032	0.50815	0.00178	1.04513	0.71094
0.43635	0.5286	0.00066	0.91651	0.40696	0.00398	0.00128	0.06764	0.03048	0.00096	0.23342	0.52356	0.00147	1.03472	0.72053
0.42292	0.43272	0.00064	0.88132	0.40498	0.00428	0.00124	0.0481	0.0238	0.00113	0.23906	0.56295	0.00102	1.05027	0.72317
0.42402	0.44105	0.00044	0.9047	0.36257	0.00764	0.00162	0.04986	0.01466	0.00096	0.2316	0.52762	0.0013	1.07602	0.62398
0.44105	0.47926	0.00108	0.9401	0.3786	0.01213	0.00078	0.04291	0.01597	0.00147	0.23978	0.52897	0.00151	1.30283	0.69615
0.40696	0.42975	0.00093	0.94892	0.40264	0.00389	0.00124	0.04927	0.02243	0.00126	0.2129	0.52523	0.0014	1.0085	0.67382
0.39007	0.4582	0.00057	0.88618	0.37843	0.00588	0.00085	0.05295	0.02357	0.00083	0.23627	0.51961	0.00141	1.1513	0.69221
0.38143	0.42325	0.00083	0.93388	0.39951	0.00546	0.00126	0.04995	0.01973	0.00131	0.20958	0.47362	0.00185	1.09084	0.67549
0.43223	0.48766	0.00056	0.93492	0.37989	0.00494	0.00099	0.05534	0.0207	0.00125	0.2126	0.51328	0.00172	1.12879	0.67146
0.41754	0.43953	0.00058	0.94524	0.37135	0.00787	0.0019	0.0536	0.02213	0.00125	0.22899	0.5293	0.00081	1.05951	0.67114
0.43068	0.51402	0.0006	0.91293	0.37367	0.00652	0.00135	0.04981	0.02461	0.00096	0.22307	0.55541	0.00156	1.28592	0.71342
0.41202	0.43647	0.00072	0.92896	0.36718	0.00645	0.00132	0.05269	0.02269	0.00126	0.21695	0.58924	0.00083	1.02649	0.71818
0.38917	0.44363	0.0005	0.88772	0.36692	0.00672	0.00201	0.05491	0.02161	0.00125	0.19953	0.5541	0.00076	1.20743	0.68095
0.39613	0.4483	0.00058	0.92809	0.37836	0.00772	0.00124	0.05817	0.02018	0.00104	0.20903	0.54569	0.00087	1.00608	0.69976
0.38714	0.4772	0.00097	0.92902	0.39103	0.00432	0.00088	0.06202	0.01736	0.0012	0.21717	0.57284	0.00073	1.02989	0.68312
0.43155	0.47678	0.00141	0.92126	0.39252	0.00676	0.00082	0.0645	0.01751	0.00094	0.21168	0.59252	0.00126	0.98782	0.66182
0.46906	0.50766	0.00057	0.9282	0.40438	0.00568	0.00092	0.05817	0.02184	0.00113	0.19846	0.55889	0.00074	1.03912	0.7004
0.4026	0.54057	0.00112	0.89898	0.35628	0.00939	0.0012	0.0379	0.02217	0.00121	0.19764	0.49831	0.00125	1.03033	0.7142
0.38964	0.45292	0.001	0.91994	0.37282	0.0048	0.00135	0.05224	0.02585	0.00112	0.20702	0.57851	0.00113	1.06595	0.65273
0.37777	0.41533	0.0004	0.9118	0.40101	0.01255	0.00156	0.04746	0.0238	0.00114	0.21828	0.51905	0.00121	1.02822	0.67884
0.36091	0.43377	0.0007	0.88953	0.38738	0.00932	0.0014	0.04684	0.01975	0.00088	0.22088	0.58839	0.00119	1.1477	0.67851
0.3779	0.44731	0.00055	0.86262	0.3492	0.005	0.00134	0.04083	0.01855	0.00195	0.21704	0.5589	0.00158	1.02114	0.70792
0.39706	0.4259	0.0005	0.92232	0.35633	0.00512	0.00113	0.05068	0.02407	0.00136	0.22494	0.57571	0.00124	1.02269	0.73276
0.34351	0.44072	0.00031	0.86075	0.35854	0.00975	0.00101	0.0481	0.02158	0.00116	0.24984	0.50543	0.00107	1.05534	0.70708
0.39893	0.40855	0.0009	0.9019	0.35823	0.00372	0.00199	0.04298	0.01778	0.00096	0.2193	0.54808	0.00111	0.96624	0.70965
0.40501	0.44736	0.0011	0.88628	0.37994	0.00126	0.00152	0.05463	0.01836	0.0009	0.21248	0.64316	0.00134	1.0537	0.70399
0.41593	0.51852	0.00121	0.90341	0.39825	0.00383	0.00122	0.05946	0.01613	0.00133	0.21754	0.55024	0.00116	1.05322	0.74735
0.40731	0.43059	0.00126	0.89386	0.41248	0.00432	0.00138	0.04903	0.01367	0.00117	0.20666	0.59221	0.00106	0.99041	0.74548
0.41305	0.43677	0.00092	0.96004	0.375	0.00484	0.00134	0.04754	0.01603	0.00102	0.23819	0.5616	0.00115	1.07187	0.71009
0.40733	0.45159	0.00088	0.90743	0.38248	0.00082	0.00126	0.0479	0.02013	0.00119	0.22626	0.56541	0.0011	1.07702	0.72215
0.41454	0.4427	0.00108	0.88907	0.37264	0.00136	0.00101	0.04965	0.01862	0.00092	0.23145	0.59595	0.0014	1.26834	0.73457
0.42385	0.50614	0.00081	0.93476	0.37583	0.00273	0.00137	0.0566	0.02194	0.00058	0.2242	0.5165	0.00208	1.33849	0.72752
0.42152	0.4207	0.00065	0.92351	0.36618	0.00415	0.00153	0.043	0.01814	0.00061	0.23448	0.57642	0.00157	1.05972	0.743
0.42154	0.39059	0.0007	0.87951	0.36471	0.00308	0.00101	0.05186	0.0159	0.00096	0.21207	0.60267	0.00118	1.22967	0.70791
0.38997	0.45075	0.00065	0.86135	0.36595	0.00409	0.00157	0.0552	0.01542	0.00105	0.22902	0.55231	0.00127	1.05984	0.67664
0.39807	0.41074	0.00039	0.92467	0.37006	0.00339	0.00165	0.05033	0.01876	0.00074	0.22594	0.55998	0.00145	0.97643	0.74884
0.37655	0.40832	0.00047	0.93725	0.39271	0.00309	0.001	0.05848	0.01753	0.00098	0.23293	0.55781	0.00142	1.01251	0.7469
0.43648	0.47471	0.00051	0.88835	0.42519	0.00399	0.00119	0.0601	0.02022	0.00103	0.21465	0.60724	0.00078	0.98799	0.75453
0.42428	0.50844	0.00033	0.91608	0.40749	0.00502	0.0013	0.06266	0.01829	0.00085	0.2151	0.51906	0.00085	1.4301	0.68119
0.42208	0.50448	0.00058	0.91675	0.3975	0.0093	0.00152	0.06597	0.02433	0.0008	0.22852	0.49566	0.00071	0.9765	0.7073
0.44218	0.52718	0.00053	0.93502	0.44087	0.00367	0.00104	0.0526	0.01086	0.00096	0.22023	0.52959	0.00122	1.29366	0.72359
0.43882	0.53441	0.00075	0.95504	0.42678	0.00701	0.00221	0.05576	0.01785	0.00089	0.22923	0.54347	0.00077	0.98959	0.73472
0.38792	0.4796	0.00077	0.90829	0.40164	0.00542	0.00204	0.05278	0.01291	0.00067	0.22742	0.56015	0.00065	0.98306	0.71089
0.43919	0.51093	0.00099	0.93673	0.39066	0.00701	0.0011	0.07252	0.02663	0.00072	0.21541	0.54179	0.00104	1.4044	0.68146
0.43268	0.45638	0.00059	0.90789	0.42753	0.00436	0.00095	0.04771	0.014	0.00094	0.19564	0.55456	0.00137	1.14665	0.71302
0.42244	0.46227	0.00045	0.95283	0.45649	0.00574	0.00134	0.04493	0.01642	0.00093	0.20902	0.57776	0.00088	0.98104	0.70054
0.47185	0.47388	0.00058	0.9812	0.42649	0.00856	0.00097	0.04401	0.01775	0.002	0.20609	0.56896	0.00084	1.05091	0.6567
0.47392	0.4391	0.00042	0.96057	0.36876	0.00901	0.00117	0.04858	0.01442	0.0008	0.20531	0.60181	0.00179	1.04057	0.73334
0.43828	0.42933	0.00054	0.97233	0.42869	0.00928	0.00134	0.05892	0.01852	0.00112	0.20185	0.62669	0.00105	1.28724	0.72863
0.42088	0.41636	0.00031	0.95367	0.37605	0.01101	0.00087	0.06005	0.01905	0.00085	0.1923	0.50693	0.00153	1.00295	0.68441
0.45045	0.43245	0.00033	0.92889	0.39358	0.00811	0.00175	0.05858	0.01928	0.00099	0.21878	0.56033	0.0013	0.97997	0.66537
0.48521	0.42746	0.0005	0.98878	0.38396	0.00444	0.0011	0.04528	0.02466	0.00147	0.19567	0.55318	0.00088	1.11618	0.72406
0.42129	0.42045	0.00044	0.93648	0.37722	0.00408	0.00184	0.04268	0.01633	0.00111	0.21335	0.59168	0.00089	1.04844	0.72294
0.46987	0.50657	0.00042	0.97826	0.41165	0.00877	0.00272	0.04791	0.01961	0.00098	0.20478	0.4911	0.00076	1.05177	0.71454
0.45766	0.45531	0.00045	0.90652	0.37907	0.00236	0.00103	0.03501	0.01779	0.00086	0.22048	0.59296	0.00057	1.1193	0.70967
0.41572	0.41765	0.00073	0.95069	0.38387	0.00513	0.00145	0.03746	0.01594	0.0009	0.21352	0.62352	0.00065	1.0605	0.68873
0.41672	0.42799	0.00046	0.91515	0.35718	0.00891	0.00119	0.04213	0.01629	0.00106	0.22102	0.54462	0.00057	0.98524	0.73822
0.41827	0.42105	0.00055	0.94695	0.37728	0.00481	0.00128	0.04823	0.01457	0.0008	0.19946	0.56867	0.00096	0.99911	0.66609
0.41018	0.39786	0.00057	0.9674	0.4026	0.00926	0.0022	0.04485	0.02061	0.00077	0.21004	0.57942	0.00068	1.05544	0.65781
0.39305	0.45057	0.00048	0.95332	0.40329	0.0047	0.00102	0.04335	0.016	0.00103	0.23949	0.6078	0.00166	1.00657	0.7119
0.43011	0.40098	0.00044	0.94519	0.39294	0.00811	0.00087	0.04741	0.01691	0.00241	0.2059	0.61136	0.00099	1.21865	0.71293
0.41286	0.42852	0.00041	0.94215	0.40351	0.00667	0.00127	0.03736	0.02008	0.00081	0.19701	0.56267	0.00102	1.09062	0.70751
0.41172	0.43931	0.00047	0.91542	0.39494	0.00985	0.00098	0.04322	0.02298	0.00149	0.2159	0.5849	0.00091	1.07872	0.73947
0.45031	0.48738	0.00062	0.91745	0.44646	0.00521	0.00076	0.05233	0.02109	0.00127	0.21274	0.5762	0.00114	1.03241	0.70935
0.41101	0.43213	0.00044	0.93722	0.36675	0.00193	0.00074	0.05352	0.01277	0.00147	0.21091	0.57995	0.00065	0.97235	0.75087
0.3996	0.40238	0.0007	0.93231	0.37895	0.00472	0.00088	0.04407	0.01325	0.00073	0.20566	0.51197	0.00051	1.30239	0.63973
0.43437	0.44283	0.0007	0.93635	0.39334	0.00261	0.00062	0.04574	0.01485	0.00116	0.19929	0.59261	0.00123	0.99075	0.72111
0.43136	0.43535	0.00057	0.94083	0.40159	0.00509	0.00064	0.04728	0.01175	0.00137	0.20768	0.58093	0.00077	1.20743	0.71281
0.39084	0.43931	0.00029	0.89713	0.36364	0.00993	0.00103	0.04951	0.01379	0.00141	0.21835	0.56128	0.00091	1.03151	0.71193
0.42308	0.43469	0.00044	0.96788	0.39482	0.0042	0.00125	0.04326	0.01599	0.00063	0.19346	0.59281	0.00082	0.98711	0.73627
0.44554	0.51691	0.00026	0.98637	0.41853	0.00553	0.00073	0.05904	0.0258	0.00118	0.19513	0.53496	0.00106	0.98146	0.71965
0.44927	0.53562	0.00043	0.95721	0.37755	0.00434	0.00078	0.0557	0.02234	0.00105	0.20218	0.50555	0.00086	0.97412	0.72406
0.40385	0.44424	0.00057	0.92769	0.36959	0.00853	0.0012	0.04042	0.01999	0.0008	0.19866	0.56825	0.0012	1.04223	0.71482
0.43367	0.51313	0.00052	0.95673	0.38505	0.0031	0.00123	0.04659	0.01723	0.00075	0.18988	0.57958	0.00098	1.20866	0.7549
0.40401	0.43839	0.00059	0.93557	0.38457	0.0083	0.00258	0.04874	0.02029	0.00054	0.19717	0.61471	0.00105	1.0515	0.70415
0.36259	0.39051	0.00082	0.90742	0.35854	0.00782	0.00148	0.04535	0.02224	0.00077	0.20677	0.59882	0.00115	1.04158	0.73746
0.4403	0.45784	0.00042	0.92679	0.39718	0.00728	0.00106	0.04317	0.01725	0.00075	0.19252	0.53125	0.00142	0.97757	0.70078
0.41354	0.42536	0.00079	0.92296	0.38653	0.00566	0.001	0.04144	0.01633	0.0009	0.18093	0.58531	0.0009	0.99005	0.70187
0.34984	0.41181	0.00087	0.94272	0.38442	0.01177	0.0012	0.0483	0.01225	0.00139	0.1993	0.55088	0.00086	1.04784	0.75934
0.42346	0.52446	0.00052	0.93021	0.38794	0.00614	0.00106	0.0672	0.01659	0.00079	0.21258	0.49434	0.00085	1.00252	0.7277
0.43877	0.49178	0.00041	0.92946	0.43447	0.00666	0.00104	0.05201	0.01878	0.0009	0.20733	0.52622	0.00082	0.98614	0.74445
0.35929	0.42124	0.00042	0.93116	0.40535	0.00953	0.00076	0.06076	0.02288	0.00121	0.20941	0.45998	0.00071	1.04023	0.73569
0.40943	0.44711	0.00059	0.92235	0.37557	0.00954	0.00087	0.03717	0.01821	0.0007	0.19914	0.57019	0.00106	1.01725	0.6971
0.41745	0.45891	0.00037	0.98207	0.40531	0.00668	0.00127	0.03827	0.01811	0.0012	0.21927	0.47275	0.0008	1.28116	0.71289
0.42656	0.46677	0.00083	0.90066	0.3837	0.00491	0.00047	0.06813	0.02646	0.00115	0.20407	0.51627	0.00071	1.01826	0.66162
0.41555	0.44549	0.0005	0.93625	0.4251	0.01213	0.0008	0.0511	0.01301	0.00076	0.18867	0.49178	0.00081	1.00481	0.68017
0.41016	0.48746	0.00082	0.91029	0.39925	0.00557	0.00078	0.04792	0.01582	0.00085	0.20252	0.5087	0.00096	1.33056	0.65153
0.42338	0.4222	0.00059	0.95824	0.37818	0.00356	0.0008	0.04044	0.01675	0.00111	0.21535	0.55479	0.00076	1.19827	0.66858
0.42106	0.52804	0.00044	0.93061	0.39606	0.0066	0.00062	0.04996	0.01672	0.00123	0.20021	0.53098	0.00079	1.07027	0.64741
0.4339	0.52073	0.00068	0.94997	0.39232	0.01237	0.00108	0.04954	0.02263	0.00115	0.19883	0.49596	0.00119	1.09504	0.68767
0.44924	0.49735	0.00042	0.93797	0.38671	0.0114	0.00169	0.04627	0.02489	0.00076	0.1975	0.508	0.00083	1.2364	0.70989
0.43763	0.49697	0.0004	0.91869	0.39931	0.00671	0.00107	0.04767	0.02185	0.00096	0.20866	0.51393	0.00088	1.18343	0.70437
0.38934	0.45273	0.00075	0.92257	0.39856	0.0068	0.00079	0.04343	0.01871	0.00082	0.20512	0.52144	0.0008	1.17949	0.67027
0.40367	0.43201	0.00059	0.96563	0.38453	0.00545	0.00087	0.04383	0.01887	0.00132	0.20097	0.53606	0.00126	1.01053	0.69313
0.40747	0.47571	0.00051	0.93205	0.39674	0.00616	0.00128	0.04914	0.02279	0.00101	0.19792	0.52761	0.00086	1.03883	0.68701
0.4475	0.50122	0.00086	0.91491	0.37076	0.00441	0.00084	0.052	0.02182	0.00167	0.2019	0.50243	0.00078	1.02522	0.7025
0.41462	0.47043	0.00056	0.92876	0.37677	0.00916	0.0008	0.05373	0.01816	0.00109	0.21751	0.50299	0.0011	1.04929	0.70855
0.44556	0.53301	0.00042	0.91031	0.39409	0.00686	0.00104	0.05493	0.02262	0.00081	0.20234	0.5277	0.00131	1.04384	0.66623
0.40924	0.45209	0.0004	0.88612	0.37533	0.01191	0.00173	0.04628	0.0196	0.00089	0.18916	0.48082	0.0016	0.99565	0.64772
0.39894	0.47963	0.00053	0.90698	0.41448	0.00377	0.00116	0.06228	0.02694	0.00106	0.20531	0.53392	0.00062	0.99097	0.68365
0.39808	0.46829	0.00071	0.92593	0.39826	0.01147	0.00103	0.06351	0.02269	0.00078	0.20542	0.59518	0.00127	1.37469	0.705
0.45903	0.56569	0.00084	0.94442	0.41907	0.00743	0.00101	0.06492	0.01605	0.00106	0.20498	0.54157	0.00082	1.05166	0.69084
0.3973	0.45687	0.00054	0.92424	0.38258	0.00514	0.00101	0.06009	0.02647	0.00076	0.20052	0.50725	0.00073	1.08733	0.68929
0.44095	0.50701	0.00086	0.96232	0.38134	0.00776	0.00075	0.06103	0.01746	0.00107	0.21475	0.56883	0.00083	1.26592	0.68143
0.4166	0.45846	0.00094	0.9072	0.39984	0.00571	0.00104	0.05543	0.0158	0.00068	0.21922	0.54668	0.00141	1.0466	0.65029
0.40897	0.48589	0.00032	0.92191	0.35373	0.00662	0.00094	0.07072	0.01922	0.00088	0.22078	0.50133	0.00084	1.04249	0.71397
0.40983	0.43526	0.00072	0.94633	0.36034	0.005	0.00065	0.072	0.02565	0.0008	0.21408	0.53033	0.00076	1.05027	0.73412
0.42305	0.45886	0.0005	0.94641	0.36303	0.00811	0.00085	0.05324	0.02176	0.00053	0.20646	0.47073	0.00159	1.08219	0.7171
0.44987	0.45375	0.00067	0.97996	0.37877	0.00901	0.0006	0.06539	0.02655	0.00113	0.21161	0.51595	0.00101	1.25517	0.71978
0.43193	0.44412	0.00079	0.9219	0.35593	0.00792	0.0008	0.06071	0.02184	0.00111	0.21448	0.45454	0.00065	1.04134	0.72696
0.42994	0.44362	0.00077	0.94746	0.4098	0.00647	0.00102	0.05899	0.02962	0.00119	0.24255	0.49095	0.00061	1.02536	0.74042
0.49329	0.53935	0.00057	0.952	0.43558	0.00961	0.0008	0.08069	0.03149	0.00119	0.21422	0.40714	0.00083	1.08711	0.71299
0.43259	0.4445	0.00044	0.92987	0.35916	0.00653	0.00063	0.05635	0.02371	0.00149	0.22555	0.49298	0.00143	0.97042	0.71791
0.43353	0.44677	0.00066	0.94603	0.41956	0.00948	0.00071	0.05154	0.02674	0.00094	0.20927	0.51687	0.00092	1.26181	0.68891
0.45934	0.49186	0.00094	0.93745	0.39945	0.00719	0.00119	0.053	0.02412	0.00077	0.21146	0.49335	0.00128	1.22952	0.70167
0.46503	0.50023	0.00085	0.96437	0.39244	0.00534	0.00112	0.06442	0.01686	0.00107	0.20307	0.50692	0.00164	1.05057	0.69439
0.45588	0.53453	0.00057	0.93736	0.38508	0.0069	0.00097	0.05968	0.0235	0.00081	0.22162	0.52439	0.00174	1.01276	0.71075
0.42111	0.47561	0.00055	0.95542	0.38016	0.00789	0.00105	0.05537	0.02193	0.00065	0.21577	0.53247	0.00101	1.31164	0.7034
0.44947	0.48365	0.0005	0.9605	0.40186	0.00641	0.00073	0.05132	0.02693	0.00089	0.22452	0.53246	0.00096	1.02694	0.7207
0.45086	0.43519	0.00047	0.9734	0.38001	0.01078	0.00084	0.05146	0.02834	0.00092	0.2183	0.50001	0.0014	0.9615	0.69304
0.41532	0.47071	0.00047	0.93941	0.39383	0.00602	0.00101	0.08056	0.03206	0.00118	0.20533	0.53414	0.00128	0.94544	0.71749
0.45347	0.48167	0.00062	0.97124	0.42437	0.00518	0.00115	0.05416	0.02503	0.00064	0.22431	0.51287	0.00105	1.013	0.73354
0.46214	0.51598	0.00058	0.94738	0.46145	0.00451	0.00117	0.06584	0.02528	0.00066	0.21052	0.54599	0.00074	1.05099	0.71339
0.46539	0.41494	0.00068	0.96733	0.40251	0.00925	0.00117	0.04967	0.02128	0.00141	0.21227	0.50672	0.00065	1.14021	0.70569
0.51706	0.5668	0.00091	0.95377	0.46508	0.00374	0.00143	0.05413	0.02313	0.00068	0.21883	0.48366	0.00058	1.02551	0.7318
0.44183	0.50944	0.00065	0.92642	0.41731	0.00326	0.00091	0.05721	0.01817	0.00129	0.21405	0.55636	0.0008	1.11057	0.71573
0.45133	0.51017	0.00067	0.95131	0.38937	0.0038	0.00093	0.0517	0.01506	0.00063	0.21617	0.50856	0.00121	0.9732	0.71047
0.4293	0.43893	0.00031	0.95231	0.40162	0.00516	0.00084	0.04663	0.01475	0.00108	0.19733	0.53555	0.00055	0.98287	0.70048
0.46121	0.51231	0.00076	0.96214	0.38784	0.00507	0.00098	0.05078	0.01483	0.00109	0.2101	0.49237	0.00064	0.97279	0.69263
0.44273	0.52316	0.00053	0.95161	0.45343	0.00585	0.00071	0.04908	0.01906	0.00168	0.19127	0.51809	0.00078	0.97297	0.68505
0.47925	0.55315	0.00057	0.9845	0.40573	0.00908	0.00136	0.05926	0.01661	0.00132	0.20971	0.52804	0.00094	0.97739	0.70636
0.44582	0.50798	0.00047	0.96398	0.41061	0.00627	0.00057	0.04988	0.02185	0.00058	0.20976	0.55323	0.00057	0.97229	0.70097
0.41499	0.45365	0.00046	0.9688	0.38495	0.00576	0.00083	0.0493	0.01575	0.00222	0.20176	0.62309	0.00028	1.04046	0.72082
0.44727	0.49144	0.00052	0.95526	0.44989	0.00842	0.00058	0.06237	0.01649	0.00067	0.19325	0.61288	0.00044	0.98028	0.71403
0.46119	0.53619	0.00074	0.94394	0.43227	0.00916	0.00047	0.06543	0.01538	0.00098	0.20666	0.6388	0.00121	1.05382	0.67755
0.43355	0.49965	0.00034	0.93801	0.43164	0.0048	0.00101	0.07263	0.02296	0.00065	0.19566	0.60422	0.00074	1.07766	0.62362
0.44221	0.46957	0.00077	0.9258	0.4049	0.01478	0.00114	0.05252	0.01623	0.00069	0.21902	0.54166	0.0011	0.98474	0.67986
0.41152	0.46862	0.00044	0.93396	0.40881	0.01036	0.00143	0.06431	0.01877	0.00065	0.21817	0.53923	0.00107	0.98664	0.65754
0.42337	0.51481	0.00034	0.94124	0.38322	0.01049	0.00255	0.06536	0.01748	0.00077	0.20466	0.56968	0.00068	1.25412	0.60949
0.43328	0.46806	0.00045	0.91698	0.38649	0.00633	0.00112	0.05833	0.02108	0.00056	0.20667	0.59675	0.00094	1.03216	0.66236
0.43511	0.48358	0.00053	0.92667	0.40668	0.00519	0.00122	0.05484	0.0162	0.00125	0.22183	0.57874	0.00082	1.06979	0.66918
0.41994	0.52285	0.00146	0.9165	0.44151	0.00449	0.0013	0.05819	0.0293	0.0009	0.23642	0.56023	0.00124	1.2244	0.6233
0.3993	0.47905	0.00085	0.89803	0.41484	0.00328	0.00176	0.04869	0.02055	0.00089	0.19881	0.57247	0.0006	1.00964	0.67518
0.39557	0.44899	0.00049	0.89691	0.43941	0.00656	0.00185	0.06841	0.02835	0.00133	0.22539	0.53245	0.00086	1.2673	0.64154
0.43149	0.44736	0.00044	0.94798	0.39587	0.005	0.00116	0.06081	0.02273	0.00178	0.20921	0.55679	0.00046	1.04299	0.69987
0.38403	0.45361	0.00032	0.91772	0.40498	0.00426	0.00086	0.0724	0.02697	0.00186	0.21604	0.5842	0.00103	0.98088	0.65959
0.40543	0.46371	0.00039	0.95451	0.41977	0.00127	0.00067	0.06069	0.02963	0.00062	0.2349	0.58593	0.00093	1.02638	0.7063
0.41743	0.48263	0.00053	0.91461	0.4353	0.00139	0.00071	0.06017	0.02254	0.00061	0.22079	0.57076	0.00081	1.06797	0.70094
0.44661	0.4946	0.00048	0.94632	0.47428	0.00289	0.00104	0.05947	0.01367	0.00064	0.21753	0.5414	0.00073	1.17155	0.69846
0.44779	0.51431	0.0007	0.9492	0.42253	0.0045	0.00089	0.04548	0.01782	0.00102	0.22744	0.46534	0.00076	1.02179	0.71024
0.42571	0.44667	0.00059	0.93941	0.45723	0.00442	0.00103	0.04772	0.01699	0.00064	0.21155	0.50219	0.00052	1.2043	0.67979
0.42308	0.47671	0.00093	0.94857	0.47247	0.00575	0.00065	0.05408	0.01956	0.00132	0.22339	0.5083	0.00078	1.04464	0.67808
0.43229	0.4648	0.00067	0.9142	0.42606	0.00607	0.0007	0.05412	0.02665	0.00084	0.21818	0.57279	0.00098	1.04037	0.6621
0.43428	0.47955	0.00058	0.92549	0.39187	0.00558	0.0005	0.06689	0.02576	0.00138	0.21896	0.56986	0.00126	1.01965	0.69686
0.41855	0.4549	0.00049	0.91927	0.39478	0.00834	0.00039	0.06917	0.02378	0.00126	0.21669	0.54996	0.00062	1.04516	0.68335
0.40827	0.4583	0.00039	0.92318	0.39905	0.00847	0.00116	0.05518	0.01932	0.00134	0.21308	0.54858	0.00053	1.05233	0.67754
0.40757	0.47874	0.00037	0.91589	0.42674	0.00913	0.00106	0.05511	0.02536	0.00073	0.21381	0.56636	0.00183	1.14539	0.70285
0.41371	0.46286	0.00035	0.87301	0.38697	0.00859	0.00077	0.05047	0.02461	0.00109	0.21735	0.48895	0.0007	1.04554	0.69239
0.42203	0.44577	0.00049	0.91999	0.37888	0.005	0.00067	0.04467	0.02588	0.00078	0.20244	0.54157	0.00059	1.06349	0.67604
0.42709	0.47015	0.00057	0.92583	0.4183	0.00712	0.00088	0.04409	0.01807	0.0006	0.20823	0.56451	0.00135	1.21761	0.63869
0.39878	0.45323	0.00082	0.89564	0.36754	0.00414	0.00082	0.05441	0.01702	0.00091	0.20615	0.54036	0.00142	1.43475	0.67545
0.44599	0.55538	0.00063	0.94076	0.39693	0.0078	0.0007	0.06233	0.01889	0.00075	0.21526	0.52579	0.00066	1.15801	0.69932
0.42573	0.45921	0.00029	0.9658	0.39439	0.00736	0.00054	0.05934	0.01885	0.00102	0.20317	0.46136	0.00109	1.00804	0.71215
0.40851	0.50142	0.00054	0.9368	0.41052	0.00812	0.00054	0.06165	0.02399	0.00063	0.2189	0.52894	0.00061	1.08366	0.68664
0.42256	0.501	0.00065	0.90756	0.42396	0.00746	0.00046	0.04985	0.02644	0.00048	0.24628	0.54862	0.00083	1.51593	0.72175
0.43746	0.50551	0.00043	0.92292	0.4257	0.0087	0.00085	0.05638	0.01916	0.0007	0.22884	0.55918	0.00071	1.01955	0.7254
0.40664	0.47687	0.0004	0.92481	0.43825	0.00956	0.00218	0.05014	0.0292	0.001	0.23753	0.53095	0.00113	1.02011	0.66457
0.41523	0.48014	0.00051	0.93858	0.41607	0.01458	0.00094	0.05876	0.02083	0.00089	0.22189	0.53384	0.00065	1.02326	0.65625
0.4372	0.53487	0.00031	0.92236	0.44699	0.00905	0.00095	0.04516	0.02537	0.0013	0.21088	0.52918	0.00123	1.0072	0.70695
0.45459	0.55882	0.00046	0.94826	0.44061	0.01127	0.00069	0.04411	0.01824	0.00123	0.22984	0.51109	0.00101	1.06026	0.71135
0.38246	0.4673	0.00077	0.91825	0.43329	0.00609	0.00067	0.03812	0.02009	0.00095	0.21585	0.49233	0.00034	1.04603	0.71379
0.40842	0.46776	0.00049	0.93417	0.40495	0.0057	0.00066	0.0431	0.02116	0.00082	0.20109	0.5642	0.00065	1.06076	0.71577
0.47137	0.54938	0.00065	0.94371	0.47049	0.00765	0.00057	0.06137	0.02013	0.00141	0.21991	0.46312	0.00057	0.99799	0.68768
0.41225	0.48615	0.00085	0.94049	0.37704	0.00737	0.00076	0.04984	0.01948	0.00148	0.22332	0.45402	0.00053	1.24043	0.71475
0.40086	0.49454	0.00045	0.92554	0.41906	0.00686	0.00073	0.05261	0.01913	0.00141	0.232	0.47139	0.00092	0.9949	0.72279
0.40298	0.45068	0.00047	0.92687	0.40137	0.00678	0.00108	0.041	0.02136	0.0009	0.22886	0.50459	0.00057	1.00419	0.72018
0.40961	0.46641	0.00031	0.96574	0.47475	0.005	0.00269	0.05648	0.02318	0.00066	0.2154	0.52959	0.00094	1.01225	0.72575
0.3948	0.46662	0.00059	0.96408	0.3942	0.00938	0.00151	0.05648	0.02675	0.00089	0.22244	0.52462	0.0009	1.01907	0.71329
0.39861	0.4064	0.00069	0.96588	0.39172	0.00905	0.00083	0.04779	0.01986	0.00049	0.23048	0.50931	0.00053	1.02452	0.72712
0.39854	0.44686	0.00061	0.93008	0.39631	0.00599	0.00149	0.05459	0.0192	0.00052	0.21612	0.50065	0.00072	0.96712	0.7064
0.38838	0.4949	0.00072	0.92147	0.41473	0.00623	0.00096	0.05918	0.02026	0.00076	0.23024	0.47036	0.00065	0.97811	0.70516
0.34534	0.42126	0.00072	0.93245	0.39682	0.00706	0.00072	0.05828	0.01957	0.00073	0.24014	0.54534	0.00069	1.03917	0.72015
0.42882	0.5101	0.00043	0.92431	0.41995	0.00697	0.0006	0.04384	0.02101	0.00132	0.22335	0.51141	0.00099	1.01509	0.64102
0.40843	0.50677	0.00071	0.94284	0.40164	0.0064	0.00087	0.04169	0.01526	0.0008	0.2207	0.4843	0.00066	1.03183	0.70934
0.38925	0.44027	0.00047	0.95329	0.38794	0.00912	0.00057	0.03916	0.01203	0.0011	0.199	0.54655	0.00064	0.97958	0.71234
0.38464	0.46917	0.00061	0.96227	0.38177	0.01126	0.00059	0.04565	0.01392	0.00064	0.19844	0.50829	0.00117	1.04034	0.72906
0.40349	0.47829	0.00044	0.90301	0.39642	0.00568	0.00134	0.05741	0.01724	0.00057	0.19862	0.50517	0.00079	1.02362	0.73837
0.42965	0.51213	0.00073	0.9489	0.42293	0.00754	0.00073	0.04405	0.02123	0.0011	0.21588	0.50047	0.00047	1.28258	0.71739
0.40161	0.45696	0.00067	0.92438	0.39096	0.00815	0.00084	0.04896	0.01945	0.0005	0.22468	0.48958	0.00073	1.16783	0.72674
0.43114	0.49656	0.00036	0.92654	0.42256	0.00529	0.00053	0.0603	0.02684	0.00136	0.20938	0.49832	0.00109	0.97872	0.72749
0.3755	0.44108	0.00083	0.94934	0.39479	0.0038	0.00081	0.05678	0.02015	0.00086	0.21497	0.54797	0.00064	1.19905	0.69836
0.40231	0.45995	0.00051	0.89495	0.42789	0.00589	0.00052	0.04338	0.01928	0.00125	0.21284	0.53858	0.00088	1.23335	0.68867
0.42589	0.49357	0.00034	0.92593	0.38692	0.00894	0.00056	0.05322	0.02419	0.00059	0.19996	0.54939	0.00086	1.01602	0.72883
0.40016	0.46432	0.00031	0.94817	0.37481	0.00885	0.00103	0.04963	0.02526	0.0008	0.20342	0.55686	0.00046	1.01862	0.71692
0.38262	0.45328	0.00039	0.92799	0.37041	0.00397	0.00108	0.0369	0.01593	0.00106	0.22957	0.50554	0.00101	1.14891	0.7004
0.43012	0.5314	0.00039	0.90305	0.39827	0.00594	0.00085	0.0439	0.02165	0.00083	0.2157	0.5241	0.00067	0.99446	0.75054
0.38599	0.46928	0.00041	0.89979	0.36924	0.00819	0.00059	0.04799	0.02235	0.00069	0.19891	0.57047	0.00089	1.4608	0.73371
0.38859	0.45359	0.00036	0.93153	0.37441	0.00786	0.00086	0.05102	0.02992	0.00096	0.20143	0.5431	0.00038	1.24329	0.72118
0.36691	0.40244	0.00042	0.9153	0.3891	0.00911	0.00119	0.04768	0.02705	0.00073	0.22056	0.52645	0.00144	1.1789	0.71118
0.4243	0.47887	0.00031	0.92701	0.40547	0.01307	0.00184	0.06765	0.02197	0.00084	0.20275	0.50922	0.00049	0.97791	0.70521
0.4066	0.47797	0.00037	0.86742	0.38977	0.00813	0.00118	0.05939	0.01997	0.00105	0.21677	0.56906	0.00037	1.04167	0.72809
0.47877	0.50872	0.00041	0.90734	0.40167	0.0097	0.00066	0.0505	0.01832	0.00098	0.2075	0.56522	0.00083	1.12083	0.7326
0.42295	0.44593	0.00044	0.85778	0.37323	0.00978	0.00074	0.04162	0.01632	0.00052	0.2119	0.56661	0.00087	1.14758	0.68136
0.42656	0.48491	0.00046	0.90118	0.40244	0.0098	0.00176	0.04589	0.02072	0.00043	0.20251	0.6125	0.0005	1.23692	0.75208
0.47831	0.53467	0.00037	0.91917	0.46123	0.00284	0.0008	0.05389	0.02596	0.00064	0.22101	0.59956	0.00036	0.97275	0.75437
0.43702	0.48748	0.00034	0.91298	0.41627	0.00387	0.0011	0.05789	0.02909	0.00077	0.21198	0.60843	0.00063	1.04664	0.70118
0.40006	0.45092	0.00062	0.91285	0.39192	0.01423	0.0011	0.05391	0.02424	0.00062	0.21204	0.54893	0.00049	1.04695	0.68811
0.43491	0.45252	0.00036	0.88923	0.38873	0.00765	0.0012	0.04835	0.03056	0.00083	0.204	0.57138	0.00072	1.10384	0.69849
0.43176	0.48394	0.00038	0.91521	0.41784	0.00572	0.00081	0.04396	0.02514	0.00125	0.2073	0.50739	0.00065	1.01279	0.70057
0.42946	0.52483	0.00046	0.92525	0.41743	0.00737	0.00081	0.05336	0.0228	0.00057	0.21458	0.57096	0.00138	0.9802	0.65624
0.42337	0.50561	0.00041	0.89632	0.42019	0.00923	0.00145	0.04803	0.02574	0.00058	0.2163	0.54718	0.00028	1.01342	0.67518
0.40367	0.53175	0.00106	0.87362	0.4032	0.00983	0.0011	0.05803	0.02855	0.00042	0.21065	0.53385	0.00105	1.34757	0.70873
0.39197	0.46362	0.00051	0.88925	0.39758	0.00782	0.00174	0.05054	0.02172	0.00045	0.22522	0.53198	0.00056	1.0279	0.6928
0.42832	0.49662	0.00065	0.89247	0.40021	0.01094	0.00121	0.06261	0.02086	0.00043	0.21855	0.55809	0.00055	1.00532	0.64809
0.39263	0.46072	0.0005	0.89599	0.41889	0.01157	0.00094	0.05419	0.01736	0.00077	0.21733	0.56317	0.00086	1.05567	0.67966
0.38978	0.41742	0.00056	0.86454	0.38536	0.00569	0.0012	0.06321	0.03084	0.00044	0.21326	0.57263	0.00078	1.05432	0.66354
0.39631	0.44055	0.0006	0.92139	0.39659	0.00606	0.00116	0.04201	0.02078	0.00062	0.21491	0.59191	0.00042	1.50824	0.6676
0.40128	0.45868	0.00068	0.92561	0.41725	0.00804	0.00134	0.04852	0.03519	0.00032	0.19932	0.55826	0.00058	1.02404	0.67357
0.40062	0.48021	0.00052	0.88928	0.38333	0.00761	0.00084	0.05562	0.02373	0.00056	0.19107	0.58635	0.00042	1.18642	0.68173
0.38894	0.44042	0.00054	0.88178	0.40209	0.00904	0.00115	0.04532	0.02032	0.00108	0.18605	0.55631	0.00037	1.01427	0.69893
0.40868	0.44765	0.00046	0.92161	0.39901	0.01037	0.00119	0.04294	0.01578	0.00064	0.17291	0.57946	0.00032	0.97926	0.75306
0.40648	0.4549	0.00056	0.914	0.40188	0.00967	0.00115	0.05254	0.01971	0.00052	0.21878	0.60088	0.00045	1.04935	0.69534
0.4442	0.48094	0.00069	0.93195	0.39567	0.00666	0.00103	0.05068	0.01309	0.00077	0.20406	0.57898	0.00039	1.02953	0.68112
0.41174	0.47666	0.00088	0.93305	0.41461	0.01123	0.00087	0.06223	0.01816	0.00057	0.1981	0.59725	0.00065	1.04067	0.7077
0.448	0.50189	0.00071	0.94409	0.47284	0.00513	0.00144	0.05351	0.02009	0.00155	0.21155	0.57769	0.00088	1.18576	0.72281
0.39391	0.4553	0.00049	0.92528	0.39251	0.00453	0.00047	0.05013	0.02149	0.0006	0.21993	0.55212	0.00037	1.04223	0.73203
0.39511	0.4612	0.00029	0.94902	0.39282	0.01747	0.0023	0.05909	0.02069	0.00085	0.21118	0.52886	0.00089	1.04508	0.68424
0.39523	0.43586	0.00041	0.94782	0.42641	0.00979	0.0011	0.05728	0.01558	0.00054	0.22912	0.55865	0.0005	0.97663	0.7038
0.40309	0.45571	0.00045	0.98121	0.41727	0.008	0.00079	0.06617	0.02535	0.00159	0.23875	0.54763	0.00052	1.04172	0.70992
0.39375	0.45507	0.00038	0.96107	0.38148	0.00289	0.00053	0.07589	0.02633	0.00096	0.22359	0.63298	0.00058	0.98753	0.71722
0.4271	0.47503	0.00025	0.95146	0.39241	0.00583	0.00078	0.06449	0.02804	0.00072	0.1976	0.56455	0.00063	1.14999	0.69295
0.41936	0.48373	0.00041	0.96074	0.38072	0.00538	0.00116	0.07137	0.0285	0.00081	0.1947	0.55722	0.00098	0.97961	0.70655
0.42429	0.47902	0.00028	0.90713	0.39033	0.00413	0.00155	0.05126	0.02166	0.00054	0.21306	0.58915	0.00059	1.07295	0.68862
0.42856	0.46394	0.00043	0.9343	0.36781	0.00238	0.00077	0.04887	0.01724	0.00058	0.21933	0.55503	0.00059	1.00618	0.72917
0.38558	0.42853	0.00062	0.92594	0.35009	0.00288	0.00117	0.04641	0.01236	0.00094	0.21754	0.55631	0.00085	1.17819	0.67783
0.419	0.4689	0.00027	0.9527	0.37414	0.0041	0.00089	0.05193	0.01859	0.00054	0.20526	0.52014	0.0008	1.28879	0.70766
0.39533	0.46391	0.00033	0.91503	0.35178	0.00588	0.00129	0.05887	0.0167	0.00065	0.2153	0.49383	0.00047	1.0433	0.68695
0.36108	0.44182	0.00049	0.86898	0.41492	0.00419	0.00117	0.04487	0.00995	0.00053	0.20109	0.5627	0.00023	1.03252	0.67762
0.40788	0.50674	0.00049	0.91456	0.40632	0.005	0.00163	0.04095	0.01143	0.00047	0.21059	0.59926	0.00026	0.98401	0.66354
0.38961	0.4203	0.00031	0.90813	0.38019	0.00543	0.00171	0.04541	0.01868	0.00061	0.22067	0.55486	0.00028	1.15823	0.65968
0.38418	0.4886	0.00037	0.89768	0.42134	0.00302	0.00166	0.0598	0.02128	0.00048	0.21075	0.57339	0.0004	1.00881	0.69607
0.34763	0.47992	0.00031	0.92011	0.4095	0.00362	0.00138	0.05361	0.01935	0.00059	0.22262	0.63002	0.00052	1.051	0.69125
0.40018	0.48739	0.00026	0.91868	0.38455	0.0028	0.00132	0.04945	0.01884	0.00045	0.22422	0.5424	0.00048	1.05339	0.63707
0.41668	0.47787	0.00376	0.97047	0.40356	0.00798	0.00123	0.04695	0.01871	0.00076	0.19386	0.52175	0.00078	0.98345	0.6633
0.40797	0.45784	0.00044	0.95752	0.40166	0.00744	0.00255	0.0415	0.01969	0.00062	0.21047	0.58437	0.00044	0.99755	0.68962
0.37839	0.42929	0.00066	0.95247	0.38031	0.00832	0.00125	0.04737	0.01921	0.00062	0.21076	0.61489	0.00041	0.98464	0.62995
0.38127	0.46011	0.00054	0.88228	0.3693	0.00706	0.00187	0.05145	0.02194	0.0006	0.20852	0.58999	0.00029	0.97621	0.67786
0.37636	0.44935	0.00047	0.92034	0.38712	0.00576	0.00106	0.05225	0.01659	0.00106	0.21114	0.5127	0.00038	1.04992	0.65341
0.43507	0.4754	0.00049	0.89443	0.37504	0.00635	0.00122	0.04827	0.0221	0.0009	0.22548	0.5551	0.0005	0.98743	0.66584
0.41172	0.50823	0.00041	0.87411	0.37833	0.00796	0.00044	0.05981	0.01577	0.00094	0.22518	0.51448	0.00057	1.26867	0.62701
0.4293	0.51588	0.00043	0.88964	0.38836	0.00837	0.00077	0.04658	0.01531	0.00025	0.21027	0.5243	0.00086	1.03463	0.68377
0.41455	0.4659	0.00056	0.90752	0.37702	0.00527	0.0006	0.05229	0.01859	0.00062	0.21644	0.59674	0.00058	1.05998	0.68858
0.43488	0.50069	0.00079	0.932	0.41094	0.00154	0.00037	0.04078	0.02564	0.00115	0.22992	0.56907	0.00041	1.03853	0.69479
0.4155	0.49428	0.00067	0.93343	0.37957	0.00287	0.00078	0.05004	0.026	0.00034	0.22674	0.56591	0.0006	1.10529	0.69318
0.39055	0.44555	0.00072	0.93971	0.37085	0.00822	0.00069	0.0469	0.02367	0.00047	0.22781	0.58101	0.00052	1.04523	0.6768
0.39438	0.50253	0.00034	0.94278	0.40534	0.00319	0.00046	0.04397	0.02477	0.00092	0.20694	0.55898	0.00043	1.00384	0.71085
0.41005	0.51192	0.00054	0.91297	0.4162	0.00244	0.00065	0.05485	0.02751	0.00044	0.21529	0.58483	0.00026	0.97823	0.66227
0.4332	0.50612	0.00062	0.94133	0.40209	0.00194	0.00051	0.04894	0.02489	0.0008	0.20284	0.6045	0.00029	1.32144	0.67507
0.44507	0.51924	0.00065	0.91355	0.41251	0.00447	0.0005	0.05344	0.02416	0.00066	0.2089	0.58387	0.00096	0.99004	0.67684
0.45277	0.49503	0.00081	0.92406	0.3878	0.0078	0.00091	0.0491	0.02082	0.00035	0.22242	0.54674	0.00064	1.00473	0.70868
0.40166	0.45936	0.00083	0.92551	0.37207	0.0109	0.00248	0.04711	0.01987	0.00056	0.21471	0.51452	0.0003	0.97217	0.69937
0.38096	0.47354	0.00121	0.90857	0.3645	0.00358	0.00118	0.04667	0.01982	0.00045	0.20214	0.56439	0.00036	0.97128	0.67103
0.37597	0.42031	0.0008	0.89775	0.37073	0.00296	0.00093	0.0453	0.01817	0.00024	0.21885	0.54342	0.00099	1.1805	0.65189
0.41384	0.45767	0.00163	0.9284	0.39933	0.00126	0.00093	0.06385	0.02319	0.0004	0.21667	0.54041	0.00059	1.05735	0.69318
0.3986	0.43029	0.00115	0.9203	0.39455	0.00178	0.0008	0.05024	0.01853	0.00029	0.24594	0.57454	0.00025	1.45608	0.70591
0.41472	0.48221	0.00029	0.87597	0.37327	0.00574	0.00077	0.06443	0.01637	0.00026	0.24175	0.56235	0.0004	1.04288	0.67762
0.38124	0.46224	0.00189	0.91859	0.37547	0.00478	0.00045	0.05683	0.02656	0.00039	0.2135	0.55387	0.00071	1.01123	0.70609
0.38643	0.45813	0.00045	0.88645	0.4107	0.00603	0.00115	0.05128	0.02258	0.00072	0.21419	0.52609	0.00034	1.01705	0.67819
0.38985	0.50599	0.00049	0.86872	0.42333	0.00594	0.00052	0.04585	0.01741	0.00066	0.19022	0.49185	0.00093	1.00228	0.69477
0.3799	0.46887	0.00058	0.90183	0.37114	0.00578	0.00084	0.05129	0.02056	0.00063	0.20336	0.54809	0.00167	1.13147	0.66651
0.39584	0.49167	0.00058	0.88671	0.4331	0.00482	0.00079	0.06207	0.02163	0.00026	0.18961	0.54575	0.00095	1.06171	0.68225
0.37333	0.47996	0.00043	0.88792	0.35374	0.00537	0.00081	0.0456	0.01424	0.00054	0.20362	0.52397	0.00057	0.96862	0.68886
0.36377	0.50062	0.00045	0.83421	0.37705	0.00346	0.00053	0.0479	0.0207	0.00037	0.20863	0.49277	0.00079	1.03538	0.69116
0.34598	0.52249	0.00031	0.84348	0.39504	0.00497	0.00057	0.05069	0.02248	0.00037	0.20874	0.50248	0.00076	0.99678	0.67281
0.37105	0.45613	0.00051	0.89749	0.39609	0.00502	0.00065	0.04625	0.02468	0.00036	0.21158	0.52273	0.00087	1.0251	0.68118
0.35797	0.45431	0.00042	0.9017	0.4553	0.00467	0.00069	0.04392	0.02687	0.00039	0.22593	0.52941	0.00054	0.96981	0.69066
0.40814	0.54226	0.0008	0.91929	0.38759	0.00548	0.00068	0.04534	0.02756	0.00049	0.22259	0.52081	0.00032	1.23272	0.70145
0.43353	0.53406	0.00025	0.92186	0.39419	0.00153	0.00076	0.05768	0.03104	0.00074	0.23062	0.592	0.00058	1.31	0.71158
0.45753	0.50397	0.00021	0.94756	0.42093	0.00499	0.0006	0.04946	0.02192	0.00068	0.22359	0.60455	0.00078	1.09423	0.71093
0.40133	0.47135	0.00035	0.90359	0.39369	0.00482	0.00053	0.06433	0.02999	0.00035	0.2138	0.57858	0.0005	1.06055	0.68336
0.41289	0.47529	0.00055	0.9081	0.39206	0.00419	0.00046	0.06895	0.02892	0.00038	0.21475	0.59331	0.00035	1.01126	0.64697
0.45651	0.52959	0.00116	0.90916	0.41688	0.00479	0.00047	0.06742	0.02694	0.00089	0.23069	0.58476	0.00051	1.00915	0.7112
0.42836	0.53283	0.00055	0.92075	0.41221	0.00371	0.00057	0.05481	0.02499	0.00062	0.22908	0.57328	0.00082	1.25357	0.69645
0.39773	0.48071	0.00062	0.88192	0.40344	0.00143	0.00051	0.05554	0.02641	0.00039	0.20861	0.59096	0.00089	1.01056	0.70109
0.43173	0.50453	0.00064	0.94455	0.40657	0.00222	0.00048	0.06522	0.02913	0.00034	0.20823	0.58054	0.00043	1.02588	0.71603
0.38416	0.4878	0.00046	0.90827	0.43809	0.00185	0.00048	0.04794	0.02708	0.00074	0.19246	0.57995	0.00051	0.99893	0.71323
0.42647	0.51064	0.00035	0.94372	0.41896	0.00389	0.00053	0.06111	0.02975	0.00037	0.20325	0.61055	0.00058	1.35967	0.74474
0.43215	0.52914	0.00032	0.90103	0.39845	0.00396	0.00039	0.07179	0.03503	0.00066	0.20244	0.61567	0.00034	1.04696	0.74719
0.42382	0.48987	0.00063	0.92514	0.41563	0.001	0.00058	0.05175	0.02844	0.00074	0.20638	0.62884	0.00037	1.17049	0.68603
0.36746	0.48728	0.00051	0.88055	0.38325	0.00639	0.00049	0.0712	0.02648	0.00056	0.2042	0.54561	0.00057	1.02563	0.68698
0.38416	0.49729	0.00053	0.8779	0.37321	0.00572	0.00055	0.06729	0.02632	0.00064	0.21313	0.57708	0.00033	1.0641	0.68544
0.34408	0.43252	0.00083	0.88831	0.3809	0.0053	0.00043	0.05416	0.02285	0.00112	0.21179	0.56219	0.00042	1.19295	0.68117
0.39688	0.45948	0.00032	0.89397	0.39235	0.01067	0.00047	0.06467	0.02211	0.00092	0.20272	0.56236	0.00045	1.25429	0.67309
0.36574	0.42549	0.00055	0.91245	0.39533	0.00876	0.00046	0.04396	0.0181	0.00092	0.2166	0.5946	0.00055	1.01928	0.71239
0.31788	0.46715	0.00022	0.80825	0.39662	0.00694	0.00056	0.0585	0.02417	0.00117	0.21988	0.55971	0.00018	1.06616	0.68667
0.36386	0.46357	0.00031	0.84375	0.37906	0.00383	0.00045	0.06291	0.0268	0.00089	0.21985	0.55273	0.00033	1.38482	0.6857
0.38597	0.44824	0.00065	0.90346	0.37602	0.00241	0.00056	0.054	0.02508	0.0009	0.21793	0.53206	0.00109	0.98562	0.67574
0.35807	0.4309	0.00045	0.88682	0.3721	0.00298	0.00043	0.04177	0.02183	0.00054	0.20539	0.51408	0.00032	0.96026	0.68423
0.40172	0.47848	0.00032	0.88645	0.38383	0.00521	0.00071	0.05981	0.02357	0.00052	0.20506	0.55681	0.00036	0.97085	0.69446
0.37673	0.46915	0.00032	0.85677	0.39531	0.00307	0.00058	0.05869	0.02874	0.00053	0.21684	0.53027	0.00043	0.9711	0.69578
0.36753	0.46791	0.00029	0.84917	0.39609	0.00529	0.00074	0.04233	0.02101	0.00034	0.19877	0.54059	0.0003	1.25871	0.72226
0.28724	0.46112	0.00028	0.79817	0.37622	0.00404	0.00048	0.05169	0.0244	0.00031	0.20816	0.5282	0.00099	0.96852	0.7453
0.37566	0.52268	0.00097	0.84201	0.38357	0.00642	0.00074	0.05171	0.02488	0.00032	0.19622	0.53037	0.00051	1.0829	0.69655
0.38567	0.51233	0.00031	0.87082	0.38622	0.00318	0.0005	0.04378	0.0187	0.00061	0.20579	0.58798	0.00054	1.07625	0.72968
0.41555	0.52634	0.00018	0.89146	0.38008	0.00535	0.00058	0.04119	0.02058	0.00078	0.19293	0.56639	0.0006	0.97188	0.67676
0.43982	0.52144	0.00105	0.90264	0.42827	0.00572	0.0005	0.05042	0.01819	0.00091	0.19009	0.56557	0.00089	1.02436	0.68613
0.45039	0.47231	0.00048	0.92164	0.40643	0.0071	0.00091	0.04982	0.02514	0.00159	0.19769	0.56919	0.0004	0.98158	0.69155
0.46543	0.50177	0.00056	0.91672	0.39028	0.00769	0.00055	0.0474	0.02318	0.00065	0.19061	0.59007	0.00033	0.96672	0.67825
0.39462	0.46597	0.00026	0.86283	0.40641	0.0191	0.00079	0.05084	0.01868	0.00081	0.20671	0.54796	0.00093	0.97216	0.675
0.41401	0.51185	0.00045	0.87347	0.39796	0.01249	0.00086	0.0707	0.031	0.00102	0.18637	0.58918	0.00077	1.10671	0.70733
0.46781	0.54385	0.00052	0.93626	0.39084	0.0088	0.00047	0.06151	0.02457	0.00036	0.20178	0.49717	0.00044	0.97227	0.6842
0.4641	0.52001	0.00034	0.94074	0.38092	0.00817	0.00054	0.05007	0.02388	0.0005	0.18738	0.4967	0.00027	0.98935	0.67791
0.46244	0.5108	0.0003	0.94952	0.38905	0.003	0.00043	0.0544	0.0246	0.00073	0.20508	0.55288	0.00025	1.02885	0.68985
0.42084	0.52294	0.00047	0.90006	0.39595	0.00436	0.00068	0.04377	0.02574	0.00082	0.20305	0.52431	0.00046	1.04085	0.68165
0.43772	0.47503	0.00046	0.90271	0.38355	0.00952	0.00069	0.0505	0.02454	0.001	0.19784	0.5452	0.00058	0.99869	0.6769
0.4264	0.52407	0.00031	0.9342	0.41743	0.00964	0.00107	0.04619	0.02812	0.00037	0.19592	0.55598	0.00028	1.08868	0.68571
0.41486	0.43996	0.00019	0.88973	0.39816	0.01156	0.00107	0.04515	0.01852	0.00055	0.19169	0.53911	0.00027	1.03096	0.67212
0.42282	0.47139	0.00035	0.88355	0.38268	0.01413	0.00074	0.0498	0.0196	0.00039	0.20079	0.51677	0.00038	0.98315	0.72161
0.43262	0.48783	0.00073	0.93092	0.41997	0.00989	0.00078	0.04856	0.02871	0.00089	0.20441	0.47278	0.0003	0.97706	0.71415
0.39302	0.51615	0.00046	0.87252	0.39077	0.01157	0.00137	0.07013	0.02961	0.00098	0.21749	0.53	0.00074	1.01841	0.69377
0.38452	0.51289	0.00027	0.86304	0.39022	0.00421	0.00054	0.05878	0.03331	0.00061	0.20446	0.52156	0.00034	1.19695	0.69918
0.38309	0.48221	0.00048	0.87086	0.37483	0.00902	0.00059	0.065	0.02964	0.00111	0.20563	0.52585	0.00041	0.96944	0.68003
0.46309	0.58829	0.00049	0.89307	0.40384	0.00565	0.0007	0.07593	0.03649	0.00162	0.21975	0.54321	0.00023	1.01702	0.6701
0.43222	0.49574	0.00049	0.92138	0.39454	0.01562	0.00059	0.05551	0.02903	0.00091	0.2241	0.49422	0.0007	1.01536	0.68857
0.46542	0.57724	0.00037	0.90892	0.4514	0.0102	0.0005	0.05549	0.02479	0.00058	0.20932	0.50257	0.00021	1.01052	0.69716
0.3852	0.52653	0.00066	0.87389	0.38062	0.00903	0.00052	0.05386	0.01971	0.0006	0.19078	0.55612	0.00029	0.97059	0.69673
