1	21.907795833333335	21.29711875
2	21.163272222222222	21.143803125
3	21.016331944444445	21.003034375
4	20.879419444444444	20.88936875
5	20.704408333333333	20.715490625
6	20.4904125	20.491040625
7	20.28048611111111	20.331959375
8	20.11586388888889	20.2051421875
9	19.938604166666668	19.9692890625
10	19.78033888888889	19.8449125
11	19.600773611111112	19.68399375
12	19.40280277777778	19.458615625
13	19.215393055555555	19.274653125
14	19.032029166666668	19.097790625
15	18.849409722222223	19.005465625
16	18.70528472222222	18.816159375
17	18.553195833333334	18.7154265625
18	18.412534722222222	18.56595625
19	18.248277777777776	18.3682625
20	18.118816666666667	18.2859453125
21	18.006566666666668	18.17031875
22	17.860830555555555	18.025840625
23	17.75035	17.9605140625
24	17.66165	17.816534375
25	17.52059722222222	17.731990625
26	17.422425	17.6178578125
27	17.300755555555554	17.5474625
28	17.159575	17.357165625
29	17.068268055555556	17.3136734375
30	16.941108333333332	17.2322875
31	16.839243055555556	17.0451046875
32	16.77541111111111	16.9623578125
33	16.650831944444445	16.8769421875
34	16.52362777777778	16.7678125
35	16.454115277777777	16.728703125
36	16.337397222222222	16.6079984375
37	16.258068055555555	16.5089015625
38	16.17145	16.44866875
39	16.067697222222222	16.4149328125
40	15.983909722222222	16.228778125
41	15.938802777777777	16.1663609375
42	15.833570833333333	16.0944203125
43	15.771606944444445	16.0633671875
44	15.712831944444444	15.9520140625
45	15.646394444444445	15.941278125
46	15.600147222222223	15.88465
47	15.537552777777778	15.7809328125
48	15.463959722222222	15.715053125
49	15.406701388888889	15.7000515625
50	15.358716666666666	15.728340625
51	15.316905555555556	15.5609234375
52	15.266488888888889	15.55346875
53	15.199356944444444	15.47464375
54	15.177206944444444	15.4682609375
55	15.12839861111111	15.4459
56	15.080293055555556	15.4012578125
57	15.014598611111111	15.36430625
58	14.963055555555556	15.3158703125
59	14.961984722222223	15.2647390625
60	14.903540277777777	15.2408765625
61	14.873943055555555	15.213825
62	14.822943055555555	15.18618125
63	14.778156944444444	15.0712546875
64	14.756181944444444	15.081640625
65	14.708759722222222	14.9735125
66	14.657352777777778	14.92293125
67	14.619423611111111	14.9649421875
68	14.580208333333333	14.8028890625
69	14.554591666666667	14.870553125
70	14.49515	14.8111125
71	14.457886111111112	14.77340625
72	14.427968055555555	14.7011078125
73	14.396068055555556	14.776509375
74	14.349586111111112	14.73819375
75	14.334309722222223	14.6329546875
76	14.2884875	14.5994296875
77	14.245140277777777	14.6064125
78	14.207365277777777	14.5605578125
79	14.1786	14.4683921875
80	14.146059722222223	14.4837
81	14.140620833333333	14.445996875
82	14.094791666666667	14.4284515625
83	14.04111111111111	14.4496859375
84	14.044659722222223	14.3413125
85	13.991370833333333	14.316653125
86	13.960111111111111	14.300446875
87	13.957933333333333	14.27721875
88	13.907580555555555	14.2199546875
89	13.86758611111111	14.2475484375
90	13.811402777777777	14.1807
91	13.786229166666667	14.140746875
92	13.80130138888889	14.127534375
93	13.771331944444444	14.0941859375
94	13.72792638888889	14.039371875
95	13.679318055555555	13.966221875
96	13.650372222222222	13.9997453125
97	13.628590277777779	13.9787609375
98	13.60955	13.9428671875
99	13.581179166666667	13.9013953125
100	13.528459722222221	13.8585875
101	13.506208333333333	13.8887890625
102	13.490279166666667	13.8795125
103	13.465918055555555	13.806878125
104	13.4519875	13.78321875
105	13.414170833333333	13.74169375
106	13.38588888888889	13.698025
107	13.36945	13.7029640625
108	13.334315277777778	13.6628515625
109	13.313148611111112	13.7210984375
110	13.285097222222221	13.6254796875
111	13.26906111111111	13.5471921875
112	13.256048611111112	13.6296109375
113	13.220125	13.6553203125
114	13.195215277777777	13.5910453125
115	13.17323888888889	13.4675421875
116	13.156522222222222	13.5232890625
117	13.137820833333333	13.4892765625
118	13.088919444444445	13.4540375
119	13.057690277777779	13.4101359375
120	13.068769444444445	13.389209375
121	13.046761111111111	13.4532296875
122	13.03107638888889	13.3920234375
123	13.01885	13.3917640625
124	12.9480375	13.39456875
125	12.937508333333334	13.2951890625
126	12.916611111111111	13.3038109375
127	12.928815277777778	13.322234375
128	12.887834722222221	13.22555625
129	12.863056944444445	13.2320328125
130	12.857959722222223	13.19316875
131	12.819090277777779	13.1282640625
132	12.81612638888889	13.1687890625
133	12.799834722222222	13.1119453125
134	12.78099861111111	13.17130625
135	12.78892361111111	13.1333015625
136	12.7353	13.0995296875
137	12.699830555555556	13.0623828125
138	12.706225	13.0868546875
139	12.661866666666667	13.0065109375
140	12.650140277777778	13.03305
141	12.646256944444444	12.99656328125
142	12.6215375	12.95960625
143	12.6115125	12.9645953125
144	12.59911111111111	13.0159484375
145	12.595668055555555	12.94231875
146	12.585790277777777	12.98961953125
147	12.562454166666667	12.9450046875
148	12.528113888888889	12.88664140625
149	12.492784722222222	12.886575
150	12.463613888888888	12.8125125
151	12.491888888888889	12.868709375
152	12.463631944444444	12.81842578125
153	12.484731944444444	12.8229234375
154	12.427341666666667	12.8829609375
155	12.421755555555556	12.75856171875
156	12.403758333333334	12.7994234375
157	12.382054166666666	12.7966484375
158	12.364738888888889	12.7090625
159	12.36497638888889	12.72629921875
160	12.349279166666667	12.75089453125
161	12.323888888888888	12.65042578125
162	12.32291388888889	12.6924203125
163	12.305183333333334	12.72586640625
164	12.241390277777779	12.6799296875
165	12.260477777777778	12.66554375
166	12.250095833333333	12.70406171875
167	12.234494444444444	12.701475
168	12.212816666666667	12.6220359375
169	12.187252777777777	12.6028171875
170	12.209961111111111	12.64298671875
171	12.155516666666667	12.5694
172	12.170051388888888	12.567271875
173	12.161823611111112	12.5618203125
174	12.142808333333333	12.517784375
175	12.1626125	12.47719296875
176	12.12597361111111	12.53553046875
177	12.117852777777777	12.49100703125
178	12.129415277777778	12.4653078125
179	12.076177777777778	12.49176875
180	12.089019444444444	12.4927171875
181	12.074479166666666	12.45270546875
182	12.05360138888889	12.471859375
183	12.034833333333333	12.398840625
184	12.0162875	12.497296875
185	11.999045833333334	12.47456484375
186	11.981713888888889	12.3470015625
187	12.0052875	12.3884578125
188	11.967898611111112	12.3733875
189	11.941908333333334	12.3481828125
190	11.95588888888889	12.333965625
191	11.948963888888889	12.34306953125
192	11.920427777777778	12.37891875
193	11.923202777777778	12.2868515625
194	11.907197222222223	12.3517171875
195	11.874484722222222	12.3009796875
196	11.891183333333334	12.38754453125
197	11.89268611111111	12.33557578125
198	11.868822222222223	12.33145703125
199	11.869427777777778	12.2774671875
200	11.833694444444445	12.1654484375
201	11.846272222222222	12.2800671875
202	11.822238888888888	12.15654140625
203	11.82345	12.23042890625
204	11.789579166666666	12.212503125
205	11.770088888888889	12.243121875
206	11.814027777777778	12.257709375
207	11.765626388888888	12.2330953125
208	11.766679166666666	12.18886171875
209	11.755097222222222	12.266371875
210	11.74782361111111	12.2466421875
211	11.724247222222223	12.18764453125
212	11.701025	12.099503125
213	11.708455555555556	12.1504484375
214	11.703156944444444	12.1288796875
215	11.67072361111111	12.02575
216	11.67385	12.1709625
217	11.662630555555555	12.0499015625
218	11.634802083333334	12.0834015625
219	11.653201388888888	12.07616875
220	11.63038888888889	12.03789453125
221	11.626646527777778	12.0674125
222	11.620263194444444	12.048853125
223	11.608118055555556	12.0121171875
224	11.591746527777778	12.03960703125
225	11.561438888888889	12.032071875
226	11.599472916666667	12.02522421875
227	11.589811805555556	12.06763125
228	11.58019513888889	12.01474296875
229	11.56275625	11.9827
230	11.567829166666666	11.988821875
231	11.533947222222222	11.9397125
232	11.518847222222222	11.9641015625
233	11.52774236111111	11.9961953125
234	11.48169375	11.9275625
235	11.533120138888888	11.951515625
236	11.49190763888889	11.91020625
237	11.489472916666667	11.91880703125
238	11.488196527777777	11.9735703125
239	11.459736805555556	11.8629796875
240	11.443171527777778	11.9262890625
241	11.42812013888889	11.8619921875
242	11.436724305555556	11.96056953125
243	11.419454166666666	11.884421875
244	11.405691666666666	11.9073359375
245	11.422374305555556	11.82817734375
246	11.3989875	11.86090625
247	11.39187361111111	11.825515625
248	11.37155763888889	11.8761390625
249	11.346363888888888	11.8347921875
250	11.371148611111112	11.7846859375
251	11.350177083333334	11.80836484375
252	11.343736805555556	11.83365390625
253	11.335709722222223	11.78218828125
254	11.315378472222223	11.79071875
255	11.326072222222223	11.74306875
256	11.282465972222223	11.7269796875
257	11.314611805555556	11.746340625
258	11.286561805555555	11.77904375
259	11.274492361111111	11.86803125
260	11.290447916666666	11.66527265625
261	11.245855555555556	11.68508984375
262	11.272941666666666	11.72475078125
263	11.240309722222221	11.787715625
264	11.211483333333334	11.7112
265	11.253255555555555	11.6990734375
266	11.249564583333333	11.75566015625
267	11.22820138888889	11.74305
268	11.193554861111112	11.69685703125
269	11.182315277777779	11.69395
270	11.187744444444444	11.639475
271	11.199440972222222	11.64782265625
272	11.180478472222223	11.68634296875
273	11.143547916666666	11.681009375
274	11.173224305555555	11.660603125
275	11.164933333333334	11.6228875
276	11.13106736111111	11.66164453125
277	11.153735416666667	11.725309375
278	11.117995138888888	11.614259375
279	11.11677361111111	11.54722734375
280	11.126776388888889	11.60195
281	11.098983333333333	11.5374125
282	11.107246527777777	11.6041984375
283	11.103975694444445	11.60087109375
284	11.07522013888889	11.6475421875
285	11.085740277777777	11.6271265625
286	11.082899305555555	11.6476484375
287	11.092270833333334	11.53226796875
288	11.05421736111111	11.539134375
289	11.068860416666666	11.6514109375
290	11.069263194444444	11.5692140625
291	11.050188888888888	11.56316953125
292	11.041986805555556	11.5518453125
293	11.032265277777778	11.58718515625
294	11.006147222222221	11.54289765625
295	11.01683263888889	11.558
296	11.004022916666667	11.52095625
297	10.987509027777778	11.477246875
298	10.96606388888889	11.5122875
299	10.96581736111111	11.42064453125
300	10.967543055555556	11.526865625
301	10.974952777777778	11.587921875
302	10.951544444444444	11.43372265625
303	10.95508263888889	11.45704765625
304	10.928661805555556	11.5513921875
305	10.945494444444444	11.5416984375
306	10.941621527777778	11.4400671875
307	10.908040277777777	11.439315625
308	10.93822361111111	11.42389375
309	10.921979166666667	11.3720453125
310	10.89161388888889	11.4434484375
311	10.885509722222222	11.4870265625
312	10.872586111111112	11.47862109375
313	10.87496111111111	11.4594765625
314	10.873503472222222	11.4535875
315	10.859263194444445	11.45976171875
316	10.87905138888889	11.326225
317	10.861721527777778	11.44655625
318	10.86084375	11.3983828125
319	10.819641666666667	11.42200234375
320	10.827570833333333	11.3819796875
321	10.82108611111111	11.3837453125
322	10.818665972222222	11.315115625
323	10.794131944444445	11.379315625
324	10.81096875	11.42618125
325	10.811311805555556	11.36768984375
326	10.756258333333333	11.456075
327	10.780547916666666	11.372
328	10.778291666666666	11.3412875
329	10.744015277777779	11.410571875
330	10.76843125	11.393540625
331	10.75575763888889	11.39612109375
332	10.771379861111111	11.3556640625
333	10.750940277777778	11.38449296875
334	10.725900694444444	11.2465515625
335	10.73109375	11.32943046875
336	10.701580555555555	11.33231328125
337	10.701268055555555	11.3722671875
338	10.688924305555556	11.29006796875
339	10.712372222222223	11.3100109375
340	10.716511111111112	11.35367109375
341	10.713046527777777	11.183290625
342	10.685157638888889	11.28496171875
343	10.709195833333334	11.3495390625
344	10.679700694444444	11.2955546875
345	10.691790972222222	11.332103125
346	10.642919444444445	11.35424609375
347	10.681188194444445	11.30739765625
348	10.651586111111111	11.30091796875
349	10.694991666666667	11.25959375
350	10.642604861111112	11.30698984375
351	10.634740277777778	11.2287109375
352	10.645504166666667	11.12132734375
353	10.638494444444444	11.24880546875
354	10.646752083333332	11.276978125
355	10.62401388888889	11.29325703125
356	10.6284875	11.2576671875
357	10.611342361111111	11.1703328125
358	10.583023611111111	11.22633125
359	10.596230555555556	11.2555
360	10.600902083333333	11.1318796875
361	10.586125694444444	11.2522
362	10.604311805555556	11.19971875
363	10.57815	11.28176171875
364	10.575934722222222	11.24176328125
365	10.545718055555556	11.1684375
366	10.527808333333333	11.274659375
367	10.516280555555555	11.2191734375
368	10.562090277777777	11.2151453125
369	10.554663194444444	11.2549640625
370	10.567874305555556	11.2407375
371	10.525266666666667	11.1842296875
372	10.522253472222221	11.131440625
373	10.536020138888889	11.2971890625
374	10.496677777777778	11.2082265625
375	10.517811111111111	11.2075546875
376	10.511336111111111	11.18917578125
377	10.503528472222222	11.17124140625
378	10.498278472222223	11.195959375
379	10.453488194444445	11.16941875
380	10.483306944444445	11.1615296875
381	10.472220138888888	11.199059375
382	10.432240972222223	11.216053125
383	10.477847222222222	11.22395625
384	10.420047222222221	11.20024375
385	10.45343263888889	11.2273921875
386	10.47034513888889	11.17938515625
387	10.465827083333334	11.1516859375
388	10.4310375	11.1272984375
389	10.42643125	11.22688359375
390	10.394569444444445	11.1968671875
391	10.413447916666666	11.1437265625
392	10.438927777777778	11.21590078125
393	10.40215763888889	11.12569296875
394	10.389479166666666	11.09464609375
395	10.364525	11.15429921875
396	10.38641875	11.115996875
397	10.400063194444444	11.1155625
398	10.348622916666667	11.01178203125
399	10.37400486111111	11.1180359375
400	10.353910416666666	11.12144453125
401	10.32706875	11.113828125
402	10.373165972222223	11.1056421875
403	10.311965972222222	11.0811546875
404	10.373171527777778	11.113975
405	10.33080625	11.2258046875
406	10.346495833333334	11.1718859375
407	10.32653611111111	11.1397734375
408	10.354204166666667	11.0508703125
409	10.307090277777778	11.1258171875
410	10.306944444444444	11.1125375
411	10.280947222222222	11.1380796875
412	10.298220138888889	11.04424375
413	10.313092361111112	11.01179765625
414	10.287717361111111	11.12568359375
415	10.30338263888889	11.134640625
416	10.265691666666667	11.136
417	10.297678472222222	11.076271875
418	10.25220486111111	11.15585078125
419	10.24478263888889	11.1382796875
420	10.238169444444445	11.08488125
421	10.240964583333334	11.07705859375
422	10.24232638888889	11.1657234375
423	10.242505555555555	11.05955859375
424	10.279557638888889	11.0898421875
425	10.251958333333333	11.0922109375
426	10.215491666666667	11.08985234375
427	10.22266736111111	11.083209375
428	10.193826388888889	11.14787890625
429	10.219832638888889	11.11488515625
430	10.228258333333333	11.0719640625
431	10.1966125	11.15663125
432	10.190320833333333	11.101675
433	10.18759513888889	11.0707921875
434	10.158894444444444	11.042496875
435	10.170065277777777	11.039465625
436	10.184895833333334	11.0722765625
437	10.16981111111111	11.0999796875
438	10.165908333333334	11.055303125
439	10.177489583333333	11.0588078125
440	10.165905555555556	11.0723921875
441	10.166523611111112	11.1262578125
442	10.162520833333334	11.05144921875
443	10.120659722222221	11.029
444	10.132548611111112	10.9876703125
445	10.128754166666667	10.9358453125
446	10.125356944444444	10.99387109375
447	10.119647222222222	11.09051875
448	10.105448611111111	11.12371640625
449	10.105890972222221	11.073584375
450	10.086361111111112	11.04210234375
451	10.089036111111112	10.9652953125
452	10.095952777777779	10.95669921875
453	10.090402777777777	11.010775
454	10.054284027777777	10.9680640625
455	10.057925	11.05009296875
456	10.05277986111111	10.992121875
457	10.067121527777777	11.030290625
458	10.056329166666666	11.0316609375
459	10.04811736111111	10.9958546875
460	10.043459722222222	11.055025
461	10.029154166666666	11.10818984375
462	10.048586805555555	11.0877703125
463	10.029456944444444	10.9846734375
464	10.056991666666667	10.950634375
465	10.005805555555556	11.02500625
466	10.026680555555556	10.95180546875
467	9.984400694444444	10.9925375
468	10.012145833333333	11.0529
469	10.02769513888889	10.99679140625
470	10.00669375	11.01841875
471	9.999252083333333	10.9907140625
472	9.979284027777778	10.93319375
473	9.981828472222222	10.98236875
474	9.966466666666667	11.04066640625
475	10.038145138888888	11.06166015625
476	9.99641875	10.990115625
477	9.975545833333333	11.08873125
478	9.942572916666666	11.0145578125
479	9.96471388888889	10.970090625
480	9.959663888888889	11.0505046875
481	9.931252777777777	10.993175
482	9.893125694444445	11.0400046875
483	9.929569444444445	10.9584546875
484	9.893865277777778	11.029740625
485	9.928190972222222	11.00872734375
486	9.927715277777779	10.96928828125
487	9.91906111111111	10.9774578125
488	9.938068055555556	10.9835875
489	9.903277083333334	11.03243125
490	9.920115972222222	11.1139546875
491	9.884909027777777	11.0356296875
492	9.87029375	11.01764609375
493	9.846561805555556	11.02676640625
494	9.857320833333333	10.94005703125
495	9.865434722222222	11.06296875
496	9.865229166666667	10.9982375
497	9.863927777777779	11.05809375
498	9.858073611111111	10.9906546875
499	9.835120833333333	11.02301484375
500	9.787178472222223	10.9733609375
501	9.812514583333334	11.0685375
502	9.824468055555556	10.978303125
503	9.796244444444444	11.0288671875
504	9.797279166666666	11.03550703125
505	9.792134722222222	11.03707890625
506	9.78234861111111	11.0080296875
507	9.78667361111111	11.0568640625
508	9.772788888888888	10.986296875
509	9.758973611111111	11.00554296875
510	9.758904166666667	11.01690078125
511	9.77674513888889	11.01814765625
512	9.775527083333333	11.0383828125
513	9.759136805555556	10.99035625
514	9.775042361111112	11.1259828125
515	9.766381944444445	11.05393125
516	9.725182638888889	11.0290421875
517	9.745905555555556	11.03590078125
518	9.725686805555556	11.08303125
519	9.765774305555556	10.99985
520	9.710495833333333	10.98930625
521	9.719008333333333	11.0196828125
522	9.706290277777779	10.98289453125
523	9.711241666666666	10.97387578125
524	9.71145625	10.971140625
525	9.694270833333333	11.089284375
526	9.665491666666666	11.06631796875
527	9.684121527777778	10.94764921875
528	9.678115277777778	10.9215453125
529	9.662177083333333	10.96766484375
530	9.667661805555555	11.072028125
531	9.664533333333333	11.0008109375
532	9.667150694444445	11.0369734375
533	9.669320833333334	10.9312046875
534	9.630072916666666	11.1005765625
535	9.650220138888889	11.07851875
536	9.655127777777778	11.0593671875
537	9.609534722222222	10.99319140625
538	9.617214583333332	11.0144328125
539	9.570879861111111	11.0163671875
540	9.598102777777777	10.95265625
541	9.6077375	11.028684375
542	9.607121527777778	10.91528984375
543	9.584555555555555	11.093065625
544	9.607859027777778	10.9844234375
545	9.591609027777778	11.0466796875
546	9.595828472222221	11.00641953125
547	9.559067361111111	11.00558125
548	9.524440277777778	11.05371015625
549	9.569180555555555	11.00195859375
550	9.561841666666666	11.020278125
551	9.540583333333334	11.066728125
552	9.558345138888889	11.0532515625
553	9.526084027777777	11.06552578125
554	9.526516666666666	11.1326078125
555	9.51174513888889	11.0957984375
556	9.520317361111111	11.03315
557	9.524834722222222	10.97154375
558	9.51267013888889	11.05601875
559	9.493461805555556	11.036421875
560	9.521714583333333	11.0741796875
561	9.504926388888888	11.155971875
562	9.470270833333334	11.039353125
563	9.503092361111111	11.0661515625
564	9.468798611111112	11.04894453125
565	9.459754861111112	11.0749140625
566	9.47331111111111	11.0472890625
567	9.47086388888889	11.0328125
568	9.45605138888889	11.0235875
569	9.469272222222223	11.09709296875
570	9.438374305555556	11.07857578125
571	9.453345138888888	11.0451171875
572	9.435807638888889	11.06748984375
573	9.428919444444444	11.068034375
574	9.406788888888888	11.03225625
575	9.434075	11.10652421875
576	9.407479166666667	11.0036859375
577	9.412343055555555	11.0840609375
578	9.40077638888889	11.0964578125
579	9.38272361111111	11.0706546875
580	9.384443055555556	11.09726875
581	9.37791111111111	11.08040078125
582	9.365189583333333	11.0291359375
583	9.378278472222222	11.0526515625
584	9.381918055555555	11.074521875
585	9.370750694444444	11.0316984375
586	9.335339583333333	11.1725875
587	9.299941666666667	11.115015625
588	9.357320833333333	11.0513203125
589	9.354291666666667	11.067671875
590	9.345965972222222	11.124684375
591	9.35262013888889	11.04533125
592	9.326695138888889	11.1375359375
593	9.31755	11.14928671875
594	9.324722916666667	11.0894953125
595	9.347931944444445	11.1407234375
596	9.310817361111111	11.0119203125
597	9.279016666666667	11.0132859375
598	9.261234722222222	11.0910859375
599	9.247231944444444	11.0707765625
600	9.280263194444444	11.0677546875
601	9.27913888888889	11.099421875
602	9.257490972222222	11.1180921875
603	9.284159722222222	11.1719265625
604	9.255181944444445	11.059140625
605	9.228486805555555	11.07699140625
606	9.228235416666667	11.17357734375
607	9.224226388888889	11.0838140625
608	9.225355555555556	11.0738578125
609	9.207108333333334	11.02002890625
610	9.209077083333334	11.08574140625
611	9.189075	11.12854296875
612	9.20585625	11.1240109375
613	9.226259027777777	11.109275
614	9.175414583333334	11.14950546875
615	9.159629861111112	11.1083015625
616	9.17036388888889	11.179678125
617	9.21761875	11.129671875
618	9.143940972222222	11.22103984375
619	9.139097916666667	11.22158125
620	9.20008611111111	11.157165625
621	9.146690972222222	11.124315625
622	9.153590972222222	11.1258015625
623	9.127675	11.145078125
624	9.13138125	11.12363984375
625	9.097146527777777	11.1710625
626	9.089829166666666	11.1362265625
627	9.102188194444444	11.18971796875
628	9.077281944444444	11.2196234375
629	9.063766666666666	11.1891234375
630	9.09343125	11.14753203125
631	9.0971875	11.1243859375
632	9.050102777777777	10.98449921875
633	9.046784027777777	11.09436640625
634	9.0135625	11.15205078125
635	9.039440972222222	11.16803828125
636	9.025358333333333	11.126040625
637	9.035934027777778	11.176625
638	9.011608333333333	11.18852109375
639	8.986304166666667	11.1497421875
640	9.005240277777778	11.2550015625
641	9.007065972222222	11.2271453125
642	8.994677777777778	11.23805390625
643	8.949055555555555	11.22041796875
644	8.954507638888888	11.1537328125
645	8.932590277777777	11.2681125
646	8.919310416666667	11.177846875
647	8.935240277777778	11.1796328125
648	8.948651388888889	11.208328125
649	8.915755555555556	11.2473421875
650	8.951611805555556	11.2226015625
651	8.923628472222223	11.290125
652	8.951703472222222	11.2081046875
653	8.905013888888888	11.18871328125
654	8.87357361111111	11.2786859375
655	8.892790972222222	11.25486796875
656	8.872763194444444	11.219509375
657	8.875033333333333	11.14191328125
658	8.886215972222223	11.3157609375
659	8.877040972222222	11.17988125
660	8.846208333333333	11.21513984375
661	8.835214583333334	11.23756953125
662	8.871502777777778	11.271725
663	8.834007638888888	11.12658359375
664	8.821865277777778	11.280478125
665	8.824686111111111	11.2417109375
666	8.823640277777777	11.22572734375
667	8.83757638888889	11.2483296875
668	8.8037125	11.2727875
669	8.818676388888889	11.30473125
670	8.757974305555555	11.25465234375
671	8.775963888888889	11.24838984375
672	8.766622222222223	11.216121875
673	8.750206944444445	11.28440078125
674	8.76704236111111	11.3037875
675	8.742867361111111	11.2981875
676	8.739418055555555	11.22997890625
677	8.6999	11.26173515625
678	8.733890277777778	11.273259375
679	8.720922222222223	11.2896109375
680	8.712355555555556	11.2781234375
681	8.732841666666667	11.3352109375
682	8.696827083333334	11.22726328125
683	8.718272916666667	11.219728125
684	8.70244236111111	11.2388984375
685	8.733697916666667	11.24316328125
686	8.68328125	11.27864140625
687	8.644665972222223	11.2589953125
688	8.677923611111112	11.269628125
689	8.664057638888888	11.26262265625
690	8.655416666666667	11.4752875
691	8.642369444444444	11.345375
692	8.648489583333333	11.3088484375
693	8.627965972222222	11.35219453125
694	8.59526111111111	11.3846984375
695	8.62989375	11.3099375
696	8.591556944444445	11.32302109375
697	8.600606944444445	11.37535625
698	8.579972916666666	11.36774375
699	8.60326875	11.29790390625
700	8.62578888888889	11.375153125
701	8.60244513888889	11.4245546875
702	8.57430763888889	11.36193125
703	8.517789583333334	11.3936796875
704	8.523918055555555	11.368140625
705	8.526867361111112	11.36873828125
706	8.553786111111112	11.3819734375
707	8.53864861111111	11.3696515625
708	8.646715972222223	11.38740625
709	8.574926388888889	11.4441609375
710	8.498813888888888	11.41422265625
711	8.507527083333333	11.4337703125
712	8.472513888888889	11.40436015625
713	8.460353472222222	11.432721875
714	8.450072916666667	11.3331953125
715	8.45339375	11.46955
716	8.470959722222222	11.40384375
717	8.43586736111111	11.415696875
718	8.572169444444445	11.403321875
719	8.464020833333333	11.42235625
720	8.438778472222221	11.4492609375
721	8.448522916666667	11.356125
722	8.409142361111112	11.34775546875
723	8.43532361111111	11.38423125
724	8.368704166666667	11.503378125
725	8.399708333333333	11.41074296875
726	8.392436111111111	11.48299140625
727	8.35567013888889	11.51338359375
728	8.362621527777778	11.4939171875
729	8.34234513888889	11.593003125
730	8.3646875	11.4682140625
731	8.32670486111111	11.52464375
732	8.326786805555555	11.329975
733	8.35009236111111	11.4902546875
734	8.279197222222223	11.48283515625
735	8.327654166666667	11.577296875
736	8.326227083333333	11.4679875
737	8.285565972222223	11.44916328125
738	8.243007638888889	11.531903125
739	8.284475694444444	11.55679453125
740	8.23683125	11.5436921875
741	8.237188194444444	11.50925625
742	8.226906944444444	11.46476953125
743	8.219681944444444	11.5487734375
744	8.229338888888888	11.5261546875
745	8.216381944444445	11.6184828125
746	8.202654166666667	11.66499296875
747	8.195005555555555	11.569153125
748	8.222944444444444	11.5035890625
749	8.153171527777777	11.62323828125
750	8.202426388888888	11.630815625
751	8.17478611111111	11.682403125
752	8.174054861111111	11.52661484375
753	8.175208333333334	11.59368203125
754	8.157261111111112	11.50824140625
755	8.097015972222222	11.565615625
756	8.159831944444445	11.5893640625
757	8.146768055555556	11.5288421875
758	8.165465972222222	11.6981375
759	8.167645138888888	11.68421875
760	8.107521527777777	11.5691078125
761	8.103675	11.6327703125
762	8.074190277777777	11.6269109375
763	8.070400694444444	11.73167421875
764	8.060792361111112	11.5504046875
765	8.041331944444444	11.63483125
766	8.095825	11.73110859375
767	8.033503472222222	11.7112890625
768	8.085880555555555	11.7009453125
769	8.111484722222222	11.66846171875
770	8.023263194444445	11.66050234375
771	7.992779861111111	11.61755625
772	8.015213194444444	11.71277734375
773	7.98633125	11.7569875
774	7.984989583333333	11.66919609375
775	7.976521527777778	11.7061734375
776	7.984540972222222	11.716871875
777	7.9643854166666666	11.734621875
778	7.984286111111111	11.71823671875
779	7.937686111111111	11.788221875
780	7.9544145833333335	11.73358515625
781	7.974428472222222	11.6191734375
782	7.9614819444444445	11.77474140625
783	7.961824305555556	11.70451953125
784	7.970785416666667	11.8034890625
785	7.90835	11.7583390625
786	7.909933333333333	11.65544453125
787	7.883445833333333	11.78914140625
788	7.875873611111111	11.7943765625
789	7.83320625	11.7398734375
790	7.857286805555556	11.6921328125
791	7.864872222222222	11.78204375
792	7.888883333333333	11.7945671875
793	7.846201388888889	11.73480546875
794	7.8467666666666664	11.71504140625
795	7.829020138888889	11.81119765625
796	7.809433333333334	11.8851734375
797	7.83103125	11.6736875
798	7.848852083333333	11.8227046875
799	7.825632638888889	11.80334375
800	7.7905875	11.75374921875
801	7.780226388888889	11.886225
802	7.810920138888889	11.74125703125
803	7.783895833333333	11.85667890625
804	7.784929861111111	11.69145546875
805	7.772945138888889	11.9222390625
806	8.1359625	11.79490546875
807	7.936461805555555	11.712309375
808	7.819713888888889	11.8587453125
809	7.749938194444445	11.8208484375
810	7.7408881944444445	11.743284375
811	7.7564222222222226	11.84827265625
812	7.735263194444444	11.889071875
813	7.7543298611111116	11.9392578125
814	7.691391666666667	11.88341015625
815	7.6955875	11.8209984375
816	7.665352777777778	11.880778125
817	7.645213888888889	11.929140625
818	7.639694444444444	11.839609375
819	7.628988888888889	12.07877734375
820	7.749326388888889	11.94420390625
821	7.710740277777778	11.91621796875
822	7.684859722222222	11.89175
823	7.71016875	11.934540625
824	7.6530375	11.90285625
825	7.628484722222222	11.912953125
826	7.580365972222222	12.00828359375
827	7.6007541666666665	11.8798671875
828	7.583631944444445	11.81588125
829	7.589929861111111	11.9246703125
830	7.622145833333334	11.99805625
831	7.58613125	11.87275546875
832	7.576119444444444	12.0475125
833	7.520270138888889	11.95969921875
834	7.522708333333333	11.966021875
835	7.496377777777778	11.8938421875
836	7.497593055555556	11.9117671875
837	7.482822916666667	11.9331046875
838	7.474194444444445	12.05493671875
839	7.524067361111111	11.93789765625
840	7.47698125	11.971353125
841	7.484266666666667	11.93285703125
842	7.5015736111111115	12.04592578125
843	7.467525	11.98124296875
844	7.541728472222222	11.993865625
845	7.466677083333333	12.0517109375
846	7.479339583333333	11.975065625
847	7.433795833333333	12.02450234375
848	7.429847916666667	11.972640625
849	7.418825	12.110528125
850	7.41785	12.0225734375
851	7.335497916666666	12.10043125
852	7.343621527777778	12.022065625
853	7.478571527777778	12.016828125
854	7.445802777777778	12.11063828125
855	7.3810465277777775	12.0572359375
856	7.321155555555555	12.063428125
857	7.326234027777778	12.17146875
858	7.295557638888889	12.1665734375
859	7.335284722222222	12.11806015625
860	7.263199305555555	12.082659375
861	7.2982125	12.13612421875
862	7.282928472222222	12.14040234375
863	7.250997222222222	12.10684375
864	7.237628472222222	12.12013671875
865	7.269271527777778	12.105015625
866	7.282927083333333	12.15967421875
867	7.2862375	12.209290625
868	7.259217361111111	12.14555625
869	7.250307638888889	12.1483328125
870	7.219134722222222	12.13685625
871	7.162315277777778	12.10519140625
872	7.1730881944444445	12.2191484375
873	7.185125694444444	12.1873015625
874	7.198478472222222	12.2520375
875	7.146863194444444	12.227671875
876	7.150154166666667	12.2014890625
877	7.164595833333333	12.1803546875
878	7.164680555555556	12.2438328125
879	7.140827777777778	12.1739265625
880	7.171251388888889	12.263903125
881	7.106279166666667	12.2744921875
882	7.076949305555556	12.19258828125
883	7.0806375	12.24970234375
884	7.1047875	12.2655984375
885	7.066797916666666	12.18530859375
886	7.079164583333333	12.2649421875
887	7.074065277777778	12.18495625
888	7.069009722222222	12.362709375
889	7.060861805555556	12.23225703125
890	7.064697916666667	12.310759375
891	7.004272222222222	12.2575578125
892	7.033730555555556	12.37412890625
893	7.069307638888889	12.36248125
894	7.041146527777777	12.25368125
895	7.01558125	12.2810703125
896	6.998651388888889	12.2674140625
897	7.055075694444445	12.20511171875
898	6.979886111111111	12.340640625
899	6.996584027777778	12.2843859375
900	7.0200625	12.2566234375
901	6.982097916666667	12.32954453125
902	6.920925694444445	12.22292265625
903	6.9330875	12.3285671875
904	6.946626388888889	12.3225515625
905	6.932691666666667	12.28216875
906	6.983825	12.38338125
907	7.120977777777778	12.37204921875
908	7.078811805555556	12.230815625
909	6.987355555555555	12.3409140625
910	6.945805555555555	12.3438875
911	6.907761805555555	12.4567640625
912	6.869215277777778	12.37802578125
913	6.899001388888889	12.38315
914	6.919417361111111	12.3933296875
915	6.8953444444444445	12.285396875
916	6.869984027777778	12.3831453125
917	7.106903472222222	12.3839
918	6.93543125	12.36681796875
919	7.019805555555555	12.34775234375
920	6.899977083333333	12.29642890625
921	6.8425673611111115	12.3876890625
922	6.797204166666667	12.31206875
923	6.773536111111111	12.3878296875
924	6.74141875	12.4241796875
925	6.877847222222222	12.7598515625
926	7.165335416666666	12.546165625
927	6.87908125	12.4379140625
928	6.755380555555556	12.47602578125
929	6.783934722222222	12.3885046875
930	6.709720833333333	12.4029671875
931	6.687945833333333	12.475334375
932	6.772038888888889	12.46724765625
933	6.686809027777778	12.446903125
934	6.706570833333333	12.42195
935	6.723764583333334	12.4107015625
936	6.67584375	12.474040625
937	6.667361805555555	12.48938671875
938	6.679540972222222	12.4664734375
939	6.749001388888889	12.42492734375
940	6.687938888888889	12.39195625
941	6.646805555555556	12.41169609375
942	6.642215972222222	12.5326484375
943	6.6104972222222225	12.4605703125
944	6.565022222222222	12.589171875
945	6.592252083333333	12.53258203125
946	6.689279861111111	12.5458234375
947	6.608504166666667	12.5424921875
948	6.581	12.48585625
949	6.562640277777778	12.5585203125
950	6.628775	12.583365625
951	6.854755555555555	12.5377046875
952	6.788370138888889	12.5106140625
953	6.6242833333333335	12.42333125
954	6.4908881944444445	12.5516859375
955	6.530657638888889	12.53481875
956	6.57103125	12.6466203125
957	6.464241666666667	12.58998125
958	6.431936111111111	12.65864453125
959	6.345950694444444	12.58676640625
960	6.409017361111111	12.7479640625
961	6.559833333333334	12.70742578125
962	6.5150145833333335	12.6449296875
963	6.4051381944444445	12.676553125
964	6.429615277777778	12.6708453125
965	6.42923125	12.6715671875
966	6.357164583333334	12.7447890625
967	6.326982638888889	12.6722375
968	6.3700881944444445	12.63905625
969	6.415041666666666	12.706059375
970	6.309545833333333	12.7300578125
971	6.371945138888889	12.709275
972	6.394684722222222	12.67001875
973	6.280527083333333	12.74699921875
974	6.317774305555556	12.70368671875
975	6.243972916666666	12.68545625
976	6.186927777777778	12.74596875
977	6.256391666666667	12.77448046875
978	6.286844444444444	12.79013671875
979	6.285321527777778	12.8029
980	6.250886111111111	12.70293203125
981	6.2586409722222225	12.90799140625
982	6.200291666666667	12.7647515625
983	6.137654166666667	12.6726671875
984	6.121609722222222	12.80358515625
985	6.203909722222222	12.8566265625
986	6.1769798611111115	12.771409375
987	6.218122916666666	12.7885859375
988	6.255970138888889	12.72906953125
989	6.187604861111111	12.879625
990	6.221136805555555	12.8090109375
991	6.214974305555556	12.750225
992	6.186680555555555	12.938828125
993	6.690056944444445	12.8169671875
994	6.3560034722222225	12.771853125
995	6.203966666666667	12.72381875
996	6.1029180555555556	12.9528046875
997	6.116361111111111	12.8177140625
998	6.062270833333334	12.7628796875
999	6.129804166666666	12.8385921875
1000	6.080218055555555	12.77170625
1001	6.082513888888889	12.8575265625
1002	6.063373611111111	12.94665
1003	5.995444444444445	12.9139203125
1004	6.004767361111111	12.909
1005	5.997909722222222	12.89841875
1006	6.047584027777778	13.01428984375
1007	6.177967361111111	12.88655390625
1008	6.116274305555556	12.8907671875
1009	5.978595138888889	12.89736015625
1010	5.974890277777778	12.90445078125
1011	5.961338888888889	12.95777578125
1012	5.949856944444444	13.0265640625
1013	5.991888888888889	12.918934375
1014	5.925225694444444	13.004175
1015	5.955049305555556	12.98438671875
1016	5.948832638888889	12.87725859375
1017	5.934083333333334	12.93544296875
1018	5.905211805555555	12.93114375
1019	5.942117361111111	12.92308515625
1020	5.90215	12.9853609375
1021	5.8405861111111115	12.99678671875
1022	5.921620138888889	12.95178515625
1023	5.846966666666667	13.05842578125
1024	5.922752777777778	13.09162265625
1025	6.044535416666666	12.92010859375
1026	5.840407638888889	12.9741609375
1027	5.829645138888889	12.95448515625
1028	5.801121527777778	13.03647421875
1029	5.749779513888889	13.08425703125
1030	5.812587847222222	13.00824921875
1031	5.937524305555556	13.01644375
1032	5.867263194444445	13.02639921875
1033	5.779300694444444	13.0247125
1034	5.777137152777778	13.0793234375
1035	5.800959027777778	13.0281890625
1036	5.767492013888889	13.07692734375
1037	5.722538194444445	13.04419609375
1038	5.7293288194444445	13.0220875
1039	5.774280555555555	13.1628703125
1040	5.683420138888889	13.077653125
1041	5.717907986111111	13.14586875
1042	5.720000347222222	13.1870703125
1043	5.729263194444444	13.1833859375
1044	5.881820138888889	13.028825
1045	5.7878791666666665	13.067975
1046	5.751093055555556	13.0260890625
1047	5.714603125	13.0963390625
1048	5.675230902777778	13.174315625
1049	5.645901736111111	13.1540671875
1050	5.656302430555556	13.136946875
1051	5.674885416666666	13.1649390625
1052	5.617511111111111	13.1040375
1053	5.601206597222222	13.2291265625
1054	5.639616666666667	13.2580875
1055	5.677661805555555	13.110596875
1056	5.572867013888889	13.1549765625
1057	5.635882638888889	13.1618890625
1058	5.603854861111111	13.1581953125
1059	5.569689236111111	13.27220625
1060	5.636635416666667	13.24944375
1061	5.6423854166666665	13.24211875
1062	5.643154861111111	13.2026
1063	5.610588888888889	13.227890625
1064	5.559632986111111	13.23355
1065	5.6133902777777775	13.255928125
1066	5.475171180555556	13.240328125
1067	5.460901736111111	13.17474375
1068	5.4835795138888885	13.2387078125
1069	5.441568055555556	13.2342875
1070	5.523234375	13.30863125
1071	5.5264375	13.330765625
1072	5.588219097222222	13.260403125
1073	5.430783680555556	13.190146875
1074	5.420173263888889	13.284896875
1075	5.368003472222222	13.357525
1076	5.351885069444444	13.301659375
1077	5.385044791666667	13.247334375
1078	5.444758680555555	13.263875
1079	5.367963541666667	13.2398703125
1080	5.353004166666667	13.267325
1081	5.400133333333334	13.31325
1082	5.344751041666667	13.395003125
1083	5.438224652777778	13.3155546875
1084	5.542051041666666	13.2322078125
1085	5.3379916666666665	13.2418125
1086	5.331773611111111	13.3304875
1087	5.228244097222222	13.259840625
1088	5.255629513888889	13.390815625
1089	5.2670055555555555	13.44799375
1090	5.371935763888889	13.3247796875
1091	5.258213541666667	13.3980984375
1092	5.244716319444445	13.40445
1093	5.284417708333334	13.48714375
1094	5.249052777777778	13.463321875
1095	5.272224652777778	13.38723125
1096	5.145500347222222	13.48026875
1097	5.121505208333334	13.3793875
1098	5.142345486111111	13.485040625
1099	5.072735763888889	13.4010453125
1100	5.071511458333333	13.37689375
1101	5.163348958333334	13.4654703125
1102	5.180053819444445	13.5591421875
1103	5.080305902777778	13.4824640625
1104	5.094055555555555	13.5554828125
1105	5.1242246527777775	13.5463640625
1106	5.146995833333333	13.4908421875
1107	5.196262152777778	13.473428125
1108	5.120644444444444	13.451775
1109	5.169791666666667	13.387440625
1110	5.086993402777778	13.547534375
1111	5.182726041666666	13.5343265625
1112	5.222953819444444	13.564884375
1113	5.0423149305555555	13.515978125
1114	5.016891666666667	13.518025
1115	5.099653819444445	13.590765625
1116	5.081274652777778	13.5760265625
1117	5.2306	13.543828125
1118	5.209902430555555	13.5449328125
1119	5.257534027777778	13.420603125
1120	5.082922569444444	13.55996875
1121	5.030211111111111	13.5403265625
1122	4.975913194444445	13.5894171875
1123	4.9748125	13.604175
1124	4.964311458333333	13.6277703125
1125	4.9611729166666665	13.622440625
1126	4.967023958333334	13.5980078125
1127	4.921565625	13.6335046875
1128	4.917106597222222	13.5523734375
1129	4.890394097222222	13.5635515625
1130	4.847363541666667	13.655190625
1131	4.809861458333334	13.6598375
1132	4.813527777777778	13.6748765625
1133	4.868963541666667	13.732859375
1134	4.9244868055555555	13.658628125
1135	4.878346180555556	13.7815015625
1136	4.8338986111111115	13.6142515625
1137	4.8078868055555555	13.6468015625
1138	5.022192708333334	13.650378125
1139	4.943939236111111	13.63803125
1140	4.868523611111111	13.644990625
1141	4.759491319444445	13.8029203125
1142	4.730543055555556	13.6745578125
1143	4.638360416666667	13.7891203125
1144	4.7785496527777775	13.7658625
1145	4.881126041666667	13.6345703125
1146	4.785267361111111	13.72850625
1147	4.841326041666667	13.7449875
1148	4.654825	13.86929375
1149	4.639966666666667	13.748096875
1150	4.681653125	13.7886484375
1151	4.767029513888889	13.7452078125
1152	4.720476041666666	13.796303125
1153	4.610136458333334	13.77075
1154	4.652919791666666	13.76321875
1155	4.629301388888889	13.78105625
1156	4.647537847222222	13.74103125
1157	4.656072222222222	13.80721875
1158	4.808168402777778	13.8043640625
1159	4.6728604166666665	13.7258171875
1160	4.710668055555556	13.826759375
1161	4.761013888888889	13.8317828125
1162	4.7121208333333335	13.72674375
1163	4.6081159722222225	13.8055890625
1164	4.687625	13.73548125
1165	4.6059826388888885	13.74468125
1166	4.579788194444444	13.79475625
1167	4.642430902777778	13.9085484375
1168	4.668362847222222	13.8219671875
1169	4.632158333333333	13.8599984375
1170	4.5283621527777775	13.79166875
1171	4.5635440972222225	13.797490625
1172	4.6774402777777775	13.800403125
1173	4.733609027777778	13.84776875
1174	4.581477777777778	13.808871875
1175	4.490221875	13.7503984375
1176	4.6702489583333335	13.7987484375
1177	4.585304166666667	13.80863125
1178	4.561890625	13.867815625
1179	4.49585625	13.847746875
1180	4.558225694444444	13.829490625
1181	4.516313541666666	13.874515625
1182	4.628811111111111	13.8722734375
1183	4.530915625	13.8914703125
1184	4.517731597222222	13.960871875
1185	4.413787847222222	13.939521875
1186	4.314316666666667	13.91233125
1187	4.358079513888889	13.965521875
1188	4.371437152777777	13.980828125
1189	4.348101041666666	13.9310984375
1190	4.3296881944444445	14.024059375
1191	4.375745833333333	13.994375
1192	4.293719791666667	13.956546875
1193	4.3074440972222225	13.98138125
1194	4.293511111111111	14.049684375
1195	4.325732291666666	14.0512765625
1196	4.351026736111111	13.9767828125
1197	4.449182638888889	13.97656875
1198	4.668459722222222	13.98516875
1199	4.494290972222222	13.84295625
1200	4.384430208333334	13.940475
1201	4.362473263888889	14.014925
1202	4.386384027777778	13.9536859375
1203	4.3745184027777775	13.975490625
1204	4.304696875	14.0153078125
1205	4.289588194444445	13.9695875
1206	4.208223611111111	14.0999453125
1207	4.213910069444444	14.084459375
1208	4.216137847222222	14.0810609375
1209	4.233542708333333	13.999340625
1210	4.16755	13.9903796875
1211	4.1485538194444445	14.1130390625
1212	4.326428472222222	14.152915625
1213	4.2104767361111115	14.1342125
1214	4.313730555555556	14.052375
1215	4.2224586805555555	14.064803125
1216	4.224908680555555	14.02335
1217	4.061160416666667	14.104746875
1218	4.0623128472222225	14.0955703125
1219	4.134808333333333	14.065434375
1220	4.086442013888889	14.0621375
1221	4.096196875	14.0866609375
1222	4.076515277777777	14.1210921875
1223	4.523671875	14.143009375
1224	4.627670833333333	14.073296875
1225	4.373535416666667	14.0576984375
1226	4.483299652777778	14.11793125
1227	4.259720486111111	14.1737625
1228	4.056603819444445	14.141015625
1229	4.130448611111111	14.083078125
1230	4.1956138888888885	14.0818625
1231	4.230246527777778	14.131634375
1232	4.209926736111111	14.08174375
1233	4.115521527777778	14.1654703125
1234	4.028684027777778	14.205559375
1235	3.9749208333333335	14.145475
1236	4.004113194444445	14.0807859375
1237	3.9768177083333334	14.17765
1238	3.9527197916666665	14.174334375
1239	4.127497916666667	14.175175
1240	4.023102083333334	14.12704375
1241	4.120334027777778	14.19811875
1242	3.9909013888888887	14.2367421875
1243	3.8535302083333334	14.213834375
1244	3.8767791666666667	14.1785203125
1245	3.817871875	14.2424421875
1246	3.78190625	14.1779109375
1247	3.811378472222222	14.3215875
1248	3.7906444444444443	14.2156203125
1249	3.7469520833333334	14.2873625
1250	3.793579861111111	14.267034375
1251	3.855245486111111	14.336596875
1252	3.764763888888889	14.31853125
1253	3.950776388888889	14.3065828125
1254	3.7770121527777776	14.4630859375
1255	3.7562076388888888	14.3791265625
1256	3.739890625	14.411246875
1257	3.7003052083333334	14.378965625
1258	3.641034375	14.318940625
1259	3.7840274305555557	14.2707140625
1260	3.9021652777777778	14.2732171875
1261	3.8709100694444443	14.25608125
1262	3.7925649305555558	14.337628125
1263	3.877230902777778	14.3841328125
1264	3.7736086805555558	14.369778125
1265	3.6402847222222223	14.3679671875
1266	3.920784375	14.3792359375
1267	3.9212100694444443	14.33615
1268	4.058858333333333	14.3401671875
1269	3.855532638888889	14.36445
1270	3.6974364583333332	14.407690625
1271	3.7163552083333333	14.3146984375
1272	3.688266666666667	14.4378
1273	3.7258621527777778	14.395603125
1274	3.6082434027777777	14.3524984375
1275	3.5863760416666666	14.430590625
1276	3.584012847222222	14.368375
1277	3.8229125	14.360953125
1278	3.796659375	14.35774375
1279	3.7919427083333335	14.336653125
1280	3.677110416666667	14.4230328125
1281	3.60660625	14.4519171875
1282	3.5546461805555554	14.53513125
1283	3.498988888888889	14.4455875
1284	3.496445486111111	14.5012375
1285	3.5130631944444444	14.4597
1286	3.566327777777778	14.5116203125
1287	3.6341354166666666	14.492509375
1288	3.6272475694444446	14.4560875
1289	3.6622371527777777	14.500159375
1290	3.6653329861111112	14.476403125
1291	3.6057194444444445	14.473921875
1292	3.4912072916666665	14.4993203125
1293	3.454889236111111	14.5518078125
1294	3.4430625	14.59964375
1295	3.4143024305555554	14.524534375
1296	3.4749305555555554	14.57765
1297	3.449107638888889	14.6081828125
1298	3.38110625	14.528671875
1299	3.3377534722222224	14.532709375
1300	3.5114506944444446	14.6321828125
1301	3.511373611111111	14.6319875
1302	3.341675347222222	14.64435
1303	3.3294913194444447	14.6462859375
1304	3.4759069444444446	14.687803125
1305	3.489981597222222	14.67113125
1306	3.4062923611111113	14.5968625
1307	3.3312548611111112	14.585765625
1308	3.3357184027777778	14.5555390625
1309	3.529073263888889	14.5141296875
1310	3.5405649305555555	14.579890625
1311	3.388345833333333	14.5242484375
1312	3.23879375	14.616240625
1313	3.188645833333333	14.741334375
1314	3.237547222222222	14.608196875
1315	3.45979375	14.7180671875
1316	3.5423399305555554	14.55399375
1317	3.47833125	14.600328125
1318	3.3681274305555555	14.69771875
1319	3.2489875	14.6973109375
1320	3.175134375	14.5810359375
1321	3.2315315972222223	14.6452375
1322	3.1988225694444443	14.6283875
1323	3.1739270833333335	14.678878125
1324	3.1941611111111112	14.7035609375
1325	3.1728663194444446	14.6718359375
1326	3.138744791666667	14.66256875
1327	3.071814236111111	14.8309875
1328	3.180584375	14.721209375
1329	3.129722222222222	14.7947390625
1330	3.463934375	14.70148125
1331	3.3932329861111112	14.6374953125
1332	3.208137152777778	14.6983015625
1333	3.1184600694444446	14.76895625
1334	3.163884375	14.6980515625
1335	3.3115934027777776	14.7043375
1336	3.3073604166666666	14.6296609375
1337	3.018348958333333	14.756528125
1338	2.9731538194444442	14.8666546875
1339	3.006156597222222	14.8486484375
1340	3.021186111111111	14.7535875
1341	3.020651388888889	14.7798734375
1342	2.912709375	14.7847640625
1343	3.043559722222222	14.8554640625
1344	3.0011493055555554	14.773215625
1345	2.9891347222222224	14.8601796875
1346	2.962870138888889	14.8593671875
1347	2.880587326388889	14.838790625
1348	2.857757465277778	14.9515890625
1349	2.9177184027777776	14.90354375
1350	2.9696666666666665	14.8274421875
1351	2.8956586805555555	14.974475
1352	2.8758776041666665	15.003096875
1353	2.902482638888889	14.926171875
1354	2.9213493055555557	14.84368125
1355	2.94715625	14.916415625
1356	2.8269243055555555	14.9298578125
1357	2.738306597222222	14.9502671875
1358	2.8210767361111113	14.95136875
1359	2.7674439236111112	14.942653125
1360	2.7561225694444444	15.003403125
1361	2.7296272569444446	14.9360109375
1362	2.7389696180555556	15.0134515625
1363	2.715293576388889	15.082275
1364	2.7368168402777777	15.052953125
1365	2.8595713541666665	14.9722296875
1366	2.8117828125	14.9486484375
1367	2.761873958333333	15.0607625
1368	2.724107291666667	14.9761140625
1369	2.811101388888889	14.980425
1370	2.7633390625	15.0197796875
1371	2.779816840277778	14.9868296875
1372	2.9212489583333334	15.0650734375
1373	2.7791399305555555	14.9926765625
1374	2.6647694444444445	15.01898125
1375	2.6504262152777778	15.0159375
1376	2.6231368055555557	15.112634375
1377	2.6950734375	14.906828125
1378	2.726544270833333	15.0235296875
1379	2.630927777777778	14.992409375
1380	2.5809600694444446	15.0979734375
1381	2.654061111111111	15.1515609375
1382	2.6286798611111113	15.036090625
1383	2.656403125	15.0174421875
1384	2.7148868055555555	15.151596875
1385	2.7554963541666666	15.0481359375
1386	2.6386652777777777	14.9908140625
1387	2.7370539930555555	15.073415625
1388	2.645815625	15.1469
1389	2.4768378472222223	15.0913515625
1390	2.7459368055555555	15.109240625
1391	3.072750347222222	14.937865625
1392	2.7600053819444446	15.078171875
1393	2.5513802083333332	15.051178125
1394	2.6940171875	15.037075
1395	3.1178291666666667	15.0666265625
1396	2.7849803819444445	15.1042734375
1397	2.549448263888889	14.997915625
1398	2.5246164930555555	15.1198296875
1399	2.4185109375	15.1061171875
1400	2.4055649305555558	15.256625
1401	2.5163289930555557	15.0703875
1402	2.530191840277778	15.1661640625
1403	2.417500347222222	15.100634375
1404	2.3261208333333334	15.203725
1405	2.5615958333333335	15.089478125
1406	2.7423270833333335	15.134178125
1407	2.7499571180555558	15.178575
1408	2.558797048611111	15.1371484375
1409	2.376008854166667	15.172475
1410	2.283608159722222	15.313290625
1411	2.4528414930555558	15.1954765625
1412	2.7053454861111113	15.1856671875
1413	2.511657986111111	15.1128
1414	2.3765553819444443	15.2049625
1415	2.2570786458333334	15.1486890625
1416	2.330812152777778	15.2427984375
1417	2.307084201388889	15.2444046875
1418	2.269420486111111	15.301978125
1419	2.291028472222222	15.3437015625
1420	2.209878125	15.307371875
1421	2.367072048611111	15.2861875
1422	2.3977024305555554	15.2879453125
1423	2.5110095486111113	15.2401453125
1424	2.6599661458333332	15.1959984375
1425	2.659612326388889	15.173078125
1426	2.499690798611111	15.2095984375
1427	2.3441243055555554	15.2350359375
1428	2.2727928819444445	15.2157390625
1429	2.2527442708333334	15.1655703125
1430	2.2220951388888888	15.2959375
1431	2.1623336805555557	15.342675
1432	2.363865625	15.184903125
1433	2.4643303819444444	15.20974375
1434	2.5003850694444445	15.299246875
1435	2.552720659722222	15.252784375
1436	2.268152777777778	15.2554796875
1437	2.3763772569444446	15.3552921875
1438	2.2202359375	15.282571875
1439	2.2518378472222222	15.2712234375
1440	2.389785763888889	15.2715171875
1441	2.168325	15.318040625
1442	2.1644255208333334	15.4325625
1443	2.2246446180555557	15.271659375
1444	2.0458133680555557	15.49374375
1445	2.021346701388889	15.3678625
1446	2.1258546875	15.306071875
1447	2.1630055555555554	15.395446875
1448	2.1925151041666666	15.4091359375
1449	2.05898125	15.39913125
1450	2.0915446180555555	15.4331546875
1451	1.9788605902777778	15.444478125
1452	2.1078661458333334	15.4718640625
1453	1.9792770833333333	15.4658265625
1454	1.9969184027777778	15.4643453125
1455	2.0329022569444444	15.473090625
1456	2.1856503472222224	15.388159375
1457	2.1748359375	15.3589890625
1458	2.2152967013888887	15.460684375
1459	2.1235692708333334	15.4793953125
1460	2.179409375	15.4140046875
1461	2.131904340277778	15.4213859375
1462	2.607380902777778	15.314
1463	2.9210246527777777	15.283528125
1464	2.368626736111111	15.31944375
1465	2.135919791666667	15.341959375
1466	2.247091145833333	15.3190234375
1467	2.128519097222222	15.3993140625
1468	2.028009548611111	15.424403125
1469	1.8462854166666667	15.523165625
1470	1.7710597222222222	15.5720171875
1471	1.972354513888889	15.52385
1472	1.8358335069444445	15.40429375
1473	1.765459375	15.4713140625
1474	1.8865178819444444	15.5234453125
1475	1.791137673611111	15.6040265625
1476	2.063461284722222	15.5134390625
1477	2.0750390625	15.403384375
1478	1.9408977430555556	15.70988125
1479	2.620500173611111	15.3938609375
1480	2.2486631944444446	15.4319171875
1481	2.061217013888889	15.4913875
1482	1.8949074652777778	15.5237484375
1483	1.9705024305555556	15.4709515625
1484	2.0411569444444444	15.5660875
1485	1.905093576388889	15.53360625
1486	1.8489625	15.5774046875
1487	1.7509883680555556	15.5118546875
1488	1.7070664930555555	15.5129796875
1489	1.8815050347222222	15.528784375
1490	1.7522095486111111	15.65754375
1491	1.760962673611111	15.5847796875
1492	1.822979513888889	15.5295453125
1493	1.7502680555555556	15.57846875
1494	1.6141456597222221	15.6698671875
1495	1.853502951388889	15.5762078125
1496	1.8195456597222222	15.6203875
1497	1.6384482638888889	15.6083234375
1498	1.6255498263888888	15.7800265625
1499	1.7766248263888889	15.5754890625
1500	1.7288086805555556	15.637715625
1501	1.5866409722222221	15.6445671875
1502	1.7640128472222223	15.549728125
1503	1.7252961805555556	15.6960328125
1504	1.6453730902777777	15.69101875
1505	1.7176397569444444	15.6550265625
1506	1.6784272569444445	15.6353296875
1507	1.5856503472222223	15.684140625
1508	1.5769246527777778	15.55318125
1509	1.7805328125	15.638934375
1510	1.8019958333333332	15.54145
1511	1.977343576388889	15.590434375
1512	1.9646741319444445	15.613184375
1513	1.7033897569444445	15.6368265625
1514	1.8958010416666666	15.69285625
1515	1.6481081597222222	15.668546875
1516	1.564646701388889	15.7479390625
1517	1.4768392361111111	15.646875
1518	1.5799592013888888	15.85083125
1519	1.540627951388889	15.719240625
1520	1.4953161458333333	15.7829125
1521	1.5060055555555556	15.66476875
1522	1.4161813368055556	15.83525625
1523	1.4222863715277778	15.783790625
1524	1.3341191840277777	15.7729671875
1525	1.435178732638889	15.878384375
1526	3.3249885416666665	15.610409375
1527	3.0990743055555554	15.4349703125
1528	2.1094118055555557	15.643790625
1529	1.7863838541666666	15.712825
1530	1.6583736111111111	15.6627265625
1531	1.5037838541666666	15.7796
1532	1.3359036458333333	15.669025
1533	1.2607164930555557	15.680596875
1534	1.2747427083333334	15.77305
1535	1.3745444444444443	15.794990625
1536	1.4461177951388888	15.833434375
1537	1.3771230902777778	15.8014625
1538	1.3331858506944445	15.7821671875
1539	1.2826557291666667	15.807340625
1540	1.24888359375	15.9064328125
1541	1.2138028645833334	15.9077421875
1542	1.1754503472222222	15.8007125
1543	1.3026471354166667	15.9259046875
1544	1.3608295138888888	15.957740625
1545	1.3018582465277777	15.8465109375
1546	1.3569675347222223	15.9342109375
1547	1.3725080729166668	15.944715625
1548	1.5565236111111111	15.9462875
1549	1.4253209201388888	15.8106
1550	1.1696449652777778	15.879546875
1551	1.1823723090277778	15.9457859375
1552	1.3208272569444444	15.825653125
1553	1.1704158854166666	15.91399375
1554	1.295062673611111	15.90068125
1555	1.6178717013888888	15.8534078125
1556	2.1456142361111112	15.775821875
1557	1.5836315972222221	15.8133171875
1558	1.4518696180555555	15.8076109375
1559	1.6517354166666667	15.8757921875
1560	1.4456421875	15.897225
1561	1.227504513888889	15.879521875
1562	1.153963107638889	16.001475
1563	1.1826785590277777	15.929153125
1564	1.0242303819444445	15.970334375
1565	1.021069357638889	16.04645
1566	1.2524611979166667	15.9717734375
1567	1.4081003472222222	15.9134890625
1568	1.30287734375	15.93726875
1569	1.1872078993055555	15.9410875
1570	1.2279690104166667	16.0005140625
1571	1.1513565972222222	15.832471875
1572	1.0198098958333333	16.035484375
1573	0.9280553819444445	16.04033125
1574	0.9481665798611111	16.063209375
1575	1.0779786458333334	15.9958953125
1576	0.9326325520833333	16.1121859375
1577	0.8756964409722222	16.071996875
1578	1.0440283854166668	16.0321578125
1579	0.88606015625	16.0634578125
1580	1.128693142361111	15.988478125
1581	0.9935560763888889	16.05130625
1582	1.02097890625	16.091721875
1583	0.9921477430555555	16.008678125
1584	1.2305708333333334	16.056190625
1585	0.8839278645833333	16.043003125
1586	0.8404285590277778	16.1029953125
1587	0.7033868489583334	16.2772765625
1588	0.6569592447916667	16.152746875
1589	1.0174013888888889	16.1419875
1590	0.9773181423611111	16.085353125
1591	0.8972548611111111	16.2334578125
1592	0.8143744791666667	16.2536375
1593	0.7613591145833334	16.18110625
1594	0.8939269965277777	16.14285625
1595	0.8420984375	16.1419625
1596	0.7565335069444444	16.157740625
1597	0.6784366319444445	16.1958875
1598	0.7490672743055555	16.1664875
1599	0.9709677083333333	16.288890625
1600	0.9414484375	16.3193046875
1601	0.9374375868055556	16.1499
1602	0.9010177951388889	16.1670984375
1603	0.7610532118055555	16.1795390625
1604	0.7945520833333334	16.1131046875
1605	1.07826953125	16.176046875
1606	1.0125942708333333	16.1197515625
1607	0.8272563368055555	16.1540640625
1608	0.7363842881944445	16.227990625
1609	0.7483374131944445	16.1991421875
1610	0.717409375	16.207421875
1611	0.7583551215277777	16.32985
1612	0.9673754340277778	16.229034375
1613	0.7169944878472222	16.2175953125
1614	0.8476185763888889	16.1751609375
1615	0.7440770833333333	16.13910625
1616	0.6295552083333333	16.1870296875
1617	0.6996045138888889	16.355721875
1618	1.6179920138888888	16.23046875
1619	1.9015210069444444	16.0325921875
1620	1.1621972222222223	16.0825859375
1621	0.9345559895833333	16.1447640625
1622	0.8787144965277778	16.1995
1623	0.8821157118055556	16.1189234375
1624	0.9798647569444444	16.14909375
1625	0.7527660590277778	16.17979375
1626	0.7577215277777778	16.1908375
1627	0.8953256076388889	16.1877296875
1628	0.6953173177083334	16.3087203125
1629	0.49691857638888887	16.239046875
1630	0.517871875	16.2449359375
1631	0.4238037760416667	16.3637453125
1632	0.37690086805555556	16.3933984375
1633	0.4726517361111111	16.5096328125
1634	0.5722346354166666	16.41233125
1635	0.6015877604166666	16.3662875
1636	0.5179554253472223	16.4173375
1637	0.3617912326388889	16.3799984375
1638	0.6926723524305556	16.350553125
1639	0.9280924479166667	16.2037765625
1640	0.6679789930555555	16.429915625
1641	0.5869365885416666	16.3686640625
1642	0.5484565972222222	16.3984109375
1643	0.5762173177083333	16.425346875
1644	0.43388311631944443	16.38553125
1645	0.5593694010416667	16.4596625
1646	0.4411716145833333	16.4288
1647	0.4445381944444444	16.4101796875
1648	0.6122322482638889	16.3949640625
1649	0.4567939670138889	16.3254875
1650	0.35008407118055557	16.4232703125
1651	0.42423389756944446	16.3987375
1652	0.480995703125	16.4968859375
1653	0.3181486545138889	16.549034375
1654	0.48350230034722225	16.3820078125
1655	0.46535846354166666	16.4434703125
1656	0.25086397569444446	16.5282890625
1657	0.35199665798611113	16.5018484375
1658	0.4722703125	16.5197046875
1659	0.5696860243055556	16.4471578125
1660	0.5075949652777778	16.33324375
1661	0.4590822482638889	16.42
1662	0.2736851345486111	16.4712046875
1663	0.46528151041666665	16.4310296875
1664	0.5108806423611111	16.3427734375
1665	0.31355787760416665	16.467209375
1666	0.3186193576388889	16.42370625
1667	0.2543699652777778	16.491821875
1668	0.1524000217013889	16.5774234375
1669	0.29479908854166664	16.4501640625
1670	0.18817866753472223	16.3924234375
1671	0.16485345052083333	16.605903125
1672	0.2894435763888889	16.614559375
1673	0.15875728081597223	16.5302375
1674	0.07959147135416667	16.61318125
1675	0.019099565972222222	16.6334375
1676	0.023123391384548612	16.6269
1677	0.023473014322916666	16.654471875
1678	0.15167403428819445	16.544884375
1679	0.026269284396701387	16.640340625
1680	0.19577645399305554	16.60311875
1681	0.10737572699652778	16.575959375
1682	0.20277810329861112	16.4854796875
1683	0.28211449652777776	16.5703078125
1684	0.2823296223958333	16.6375171875
1685	0.1140470486111111	16.676365625
1686	0.17262574869791666	16.579090625
1687	0.489123046875	16.5244
1688	0.4949197048611111	16.65263125
1689	0.5300276475694444	16.4730484375
1690	0.38256796875	16.437428125
1691	0.2513300347222222	16.688290625
1692	0.2669064236111111	16.5845890625
1693	0.13057835286458333	16.6517328125
1694	0.011852731662326388	16.619340625
1695	0.037626220703125	16.62723125
1696	0.09815366753472222	16.6937484375
1697	0.006470556640625	16.6608703125
1698	0.1319036675347222	16.6069328125
1699	0.08095837673611112	16.6856859375
1700	0.016629058159722224	16.6307015625
1701	-0.007499533420138889	16.6865046875
1702	-0.13991412760416666	16.7744234375
1703	-0.15538275824652778	16.850784375
1704	0.08564454210069444	16.68050625
1705	-0.08073508029513889	16.7529640625
1706	0.1734506618923611	16.6435328125
1707	0.3457929036458333	16.575525
1708	0.09069049479166667	16.664528125
1709	-0.1380267361111111	16.6557984375
1710	-0.07909281684027777	16.597284375
1711	-0.060526323784722225	16.6501421875
1712	0.08721393771701388	16.726653125
