mass_1	mass_2	phase	time	distance	a_1	a_2	tilt_1	tilt_2	phi_12	phi_jl	theta_jn	psi	ra	dec
0.03213	0.07915	0.0013	0.03253	0.04068	0.00555	0.01584	0.00242	0.00428	0.00808	0.00781	0.02641	0.00438	0.03081	0.03712
0.02183	0.04398	0.00155	0.04245	0.04327	0.0023	0.01078	0.00775	0.01193	0.00406	0.00291	0.014	0.00359	0.04348	0.01412
0.015	0.05148	0.00259	0.0573	0.03236	0.00685	0.02281	0.00273	0.00535	0.00266	0.00584	0.01436	0.00188	0.048	0.06863
0.01793	0.05777	0.00152	0.04722	0.02134	0.00381	0.01919	0.00247	0.00472	0.0035	0.00984	0.01351	0.00219	0.04273	0.01526
0.01335	0.03311	0.00144	0.03376	0.03078	0.00409	0.01512	0.00392	0.00308	0.00274	0.01379	0.0222	0.00423	0.02797	0.05294
0.01123	0.0199	0.00151	0.0298	0.0407	0.00213	0.00878	0.00164	0.00237	0.00315	0.01418	0.01495	0.00253	0.0342	0.0449
0.00845	0.01897	0.00192	0.02576	0.02037	0.00307	0.00422	0.00223	0.00229	0.00238	0.01793	0.01021	0.00234	0.02175	0.03071
0.03731	0.02099	0.00202	0.0577	0.02922	0.00445	0.00497	0.00449	0.00255	0.00297	0.01336	0.00832	0.00255	0.04571	0.03251
0.03798	0.01749	0.0018	0.02449	0.02355	0.00193	0.00304	0.00366	0.00168	0.00311	0.01577	0.01252	0.00149	0.02162	0.03392
0.01319	0.02219	0.0014	0.02253	0.02344	0.00203	0.00605	0.0015	0.00359	0.00155	0.01182	0.0082	0.00158	0.01552	0.02384
0.03578	0.03168	0.00151	0.02784	0.01844	0.01086	0.01517	0.00222	0.0025	0.0026	0.00419	0.00883	0.00136	0.02283	0.03431
0.01796	0.03392	0.00212	0.01761	0.02067	0.00361	0.02511	0.00166	0.00343	0.002	0.01045	0.0202	0.00255	0.01533	0.02542
0.01836	0.02341	0.00169	0.03796	0.02625	0.00146	0.00992	0.00812	0.00336	0.00225	0.01098	0.02136	0.00155	0.03095	0.03286
0.02632	0.0234	0.00164	0.03233	0.03202	0.00122	0.00491	0.00757	0.00471	0.00213	0.00975	0.01837	0.00357	0.02224	0.04068
0.01725	0.0213	0.00146	0.05732	0.04404	0.00091	0.00238	0.00225	0.0027	0.00372	0.00775	0.01864	0.00276	0.0445	0.05945
0.00946	0.01325	0.00154	0.03595	0.02337	0.00109	0.00141	0.00185	0.00242	0.00353	0.00294	0.01512	0.00267	0.03603	0.05834
0.01716	0.01648	0.0017	0.02007	0.01374	0.00897	0.00491	0.00217	0.00311	0.00208	0.0039	0.009	0.00271	0.01638	inf
0.00825	0.0226	0.00318	0.0294	0.02665	0.00103	0.0081	0.00191	0.00251	0.00173	0.00238	0.00872	0.00164	0.02136	0.02209
0.00928	0.018	0.00216	0.02332	0.01263	0.00244	0.01195	0.00397	0.00311	0.00182	0.00901	0.00952	0.00257	0.01062	0.01365
0.00952	0.03255	0.0018	0.03145	0.03103	0.00075	0.0044	0.00299	0.00156	0.00116	0.00437	0.01196	0.00359	0.02932	0.03529
0.01217	0.02181	0.00147	0.02193	0.00828	0.00237	0.01081	0.00177	0.00235	0.0015	0.00327	0.02031	0.00118	0.022	0.02116
0.0064	0.01329	0.00211	0.01591	0.02753	0.00624	0.01576	0.00272	0.00184	0.00111	0.00407	0.01364	0.00068	0.01455	0.0179
0.01474	0.02851	0.00122	0.01231	0.01304	0.01021	0.017	0.00611	0.00409	0.00153	0.00362	0.00844	0.00129	0.01727	0.01952
0.0085	0.02089	0.00139	0.02792	0.01535	0.00508	0.01405	0.00264	0.00222	0.00188	0.00766	0.00647	0.00133	0.02339	0.02304
0.01576	0.01465	0.00218	0.01979	0.01453	0.01076	0.0158	0.00262	0.00323	0.00202	0.0055	0.01087	0.00199	0.01318	0.02097
0.01183	0.0317	0.00087	0.0237	0.01979	0.00314	0.01602	0.00196	0.0034	0.00153	0.01036	0.01581	0.00198	0.01692	0.01866
0.05076	0.01478	0.00215	0.02654	0.0164	0.00915	0.01444	0.00778	0.00649	0.00141	0.00372	0.00419	0.00109	0.01526	0.03176
0.02768	0.01179	0.00146	0.01802	0.01085	0.00365	0.01223	0.00388	0.00373	0.00206	0.00114	0.00668	0.00124	0.01582	0.02544
0.02437	0.02121	0.00153	0.03649	0.01148	0.00752	0.01542	0.00864	0.00461	0.0016	0.00354	0.0036	0.00159	0.02477	0.03471
0.01265	0.01099	0.0016	0.02987	0.02898	0.00215	0.01253	0.00321	0.00424	0.00165	0.00313	0.00953	0.00141	0.0277	0.04137
0.0162	0.01436	0.00168	0.03059	0.01869	0.00228	0.00658	0.00565	0.00411	0.00197	0.01823	0.01813	0.00277	0.02382	0.02082
0.05093	0.01548	0.00203	0.01845	0.0275	0.00566	0.0096	0.00285	0.00271	0.00192	0.00584	0.01868	0.00297	0.01516	0.03295
0.02263	0.02433	0.00175	0.03087	0.03085	0.00184	0.01362	0.00185	0.00273	0.00216	0.00295	0.00833	0.00218	0.02289	0.02072
0.0169	0.01821	0.00175	0.01006	0.03114	0.00593	0.00418	0.00401	0.00221	0.00174	0.00539	0.01647	0.00268	0.00788	0.0143
0.01846	0.01711	0.00101	0.02753	0.01447	0.0032	0.00842	0.00366	0.00213	0.00114	0.00414	0.01016	0.00402	0.02047	0.03622
0.00894	0.01714	0.00104	0.02615	0.0162	0.00428	0.00358	0.00296	0.0029	0.00147	0.00454	0.01382	0.00383	0.02297	0.02743
0.02377	0.0221	0.00137	0.02748	0.02634	0.00286	0.00675	0.0041	0.00266	0.00152	0.00441	0.02383	0.00334	0.01938	0.03022
0.0168	0.01828	0.00068	0.02968	0.04059	0.00301	0.01085	0.01341	0.00257	0.00167	0.00525	0.01794	0.002	0.02606	0.02991
0.01125	0.01464	0.0014	0.02302	0.03438	0.00225	0.00912	0.0036	0.00415	0.00098	0.01153	0.02178	0.00367	0.01709	0.02444
0.02207	0.02366	0.00087	0.02142	0.02775	0.00513	0.00452	0.00662	0.00134	0.00206	0.00588	0.01635	0.00338	0.01659	0.02999
0.02114	0.01343	0.0022	0.04134	0.04137	0.00181	0.00298	0.00288	0.00291	0.00112	0.00837	0.02065	0.00344	0.03767	0.0528
0.0176	0.0331	0.00284	0.02658	0.02434	0.00434	0.0178	0.00176	0.0037	0.00127	0.0131	0.02058	0.0036	0.02516	0.04715
0.02289	0.0189	0.00278	0.01818	0.02678	0.00413	0.01285	0.00318	0.00409	0.00069	0.00444	0.01732	0.0049	0.01305	0.0268
0.02818	0.01715	0.00321	0.01788	0.03628	0.00274	0.00582	0.00142	0.00195	0.00113	0.00263	0.03924	0.00397	0.01505	0.03658
0.03157	0.03323	0.00374	0.02796	0.0273	0.00216	0.00336	0.0025	0.00161	0.00305	0.00452	0.0205	0.00281	0.0198	0.05038
0.02213	0.02024	0.00295	0.02841	0.03451	0.0018	0.00462	0.00203	0.0024	0.00119	0.00637	0.0228	0.00325	0.02543	0.05759
0.02025	0.01205	0.00149	0.02504	0.03315	0.00335	0.01062	0.00382	0.00466	0.00211	0.00435	0.0326	0.00221	0.0143	0.02005
0.01501	0.01426	0.00182	0.03113	0.03923	0.00679	0.00862	0.00403	0.00259	0.00181	0.00477	0.01849	0.00132	0.01506	0.01929
0.00883	0.01578	0.00205	0.02799	0.0201	0.00354	0.00817	0.0047	0.00359	0.00196	0.00417	0.01277	0.001	0.01865	0.02291
0.02847	0.017	0.00097	0.03533	0.02085	0.00374	0.01484	0.00475	0.00435	0.00156	0.00499	0.00752	0.00226	0.02617	0.03052
0.01718	0.01899	0.00119	0.02997	0.01736	0.00183	0.01841	0.01102	0.00435	0.00159	0.00612	0.00697	0.00228	0.01296	0.02993
0.01731	0.01486	0.0034	0.04403	0.01614	0.00355	0.02744	0.00844	0.00395	0.00133	0.00558	0.00795	0.00544	0.04054	0.04502
0.01524	0.01836	0.00146	0.02089	0.01181	0.00225	0.00472	0.0092	0.00374	0.00118	0.00338	0.00683	0.00385	0.0198	0.03487
0.01293	0.02307	0.00347	0.02111	0.00565	0.00268	0.01387	0.00473	0.00388	0.00121	0.00313	0.01201	0.00395	0.01245	0.01878
0.01955	0.01804	0.00145	0.0206	0.00912	0.00443	0.00731	0.00271	0.00281	0.00092	0.00885	0.01226	0.00231	0.01952	0.01468
0.01303	0.01414	0.00247	0.04229	0.02299	0.00335	0.00559	0.00242	0.00232	0.00114	0.00323	0.00994	0.00165	0.04254	0.01353
0.01952	0.03796	0.00207	0.03454	0.01615	0.00363	0.01983	0.00228	0.00807	0.00228	0.00239	0.01317	0.00167	0.03082	0.02352
0.01086	0.02451	0.00187	0.01267	0.00504	0.00221	0.01932	0.00208	0.00643	0.00133	0.00209	0.01206	0.00168	0.00784	0.008
0.01697	0.0216	0.00095	0.01959	0.0052	0.00501	0.01469	0.00202	0.00917	0.00093	0.00147	0.0102	0.00142	0.02114	0.02157
0.01853	0.01801	0.00131	0.03613	0.01098	0.00348	0.00666	0.00166	0.00215	0.00174	0.00368	0.01034	0.0012	0.0281	0.01583
0.00708	0.02287	0.00078	0.01875	0.01146	0.0025	0.01464	0.00248	0.00244	0.00214	0.00281	0.01052	0.00181	0.01247	0.01427
0.00826	0.01996	0.00093	0.0083	0.01467	0.00452	0.00664	0.01599	0.0023	0.00414	0.00113	0.01373	0.00276	0.00693	0.00966
0.01118	0.02143	0.00189	0.01453	0.00694	0.00743	0.00921	0.00722	0.0017	0.00199	0.00326	0.00967	0.00228	0.01144	0.01789
0.01087	0.01886	0.00408	0.00513	0.0026	0.00285	0.0156	0.0048	0.00191	0.00306	0.00485	0.01307	0.00162	0.00625	0.0197
0.00897	0.02198	0.00148	0.03762	0.01504	0.003	0.0029	0.00771	0.00269	0.00129	0.00164	0.0184	0.00209	0.03335	0.02265
0.01236	0.02447	0.0023	0.01234	0.00811	0.00249	0.00348	0.00632	0.00258	0.00157	0.00398	0.00926	0.00313	0.00902	0.01571
0.01812	0.04714	0.00179	0.01412	0.00597	0.00234	0.00614	0.00378	0.00279	0.0022	0.01268	0.0121	0.00356	0.01387	0.02529
0.01323	0.0221	0.0011	0.01753	0.00911	0.00265	0.00835	0.00279	0.00184	0.00152	0.00581	0.01252	0.00153	0.01757	0.01463
0.01638	0.03046	0.00153	0.01828	0.01351	0.00512	0.01879	0.00668	0.00195	0.00235	0.00754	0.00991	0.00194	0.01188	0.02337
0.01222	0.02785	0.00169	0.04329	0.02972	0.00534	0.02091	0.00432	0.00283	0.00345	0.00605	0.01218	0.00726	0.04205	0.04467
0.00859	0.02636	0.00076	0.02567	0.0269	0.00346	0.02291	0.00451	0.00257	0.00437	0.00603	0.02074	0.00406	0.01791	0.01739
0.01373	0.02447	0.00153	0.02456	0.0169	0.00195	0.01186	0.00788	0.00173	0.00331	0.00472	0.01303	0.00247	0.0147	0.02394
0.02004	0.02781	0.0013	0.02389	0.00813	0.00761	0.03097	0.00371	0.00417	0.00267	0.00894	0.01771	0.00282	0.02212	0.02599
0.02087	0.02765	0.00074	0.05525	0.01095	0.00286	0.01434	0.00189	0.00167	0.00185	0.01665	0.01906	0.00444	0.04846	0.02256
0.02153	0.02443	0.00257	0.02946	0.01092	0.00239	0.00767	0.00228	0.00378	0.00342	0.01703	0.01561	0.00234	0.02112	0.0343
0.01076	0.02161	0.00363	0.02987	0.01309	0.00234	0.00405	0.00202	0.00241	0.00122	0.00606	0.01181	0.00189	0.02412	0.05203
0.00716	0.02838	0.00232	0.03269	0.00952	0.0024	0.00673	0.00421	0.00675	0.00268	0.01195	0.01314	0.00102	0.01617	0.03447
0.00767	0.01828	0.00168	0.056	0.01938	0.00421	0.00651	0.00275	0.00411	0.0023	0.00561	0.00859	0.00306	0.05024	0.06294
0.01278	0.02662	0.00259	0.03626	0.01894	0.00788	0.00824	0.00196	0.0031	0.00128	0.00729	0.01305	0.00862	0.03116	0.03171
0.00681	0.03293	0.00122	0.0239	0.00987	0.00487	0.01347	0.00158	0.00348	0.00154	0.0102	0.02144	0.00147	0.01846	0.03112
0.00675	0.01982	0.00147	0.02408	0.01094	0.00115	0.00503	0.0021	0.00185	0.00217	0.00505	0.02348	0.0071	0.02102	0.04132
0.01388	0.02674	0.00085	0.03953	0.01318	0.01052	0.00662	0.00364	0.00223	0.00282	0.00238	0.01472	0.00237	0.02467	0.02749
0.03152	0.02333	0.00183	0.02419	0.01468	0.01442	0.01901	0.0034	0.00268	0.00378	0.00321	0.01346	0.00297	0.01192	0.02179
0.01213	0.04283	0.00183	0.02534	0.01342	0.00231	0.00812	0.01125	0.00185	0.00197	0.00338	0.01416	0.00487	0.02236	0.02283
0.01198	0.02734	0.00306	0.04835	0.029	0.00414	0.00577	0.00886	0.00187	0.00311	0.0029	0.01271	0.00559	0.0407	0.04537
0.03038	0.04593	0.00248	0.03011	0.01673	0.00237	0.0088	0.00277	0.00651	0.00176	0.00155	0.01213	0.00262	0.02664	0.03317
0.02549	0.02582	0.00176	0.02921	0.02458	0.00176	0.00589	0.00244	0.00198	0.00245	0.00284	0.00791	0.0033	0.02712	0.01554
0.02878	0.02974	0.0019	0.0159	0.00607	0.00349	0.0035	0.00278	0.00197	0.00297	0.00327	0.00578	0.00319	0.01188	0.02191
0.01085	0.0224	0.00157	0.03845	0.03683	0.00265	0.00368	0.00191	0.00115	0.00328	0.00613	0.00628	0.00255	0.03287	0.03936
0.01219	0.02634	0.00215	0.01796	0.01386	0.00188	0.00537	0.00337	0.00148	0.0022	0.00336	0.00774	0.00387	0.0148	0.02536
0.01199	0.0299	0.00331	0.04576	0.02571	0.00428	0.01194	0.00314	0.00222	0.00112	0.00456	0.01016	0.00678	0.02748	0.0286
0.01377	0.04024	0.00255	0.01558	0.01554	0.01554	0.03081	0.00556	0.00339	0.00321	0.00989	0.00887	0.00311	0.00667	0.01789
0.01619	0.01731	0.00182	0.02886	0.01475	0.00178	0.00402	0.00181	0.00281	0.0011	0.00537	0.00886	0.00175	0.01518	0.05209
0.04015	0.01745	0.00169	0.03428	0.03363	0.00794	0.00891	0.00539	0.00441	0.0023	0.00429	0.01247	0.0017	0.02427	0.0272
0.03171	0.01637	0.00409	0.03945	0.01422	0.00178	0.00369	0.00254	0.00301	0.00365	0.0024	0.01311	0.0029	0.02366	0.01746
0.04807	0.01977	0.00417	0.03406	0.01245	0.00652	0.00609	0.00647	0.00544	0.00199	0.00339	0.01929	0.0029	0.03203	0.01751
0.01802	0.0317	0.00389	0.03485	0.01588	0.01443	0.01305	0.00416	0.0044	0.00219	0.00541	0.014	0.00392	0.03218	0.01806
0.032	0.02153	0.00236	0.05186	0.02565	0.01248	0.01405	0.00398	0.00549	0.00192	0.00727	0.00596	0.00605	0.04508	0.03702
0.02868	0.02105	0.00172	0.04475	0.02892	0.01005	0.00484	0.0036	0.00222	0.00227	0.00548	0.00692	0.00649	0.03957	0.02579
0.02882	0.01761	0.00195	0.03809	0.01456	0.00898	0.00263	0.00652	0.00239	0.00202	0.00725	0.00518	0.00338	0.03394	0.03735
0.03061	0.01629	0.00117	0.04913	0.01235	0.0034	0.00583	0.00228	0.00226	0.00209	0.00643	0.00641	0.00206	0.03084	0.03755
0.01787	0.02131	0.00418	0.02532	0.01235	0.00588	0.01038	0.00421	0.00301	0.00186	0.00574	0.01024	0.00145	0.02315	0.0304
0.03002	0.0209	0.0029	0.02575	0.00853	0.00198	0.00488	0.00169	0.01098	0.00263	0.0065	0.00991	0.00141	0.0177	0.03536
0.01603	0.02338	0.0019	0.0447	0.01726	0.00708	0.00198	0.00602	0.00524	0.00169	0.01047	0.00542	0.00334	0.04049	0.03916
0.02164	0.02058	0.00192	0.0362	0.00898	0.00292	0.00997	0.00319	0.0071	0.00131	0.0061	0.00467	0.00479	0.02522	0.03889
0.033	0.02441	0.00196	0.025	0.00999	0.00568	0.01918	0.00204	0.01517	0.00287	0.00743	0.00573	0.00336	0.01524	0.01941
0.01788	0.02014	0.00156	0.03611	0.01017	0.00728	0.01429	0.00802	0.00507	0.00236	0.00329	0.00805	0.00187	0.02258	0.03321
0.02254	0.02541	0.00174	0.03261	0.01318	0.00785	0.00396	0.00398	0.00558	0.00381	0.00491	0.01459	0.00189	0.03111	0.01677
0.02636	0.02288	0.00107	0.02017	0.00309	0.00677	0.01019	0.00311	0.00794	0.00395	0.00447	0.01006	0.00331	0.01274	0.02226
0.04108	0.03184	0.00123	0.026	0.00763	0.00901	0.00532	0.00353	0.00529	0.00186	0.00363	0.0128	0.00064	0.0245	0.01752
0.01939	0.01839	0.00166	0.02336	0.00713	0.00202	0.003	0.00139	0.0036	0.00305	0.00312	0.00932	0.00221	0.02877	0.01
0.03523	0.02136	0.00136	0.02503	0.00585	0.00519	0.01077	0.00164	0.00509	0.00262	0.00418	0.00897	0.00182	0.02815	0.02761
0.0663	0.01876	0.00242	0.03559	0.01266	0.00383	0.00847	0.00375	0.00516	0.00313	0.00313	0.00781	0.00496	0.03599	0.00474
0.01636	0.01969	0.00162	0.05583	0.01683	0.00437	0.0035	0.00369	0.0046	0.00288	0.00419	0.01889	0.00295	0.04117	0.01194
0.04152	0.01922	0.00083	0.04161	0.01138	0.0027	0.00855	0.00247	0.00594	0.00291	0.00587	0.01092	0.00142	0.0346	0.04424
0.02761	0.02377	0.00216	0.04239	0.00676	0.00214	0.0088	0.00254	0.00555	0.00164	0.00112	0.01303	0.0017	0.03202	0.01459
0.01487	0.01975	0.0012	0.02038	0.00509	0.00192	0.0046	0.00184	0.00649	0.00217	0.00552	0.01104	0.00106	0.01034	0.01161
0.01292	0.02723	0.00207	0.03892	0.00495	0.00422	0.01367	0.00202	0.00505	0.00157	0.00759	0.02461	0.00269	0.02908	0.01913
0.02008	0.03472	0.00182	0.02931	0.00304	0.00226	0.00255	0.01453	0.00759	0.00082	0.00391	0.02902	0.00168	0.02608	0.02376
0.01313	0.02404	0.00128	0.02848	0.00642	0.00423	0.00322	0.00758	0.00656	0.00152	0.0099	0.01346	0.00053	0.01364	0.02641
0.0429	0.02145	0.00099	0.03409	0.03503	0.0063	0.00465	0.0025	0.00462	0.0019	0.00529	0.01756	0.0006	0.0318	0.02096
0.02725	0.02273	0.00337	0.03348	0.03361	0.00297	0.00786	0.0027	0.00264	0.00317	0.00109	0.02057	0.0011	0.03118	0.03346
0.01963	0.02581	0.00132	0.0342	0.01882	0.00378	0.00365	0.00236	0.00344	0.00124	0.00189	0.02034	0.00151	0.02451	0.03136
0.0318	0.01878	0.00139	0.03302	0.02214	0.00292	0.00707	0.00264	0.00651	0.00207	0.00154	0.01404	0.00104	0.03014	0.02777
0.01168	0.0238	0.00174	0.04352	0.04346	0.00399	0.00862	0.00682	0.00286	0.00221	0.00548	0.01245	0.00069	0.03435	0.05336
0.00928	0.03981	0.0016	0.04794	0.03258	0.0031	0.00625	0.00172	0.00366	0.00181	0.0063	0.01816	0.00244	0.05301	0.0185
0.00626	0.02751	0.00106	0.04299	0.03098	0.00227	0.01011	0.00325	0.00326	0.00256	0.00278	0.01595	0.00036	0.03606	0.03797
0.01202	0.03475	0.00213	0.04866	0.03251	0.00456	0.00651	0.00547	0.00258	0.00303	0.00898	0.02075	0.00168	0.04306	0.04229
0.00753	0.03037	0.00393	0.03494	0.02378	0.00392	0.02348	0.00332	0.00448	0.0028	0.00568	0.02204	0.0005	0.03355	0.0215
0.0105	0.0336	0.00158	0.04408	0.02366	0.00222	0.01346	0.00264	0.00308	0.0019	0.00314	0.02076	0.00235	0.03676	0.05277
0.01284	0.0386	0.00277	0.02868	0.03411	0.0035	0.01025	0.00242	0.00198	0.00346	0.00279	0.01279	0.00115	0.01927	0.01745
0.0526	0.02954	0.00423	0.01408	0.02266	0.00644	0.00788	0.00374	0.00552	0.0029	0.00175	0.01952	0.00043	0.01251	0.01734
0.04157	0.02804	0.00451	0.03142	0.01576	0.00554	0.00556	0.00247	0.00687	0.00214	0.00342	0.01358	0.00065	0.02516	0.02906
0.02017	0.03064	0.00504	0.02363	0.00952	0.00656	0.01144	0.00338	0.00647	0.00219	0.00543	0.01218	0.00189	0.01566	0.0331
0.02648	0.02145	0.00412	0.02154	0.0171	0.00362	0.0078	0.00177	0.00465	0.00183	0.00229	0.01689	0.0003	0.01362	0.01601
0.02505	0.01717	0.00436	0.00911	0.01084	0.00555	0.01885	0.00346	0.00532	0.00255	0.00139	0.01942	0.0003	0.00345	0.0134
0.04603	0.02051	0.00134	0.04894	0.02048	0.00478	0.0051	0.00936	0.00717	0.00295	0.0016	0.01237	0.00094	0.04286	0.06112
0.03067	0.02071	0.00201	0.03898	0.0243	0.00392	0.00686	0.00396	0.0047	0.00336	0.00161	0.01507	0.00239	0.03482	0.01105
0.01547	0.01836	0.00321	0.02988	0.02156	0.00518	0.00431	0.00197	0.00471	0.00298	0.00454	0.01599	0.00136	0.02436	0.03274
0.02727	0.01759	0.0014	0.01897	0.01743	0.00571	0.00342	0.00348	0.00288	0.00118	0.00111	0.01492	0.00109	0.01219	0.01937
0.02582	0.02613	0.00339	0.03832	0.02212	0.00571	0.01086	0.003	0.00423	0.00087	0.00375	0.01673	0.00109	0.0342	0.01745
0.0482	0.01879	0.00566	0.02561	0.01909	0.00811	0.02032	0.00257	0.00729	0.00274	0.00084	0.01925	0.00111	0.03324	0.04645
0.01619	0.02426	0.00951	0.03228	0.03919	0.00816	0.01285	0.0043	0.00485	0.00246	0.00744	0.01759	0.00077	0.03805	0.01672
0.01975	0.02211	0.01117	0.0233	0.03291	0.00903	0.00503	0.00131	0.00299	0.0012	0.00466	0.01771	0.00019	0.02125	0.01999
0.01277	0.04385	0.00717	0.03622	0.0278	0.00712	0.00954	0.00302	0.00301	0.00109	0.00281	0.01297	0.00087	0.04168	0.01984
0.01424	0.04845	0.00404	0.02446	0.01675	0.00658	0.01595	0.00532	0.00246	0.00057	0.00472	0.01543	0.00035	0.01982	0.02966
0.02404	0.05843	0.00629	0.02128	0.01466	0.00971	0.02158	0.00886	0.00193	0.00058	0.00559	0.01097	0.00092	0.02081	0.02356
0.01431	0.03231	0.00522	0.04182	0.03594	0.00692	0.00679	0.00604	0.00189	0.00062	0.00367	0.01568	0.00305	0.04128	0.02852
0.01199	0.02606	0.00443	0.01992	0.01492	0.00824	0.01162	0.00648	0.00288	0.00078	0.00396	0.02082	0.00249	0.01691	0.02612
0.01175	0.02804	0.00356	0.02744	0.02363	0.0139	0.00864	0.00335	0.00232	0.00125	0.00226	0.01752	0.00101	0.02278	0.04906
0.01099	0.03081	0.00492	0.02018	0.01129	0.00887	0.01383	0.00688	0.00186	0.00108	0.00368	0.01787	0.00081	0.01373	0.01481
0.01127	0.03533	0.00162	0.01794	0.01411	0.00709	0.00412	0.00537	0.00129	0.0006	0.00325	0.0143	0.00069	0.01052	0.0198
0.01081	0.02696	0.00204	0.04903	0.03175	0.00408	0.00781	0.00245	0.0015	0.00087	0.00434	0.01203	0.0014	0.0314	0.00803
0.0111	0.02237	0.00257	0.03645	0.01805	0.00799	0.00571	0.00146	0.00314	0.00141	0.00261	0.01134	0.00266	0.03646	0.01637
0.01261	0.0284	0.00284	0.01311	0.0125	0.00796	0.00504	0.0048	0.00257	0.0006	0.00303	0.01774	0.0012	0.01463	0.01766
0.01383	0.02634	0.00253	0.02493	0.01681	0.01474	0.0092	0.01137	0.00326	0.00157	0.00486	0.00827	0.00093	0.02159	0.0316
0.00924	0.02606	0.0029	0.03328	0.03265	0.01367	0.00474	0.00398	0.00204	0.00116	0.00892	0.00839	0.00045	0.02443	0.03742
0.00813	0.02217	0.00482	0.02279	0.02387	0.0045	0.00285	0.00216	0.00226	0.0016	0.00248	0.00931	0.00076	0.00949	0.01979
0.01453	0.0255	0.00478	0.02164	0.02337	0.01376	0.00614	0.0023	0.00236	0.00162	0.00592	0.00732	0.0007	0.01666	0.01851
0.02437	0.01818	0.0028	0.02654	0.01478	0.01248	0.01118	0.00205	0.00273	0.00138	0.00438	0.01022	0.00257	0.02007	0.03712
0.01482	0.02582	0.0054	0.01775	0.00842	0.00819	0.01633	0.00224	0.00212	0.0015	0.00253	0.01598	0.00081	0.01806	0.0186
0.01193	0.02769	0.00509	0.0074	0.00815	0.00505	0.01473	0.00272	0.00234	0.00216	0.00236	0.01588	0.00139	0.01024	0.01309
0.03514	0.03687	0.00448	0.05116	0.01371	0.00564	0.0151	0.00449	0.00528	0.00158	0.00254	0.0121	0.00349	0.04272	0.04644
0.01868	0.03297	0.00437	0.02746	0.02829	0.00654	0.01963	0.00257	0.00541	0.00143	0.00364	0.02047	0.00208	0.01995	0.02539
0.02456	0.02189	0.00205	0.01766	0.0302	0.00688	0.01058	0.00239	0.00121	0.00183	0.00427	0.01889	0.00171	0.0189	0.02235
0.01887	0.01988	0.00298	0.03868	0.05037	0.00764	0.01351	0.0022	0.00216	0.00117	0.00664	0.02532	0.00333	0.03499	0.04217
0.0189	0.02147	0.0038	0.02536	0.02278	0.00574	0.01026	0.00213	0.00204	0.001	0.00488	0.01859	0.00103	0.02517	0.03802
0.02415	0.03002	0.00338	0.01862	0.02349	0.00774	0.00964	0.00158	0.0029	0.00142	0.00664	0.01157	0.00202	0.0116	0.02411
0.03189	0.02117	0.00571	0.02599	0.01088	0.00516	0.00756	0.00804	0.00829	0.00211	0.00144	0.01024	0.0025	0.02027	0.01984
0.02505	0.02639	0.00635	0.01495	0.01603	0.00422	0.00288	0.00148	0.00362	0.00153	0.00264	0.01433	0.00378	0.01049	0.01595
0.02691	0.02683	0.00703	0.03719	0.01833	0.00681	0.00655	0.00172	0.00309	0.00124	0.0032	0.00806	0.00109	0.02719	0.0378
0.05324	0.02659	0.00365	0.01854	0.00947	0.00813	0.00674	0.00402	0.0026	0.00288	0.00239	0.01344	0.00216	0.01591	0.024
0.02177	0.03462	0.003	0.03529	0.01592	0.00595	0.00585	0.00216	0.00194	0.00187	0.00312	0.00798	0.00312	0.03322	0.01274
0.03181	0.02859	0.00752	0.02253	0.00967	0.00397	0.00585	0.0018	0.00353	0.00207	0.0011	0.00709	0.00055	0.01969	0.0156
0.01673	0.03034	0.01004	0.04336	0.02294	0.00466	0.00237	0.00264	0.00287	0.00104	0.00148	0.00691	0.00072	0.04102	0.03219
0.02206	0.03996	0.00536	0.02919	0.00785	0.00452	0.00165	0.00375	0.00215	0.00122	0.00136	0.01181	0.00176	0.02563	0.03055
0.02348	0.03083	0.00239	0.04079	0.01596	0.00577	0.00239	0.00234	0.00323	0.00141	0.0041	0.00939	0.0021	0.03097	0.0348
0.02863	0.02734	0.00341	0.02111	0.02356	0.00432	0.00233	0.00206	0.00376	0.00105	0.0022	0.00944	0.00142	0.01961	0.01776
0.03787	0.02362	0.00385	0.02997	0.02473	0.00487	0.0032	0.00168	0.00286	0.0008	0.00524	0.01444	0.00305	0.02955	0.02391
0.023	0.02878	0.00453	0.02679	0.02597	0.00521	0.0023	0.00346	0.00366	0.00075	0.00386	0.01351	0.00266	0.02865	0.03065
0.04447	0.02519	0.00271	0.03385	0.01835	0.00586	0.00268	0.00192	0.00338	0.00057	0.00359	0.01493	0.00332	0.03086	0.03385
0.04839	0.02828	0.00273	0.0287	0.01222	0.00366	0.00389	0.00283	0.00316	0.00124	0.00243	0.00962	0.00115	0.01719	0.02443
0.03432	0.03319	0.00107	0.02572	0.01922	0.00273	0.00218	0.00232	0.00389	0.0022	0.0022	0.00998	0.0032	0.02157	0.04342
0.01999	0.03655	0.00173	0.03129	0.0191	0.00348	0.00188	0.00664	0.00349	0.00139	0.00383	0.018	0.00692	0.02932	0.03935
0.01494	0.03784	0.0015	0.02489	0.01202	0.00363	0.00319	0.0055	0.00739	0.00116	0.00182	0.01693	0.00196	0.01529	0.02702
0.02059	0.03276	0.0025	0.03449	0.02495	0.00431	0.00489	0.00133	0.00195	0.00174	0.00169	0.02027	0.00286	0.03337	0.04702
0.01416	0.02831	0.00243	0.01624	0.01508	0.00531	0.00424	0.00221	0.00163	0.0013	0.00305	0.01469	0.00176	0.01644	0.03933
0.01442	0.02026	0.00418	0.03276	0.02118	0.0051	0.00459	0.00309	0.00198	0.00254	0.00203	0.00892	0.00461	0.03512	0.0667
0.01422	0.01899	0.00289	0.03417	0.03197	0.00453	0.0041	0.00183	0.00203	0.00131	0.00407	0.01554	0.00704	0.02609	0.03671
0.03485	0.02251	0.00437	0.02643	0.00871	0.00259	0.00269	0.0025	0.00278	0.00288	0.00307	0.0124	0.00255	0.02533	0.02392
0.02271	0.0168	0.00268	0.0382	0.03003	0.00489	0.00434	0.00135	0.00273	0.00193	0.00226	0.01051	0.00446	0.03832	0.04166
0.01414	0.0264	0.00143	0.03556	0.01939	0.0043	0.00458	0.00194	0.00128	0.00075	0.00318	0.01184	0.00215	0.0349	0.05666
0.00883	0.02693	0.00237	0.02408	0.02237	0.00392	0.00171	0.00296	0.00184	0.00252	0.0033	0.01469	0.00179	0.02783	0.02948
0.01519	0.02	0.00358	0.02442	0.01582	0.00543	0.00112	0.00471	0.00287	0.00125	0.00388	0.01336	0.001	0.02266	0.02635
0.01537	0.02179	0.00421	0.03224	0.013	0.00654	0.00088	0.00159	0.00174	0.00165	0.00225	0.01104	0.00061	0.02223	0.0344
0.0447	0.02023	0.00191	0.02653	0.01196	0.00555	0.00184	0.0067	0.00325	0.00091	0.00466	0.01223	0.00283	0.02072	0.02625
0.02493	0.0271	0.00155	0.01716	0.01441	0.00612	0.00287	0.00573	0.00332	0.00073	0.00264	0.01071	0.00425	0.01451	0.01962
0.02059	0.02269	0.00247	0.03496	0.02404	0.00953	0.0019	0.00209	0.00213	0.00129	0.00388	0.016	0.00712	0.0307	0.02654
0.0148	0.01847	0.00255	0.02159	0.02	0.00585	0.00406	0.00207	0.00213	0.00098	0.00521	0.01567	0.00219	0.01829	0.02921
0.0182	0.01708	0.001	0.03223	0.0358	0.00539	0.00125	0.00275	0.00312	0.00117	0.00334	0.01553	0.00225	0.01965	0.02213
0.01218	0.02511	0.00146	0.02672	0.02574	0.00359	0.00234	0.00679	0.00153	0.00082	0.00763	0.01883	0.00256	0.02706	0.02667
0.00956	0.02548	0.00109	0.03633	0.02378	0.0049	0.00303	0.0041	0.00137	0.0008	0.00505	0.01403	0.00213	0.0273	0.01665
0.01274	0.02789	0.00147	0.01998	0.01042	0.00494	0.00302	0.00171	0.00337	0.00105	0.00262	0.0119	0.0017	0.01614	0.01953
0.0295	0.02696	0.00143	0.01716	0.01047	0.00276	0.00159	0.00187	0.00335	0.00126	0.00148	0.01259	0.0015	0.01171	0.0177
0.03221	0.02864	0.00105	0.03691	0.00897	0.00477	0.0019	0.00321	0.00311	0.00252	0.0056	0.01051	0.00097	0.02027	0.02258
0.01965	0.02172	0.00155	0.01723	0.00594	0.00439	0.004	0.00198	0.00372	0.00206	0.00643	0.01347	0.00097	0.01687	0.02127
0.02218	0.02482	0.0027	0.03159	0.03421	0.00705	0.00586	0.00196	0.0021	0.0027	0.00613	0.01417	0.00142	0.02865	0.03377
0.02345	0.02279	0.00174	0.02504	0.02492	0.00379	0.00805	0.00169	0.00312	0.00165	0.00626	0.00923	0.00209	0.0184	0.02652
0.04205	0.02775	0.00153	0.02804	0.04235	0.00612	0.00341	0.00256	0.00253	0.00336	0.00355	0.0104	0.00226	0.02621	0.02908
0.04573	0.02347	0.00336	0.03939	0.02079	0.00607	0.00453	0.00236	0.00233	0.00256	0.00293	0.00939	0.00196	0.0298	0.04181
0.05893	0.02327	0.00272	0.03699	0.01596	0.0068	0.00462	0.00405	0.00189	0.00308	0.00142	0.01015	0.00245	0.02863	0.04368
0.02074	0.02647	0.00319	0.03995	0.02536	0.00519	0.00354	0.00206	0.00222	0.00208	0.00083	0.01619	0.00127	0.0265	0.04332
0.05593	0.02653	0.00207	0.0293	0.01299	0.00522	0.00485	0.00248	0.00252	0.00295	0.00333	0.01351	0.00148	0.02225	inf
0.05975	0.02634	0.00374	0.02361	0.00884	0.00512	0.00502	0.005	0.00433	0.00312	0.00265	0.01256	0.00169	0.02131	0.02519
0.04974	0.02486	0.0022	0.03505	0.01941	0.012	0.01138	0.00623	0.00372	0.00331	0.0028	0.01504	0.00286	0.02371	0.04253
0.05651	0.02439	0.00177	0.03288	0.01975	0.0097	0.00885	0.00235	0.00303	0.00316	0.00172	0.01032	0.00402	0.03064	0.03511
0.05273	0.02393	0.00133	0.02647	0.00575	0.00805	0.00632	0.00293	0.0015	0.00221	0.00209	0.01104	0.00325	0.02232	0.02461
0.0463	0.03064	0.00164	0.02496	0.01339	0.00505	0.00265	0.00214	0.0019	0.00225	0.00362	0.01061	0.00117	0.0206	0.02011
0.04543	0.02216	0.00103	0.03205	0.0182	0.00661	0.00422	0.00436	0.0032	0.00246	0.0059	0.01413	0.00434	0.0317	0.03733
0.03664	0.02782	0.00176	0.02516	0.00973	0.00553	0.00837	0.00378	0.00464	0.00219	0.00557	0.01361	0.00351	0.01889	0.02783
0.03795	0.02304	0.0012	0.02929	0.01071	0.00652	0.00791	0.0029	0.00331	0.00213	0.00398	0.01222	0.00229	0.02228	0.03437
0.04886	0.02037	0.00146	0.03763	0.02119	0.00562	0.00711	0.00805	0.0051	0.00207	0.00518	0.01237	0.00275	0.03719	0.04759
0.05964	0.01811	0.00383	0.02545	0.03033	0.0057	0.00447	0.00493	0.00428	0.00204	0.0038	0.01305	0.00129	0.02471	0.03551
0.0508	0.02032	0.00162	0.04563	0.02595	0.0049	0.00461	0.00282	0.00381	0.00249	0.00582	0.00927	0.00147	0.04107	0.04433
0.06467	0.02173	0.00236	0.0359	0.02654	0.00466	0.00372	0.00414	0.00333	0.00214	0.00409	0.0097	0.00302	0.03407	0.03423
0.03426	0.02249	0.00105	0.03571	0.01965	0.00508	0.00618	0.00181	0.00225	0.00122	0.00353	0.01051	0.00384	0.03622	0.03624
0.01913	0.02912	0.00137	0.01832	0.02392	0.00413	0.00455	0.00197	0.00246	0.00123	0.0049	0.01168	0.00227	0.0182	0.02192
0.02665	0.0301	0.00129	0.02061	0.01184	0.00911	0.00945	0.00142	0.00291	0.00074	0.0031	0.00985	0.00267	0.02079	0.02272
0.03369	0.02031	0.00181	0.03729	0.03183	0.00528	0.00393	0.00147	0.00257	0.00245	0.00161	0.01314	0.00242	0.03803	0.04274
0.01568	0.02752	0.00101	0.01844	0.01466	0.00449	0.00286	0.00419	0.0029	0.00204	0.00241	0.0111	0.00153	0.01476	0.0206
0.02533	0.0264	0.00227	0.03446	0.03035	0.00478	0.00562	0.00179	0.00209	0.00141	0.00288	0.01449	0.00154	0.03321	0.04158
0.02073	0.02284	0.00239	0.03562	0.02086	0.00608	0.00381	0.00248	0.00219	0.00188	0.00305	0.01366	0.00121	0.03108	0.03361
0.01727	0.02092	0.00278	0.03552	0.02732	0.00422	0.00268	0.00296	0.00329	0.00229	0.00273	0.01465	0.00229	0.03435	0.05316
0.01443	0.02049	0.00268	0.04798	0.04232	0.00608	0.00218	0.00162	0.00294	0.00188	0.00312	0.0149	0.0033	0.04557	0.02727
0.01493	0.02073	0.00256	0.02046	0.03185	0.00512	0.00231	0.00133	0.00231	0.00149	0.00313	0.01214	0.00228	0.02077	0.02851
0.01018	0.02285	0.00389	0.02128	0.02369	0.00263	0.00448	0.00277	0.00242	0.00128	0.00356	0.00812	0.00166	0.0241	0.03202
0.01926	0.02698	0.00267	0.03126	0.01332	0.00382	0.00475	0.00159	0.0054	0.00116	0.00386	0.01416	0.00198	0.03061	0.03928
0.0209	0.02342	0.00217	0.02264	0.02051	0.00542	0.00444	0.00148	0.0048	0.00144	0.00341	0.01165	0.00247	0.02364	0.0368
0.02217	0.02044	0.00202	0.02024	0.01564	0.00414	0.00447	0.00414	0.00642	0.00151	0.00327	0.01004	0.00334	0.01786	0.02845
0.03624	0.0198	0.00134	0.02964	0.03347	0.00871	0.00613	0.00217	0.00764	0.0009	0.00426	0.0096	0.00322	0.02994	0.0289
0.02507	0.02066	0.00186	0.02394	0.02472	0.0073	0.00448	0.0021	0.00578	0.00152	0.00286	0.00747	0.00258	0.0209	0.01668
0.01877	0.01921	0.00091	0.02032	0.00622	0.00535	0.00624	0.00202	0.00455	0.00138	0.00493	0.00794	0.00274	0.02009	0.02633
0.01903	0.01665	0.00215	0.01802	0.02013	0.00389	0.00548	0.0022	0.00351	0.00106	0.00423	0.00899	0.00321	0.01793	0.02055
0.02293	0.01888	0.00092	0.02822	0.02282	0.00616	0.00556	0.00244	0.0024	0.00107	0.00382	0.00791	0.00414	0.02345	0.03217
0.05332	0.02598	0.0016	0.01953	0.01861	0.00921	0.00482	0.00313	0.00331	0.00142	0.00621	0.00758	0.00252	0.01608	0.02355
0.02959	0.02792	0.00127	0.03501	0.03457	0.0058	0.00283	0.00202	0.00233	0.00216	0.00254	0.01141	0.00316	0.03406	0.04327
0.02375	0.02115	0.00168	0.0334	0.02343	0.00483	0.00327	0.00167	0.00333	0.00099	0.00203	0.0099	0.00177	0.02393	0.02789
0.01853	0.01824	0.00199	0.0161	0.02192	0.00547	0.00531	0.00223	0.00529	0.00186	0.0021	0.01319	0.00189	0.01284	0.01822
0.04066	0.02075	0.00337	0.01768	0.01836	0.00469	0.00312	0.00186	0.003	0.00153	0.00278	0.01273	0.00171	0.01321	0.0209
0.0347	0.02134	0.0015	0.02198	0.03015	0.00453	0.00314	0.00191	0.00489	0.00177	0.00359	0.01643	0.00149	0.01343	0.02137
0.02384	0.01731	0.00172	0.03563	0.02998	0.00359	0.00661	0.00159	0.00637	0.00185	0.00365	0.01075	0.00191	0.02473	0.03559
0.03274	0.01868	0.00208	0.02766	0.02404	0.00758	0.0075	0.0016	0.00492	0.00256	0.00241	0.01021	0.00234	0.02572	0.0281
0.03544	0.01786	0.00184	0.02984	0.03061	0.00746	0.00773	0.00306	0.00442	0.00134	0.00326	0.01483	0.00191	0.03319	0.04439
0.01714	0.02214	0.00264	0.03733	0.04294	0.00665	0.00968	0.00205	0.00307	0.00102	0.00213	0.01245	0.00161	0.03818	0.04263
0.03336	0.02283	0.00284	0.05113	0.02985	0.00972	0.00604	0.00323	0.00317	0.00097	0.00336	0.00961	0.00157	0.05441	0.0355
0.04187	0.01821	0.0032	0.04538	0.03136	0.01193	0.00487	0.00142	0.00191	0.00187	0.00278	0.00982	0.00183	0.04106	0.04424
0.02913	0.02248	0.00269	0.04038	0.01337	0.01819	0.00755	0.00141	0.00244	0.0011	0.0033	0.01175	0.00394	0.04024	0.04553
0.03125	0.03038	0.00155	0.04168	0.01543	0.01944	0.00677	0.0024	0.00154	0.00113	0.00503	0.00907	0.005	0.04542	0.03628
0.03525	0.02666	0.00265	0.02039	0.01157	0.01503	0.00915	0.00134	0.00275	0.00211	0.00404	0.01049	0.0026	0.0206	0.02717
0.04025	0.02296	0.00139	0.04798	0.02226	0.01699	0.00334	0.00172	0.00117	0.00238	0.00405	0.01437	0.00261	0.03628	0.05135
0.01982	0.02934	0.00119	0.01881	0.01171	0.01481	0.00298	0.00502	0.00213	0.00164	0.00269	0.01191	0.00318	0.01752	0.02657
0.02214	0.02843	0.0021	0.05773	0.02534	0.0193	0.00558	0.00366	0.00218	0.00172	0.00319	0.01177	0.00687	0.05826	0.05309
0.02725	0.02178	0.00371	0.03738	0.0337	0.0101	0.00408	0.00249	0.00235	0.0017	0.00253	0.01112	0.00235	0.03511	0.0392
0.01946	0.02059	0.00243	0.0343	0.0277	0.0107	0.00282	0.00422	0.00315	0.00139	0.00214	0.01576	0.00401	0.03282	0.05884
0.01517	0.02284	0.00218	0.03231	0.02267	0.01053	0.00382	0.00751	0.00336	0.00171	0.00258	0.01102	0.00415	0.02818	0.03485
0.01762	0.0231	0.0016	0.04992	0.01945	0.00597	0.00421	0.00886	0.00261	0.00153	0.0035	0.01067	0.0067	0.04417	0.05784
0.0143	0.02741	0.00161	0.03874	0.01909	0.00479	0.00495	0.00892	0.00332	0.00094	0.00458	0.0121	0.00394	0.03604	0.04704
0.03319	0.01883	0.00121	0.03464	0.03069	0.00566	0.00759	0.00355	0.00313	0.00169	0.00174	0.01318	0.00325	0.03202	0.03888
0.01535	0.02272	0.00094	0.03226	0.02663	0.00599	0.00566	0.00939	0.0024	0.00193	0.00374	0.01319	0.00324	0.02627	0.03435
0.014	0.02077	0.00179	0.0217	0.0151	0.00489	0.00613	0.0054	0.00233	0.00141	0.00107	0.00787	0.0013	0.02165	0.02753
0.01952	0.01855	0.0011	0.03657	0.02045	0.00594	0.00354	0.00203	0.00203	0.00244	0.00236	0.00883	0.00311	0.02948	0.03683
0.01555	0.02284	0.00146	0.03114	0.01522	0.00585	0.00503	0.0033	0.00179	0.00245	0.00292	0.01094	0.00204	0.02661	0.03677
0.01785	0.02275	0.00124	0.02692	0.01611	0.00588	0.0035	0.00329	0.00193	0.00163	0.00357	0.01175	0.0033	0.02138	0.02998
0.01755	0.02106	0.00146	0.02882	0.01418	0.00595	0.00626	0.00213	0.00293	0.00224	0.00432	0.01099	0.00357	0.02413	0.03337
0.03053	0.02701	0.0016	0.03314	0.03062	0.007	0.00309	0.00275	0.00194	0.00281	0.00559	0.01618	0.003	0.02989	0.03572
0.04272	0.0214	0.00084	0.02229	0.01238	0.00459	0.00233	0.00239	0.00368	0.00123	0.00229	0.01318	0.00196	0.01738	0.02828
0.01756	0.02477	0.00106	0.01311	0.00462	0.00502	0.00378	0.00168	0.00193	0.0018	0.0032	0.01443	0.00189	0.01022	0.01368
0.02702	0.02411	0.00084	0.01902	0.00987	0.00622	0.00223	0.00162	0.00245	0.0014	0.00246	0.00954	0.00281	0.01441	0.02485
0.02413	0.02632	0.00112	0.01724	0.01058	0.00536	0.00172	0.00157	0.00136	0.00164	0.00238	0.01034	0.00349	0.01235	0.02056
0.01657	0.02804	0.00096	0.02557	0.01988	0.00756	0.00186	0.00334	0.00201	0.0016	0.00335	0.01252	0.0045	0.02104	0.02298
0.03505	0.02046	0.00085	0.03066	0.02004	0.00789	0.00246	0.00176	0.00251	0.00206	0.00331	0.00993	0.00256	0.02856	0.03612
0.01851	0.02278	0.00157	0.03749	0.02523	0.0061	0.00208	0.00141	0.0014	0.0027	0.00382	0.01285	0.00569	0.03296	0.04643
0.02051	0.0264	0.00148	0.02663	0.01678	0.00551	0.00146	0.00171	0.00164	0.00153	0.00461	0.00883	0.00243	0.02229	0.02611
0.0234	0.02347	0.00323	0.03702	0.02615	0.00541	0.00247	0.00188	0.00239	0.00301	0.00369	0.00874	0.00266	0.02893	0.02727
0.02567	0.02326	0.00269	0.04871	0.01956	0.00533	0.00953	0.00211	0.00363	0.00195	0.00561	0.00758	0.00447	0.03254	0.03416
0.01924	0.0205	0.00239	0.03225	0.01858	0.00461	0.00393	0.00132	0.00236	0.00212	0.00414	0.00857	0.00265	0.02408	0.03545
0.02111	0.02083	0.00137	0.02676	0.01814	0.00368	0.00158	0.00167	0.00191	0.002	0.00505	0.01287	0.00181	0.02111	0.02189
0.01712	0.01991	0.00135	0.04251	0.02336	0.00339	0.00154	0.00167	0.002	0.00216	0.00701	0.01044	0.00364	0.03287	0.01764
0.02718	0.01691	0.00132	0.02299	0.01453	0.00407	0.00497	0.00213	0.00415	0.00217	0.00431	0.01257	0.00125	0.01449	0.02375
0.02862	0.02207	0.0012	0.0242	0.02349	0.00596	0.00547	0.00241	0.00435	0.00189	0.00568	0.01455	0.00149	0.01848	0.02651
0.02314	0.01978	0.00126	0.02266	0.01831	0.00666	0.00529	0.00252	0.00453	0.00256	0.00528	0.01319	0.00228	0.01428	0.02225
0.01873	0.02009	0.00126	0.02623	0.0208	0.00395	0.00437	0.00183	0.00249	0.00255	0.00267	0.01134	0.00152	0.02386	0.02937
0.01864	0.02282	0.0011	0.02752	0.01527	0.00463	0.00453	0.00196	0.00191	0.00156	0.00274	0.01178	0.00139	0.02309	0.03173
0.01765	0.02417	0.00149	0.03157	0.02755	0.00452	0.00246	0.00149	0.00161	0.00125	0.00235	0.00987	0.00162	0.03179	0.02261
0.01856	0.02898	0.00174	0.0253	0.01567	0.0045	0.00206	0.00231	0.00227	0.0016	0.00242	0.00905	0.00112	0.02329	0.03086
0.02007	0.01892	0.00174	0.0317	0.01752	0.00341	0.00237	0.00176	0.00274	0.00209	0.00364	0.01106	0.00122	0.02565	0.03336
0.01639	0.02282	0.00208	0.03082	0.02545	0.00319	0.00231	0.00259	0.00172	0.00193	0.00336	0.0094	0.00104	0.02675	0.02341
0.01508	0.0219	0.00296	0.02205	0.00851	0.00485	0.00206	0.00202	0.00263	0.00176	0.00433	0.01065	0.00153	0.01622	0.01905
0.02118	0.0248	0.00228	0.02441	0.01353	0.00622	0.00309	0.00159	0.00396	0.00203	0.0074	0.01275	0.00244	0.02097	0.02539
0.0199	0.02757	0.00082	0.02233	0.01606	0.00559	0.00286	0.00134	0.00322	0.00137	0.00713	0.0128	0.00138	0.0151	0.02614
0.01795	0.02894	0.00129	0.02984	0.02034	0.0081	0.00262	0.00157	0.00257	0.00184	0.00544	0.01098	0.00153	0.02817	0.03013
0.01638	0.02478	0.00174	0.03269	0.02389	0.00296	0.00233	0.00363	0.00185	0.0017	0.00546	0.01078	0.00144	0.03234	0.03143
0.01215	0.02338	0.00236	0.02953	0.01538	0.00433	0.00174	0.00448	0.00169	0.00148	0.00572	0.01139	0.00228	0.02388	0.04144
0.01119	0.02278	0.00186	0.02719	0.01677	0.0054	0.00514	0.00662	0.00156	0.00186	0.00495	0.01033	0.00236	0.025	0.03598
0.01675	0.02629	0.00192	0.03137	0.03563	0.00487	0.00681	0.00479	0.00175	0.00198	0.00511	0.00948	0.00583	0.03025	0.0348
0.01547	0.02002	0.00218	0.02089	0.0291	0.00498	0.00534	0.00685	0.0018	0.0016	0.00474	0.01104	0.00297	0.01864	0.02626
0.016	0.02096	0.0024	0.02649	0.02753	0.00444	0.00642	0.00656	0.00157	0.00198	0.00482	0.01077	0.00275	0.02365	0.0341
0.01726	0.01808	0.00167	0.02722	0.04607	0.00467	0.00191	0.00455	0.00155	0.00177	0.00583	0.01292	0.00288	0.02387	0.02921
0.01339	0.01908	0.00173	inf	0.02596	0.00577	0.00277	0.00546	0.00141	0.00136	0.00485	0.01272	0.00286	0.01577	0.02291
0.01542	0.02251	0.0014	0.02841	0.03269	0.00622	0.002	0.00489	0.00164	0.00171	0.00421	0.0113	0.00173	0.0256	0.02286
0.01491	0.02108	0.00117	0.02257	0.02476	0.00987	0.00268	0.00402	0.00151	0.00187	0.00444	0.01015	0.00232	0.01793	0.02468
0.01889	0.0222	0.00133	0.03082	0.02742	0.00636	0.00722	0.00242	0.00166	0.00224	0.00494	0.01133	0.00309	0.02563	0.0374
0.0123	0.02168	0.00192	0.02635	0.02306	0.00837	0.00557	0.005	0.00095	0.0021	0.00427	0.01153	0.00373	0.02518	0.02675
0.01217	0.02382	0.00153	0.02971	0.02877	0.00576	0.00217	0.00573	0.00121	0.00188	0.00617	0.01158	0.00321	0.0281	0.03319
0.01784	0.02008	0.00134	0.03356	0.03992	0.00582	0.00228	0.0015	0.00152	0.00226	0.00476	0.01445	0.00236	0.02697	0.02861
0.02106	0.01683	0.00242	0.03307	0.0407	0.00844	0.00258	0.00117	0.00188	0.00203	0.00514	0.01663	0.00435	0.03252	0.03104
0.01982	0.02146	0.00169	0.04722	0.03228	0.00806	0.0022	0.00284	0.0015	0.00252	0.00443	0.01481	0.00472	0.03985	0.0381
0.03017	0.0173	0.00187	0.02592	0.02204	0.00606	0.0015	0.00209	0.00236	0.00174	0.00522	0.01575	0.00222	0.02436	0.02985
0.0314	0.01695	0.00267	0.03088	0.02453	0.00607	0.00131	0.00201	0.00262	0.00192	0.0053	0.01503	0.00282	0.02659	0.03201
0.02795	0.0182	0.00148	0.03005	0.02514	0.00454	0.00195	0.00146	0.00198	0.00226	0.00811	0.01568	0.00164	0.02554	0.03476
0.02698	0.01934	0.00214	0.03934	0.03115	0.0051	0.00283	0.00169	0.00273	0.00186	0.00687	0.019	0.00115	0.03525	0.03789
0.03149	0.02057	0.00285	0.02715	0.02015	0.0047	0.00219	0.00149	0.00331	0.00209	0.00589	0.01695	0.00221	0.02462	0.03262
0.02504	0.01941	0.00338	0.03031	0.02574	0.00441	0.00217	0.00173	0.00335	0.00181	0.00494	0.01635	0.00502	0.02812	0.03045
0.02361	0.0213	0.00229	0.02951	0.02295	0.00541	0.0031	0.00156	0.0027	0.00226	0.00587	0.01663	0.00292	0.02617	0.03521
0.04527	0.02337	0.00224	0.03525	0.01841	0.00729	0.00465	0.00398	0.00564	0.00206	0.0071	0.01443	0.00385	0.02981	0.03959
0.02359	0.01909	0.00169	0.02272	0.02369	0.00563	0.00247	0.00165	0.00323	0.0019	0.00586	0.01516	0.00313	0.01821	0.02534
0.02708	0.02167	0.00355	0.02289	0.01975	0.00727	0.00466	0.00203	0.00441	0.00191	0.00664	0.01331	0.00242	0.018	0.02366
0.03126	0.02036	0.00199	0.033	0.03165	0.00524	0.00478	0.00216	0.00435	0.0018	0.00682	0.01328	0.00313	0.02908	0.02924
0.02391	0.01912	0.00272	0.0305	0.03324	0.00689	0.00347	0.00188	0.0026	0.00224	0.00696	0.0139	0.00442	0.03407	0.03266
0.02141	0.01976	0.00179	0.03246	0.03125	0.00621	0.00505	0.00183	0.00249	0.00218	0.00593	0.0136	0.00357	0.03054	0.03098
0.01746	0.01984	0.00223	0.03757	0.03117	0.01003	0.00416	0.00274	0.00239	0.00236	0.00758	0.01159	0.00377	0.03355	0.03486
0.01474	0.02029	0.00172	0.03024	0.02077	0.00639	0.0064	0.00255	0.00197	0.00215	0.00538	0.01179	0.00256	0.02856	0.03699
0.01699	0.018	0.00153	0.03398	0.02266	0.00599	0.00368	0.00183	0.00182	0.00203	0.00469	0.01041	0.0032	0.03069	0.04206
0.01689	0.01744	0.00175	0.02397	0.01899	0.00586	0.00254	0.0019	0.00194	0.00244	0.0049	0.0115	0.00183	0.02085	0.0316
0.02194	0.01954	0.00148	0.03066	0.0237	0.00704	0.00271	0.00204	0.00163	0.00172	0.00463	0.01041	0.00193	0.02821	0.03888
0.02582	0.0177	0.00161	0.02968	0.02003	0.00758	0.00621	0.00189	0.00151	0.00244	0.00496	0.01067	0.00258	0.02521	0.0324
0.028	0.02036	0.00164	0.03731	0.03493	0.00667	0.00332	0.00192	0.00154	0.00209	0.00491	0.01017	0.00362	0.03547	0.02844
0.0215	0.02113	0.00264	0.02707	0.02014	0.00602	0.00342	0.00203	0.00179	0.00149	0.00616	0.00879	0.00346	0.0215	0.02363
0.02506	0.0173	0.00199	0.04015	0.02668	0.00782	0.00392	0.00181	0.00282	0.00233	0.00539	0.0099	0.00409	0.03302	0.02766
0.02906	0.01576	0.00379	0.03499	0.03257	0.00786	0.00388	0.002	0.00327	0.00173	0.00715	0.01048	0.00408	0.02969	0.02874
0.02168	0.01612	0.00213	0.04628	0.02896	0.00532	0.00222	0.0026	0.00224	0.00207	0.006	0.00951	0.0056	0.03933	0.02702
0.01961	0.01855	0.00174	0.02922	0.01889	0.00688	0.00219	0.00165	0.00292	0.00205	0.00568	0.01007	0.00456	0.02698	0.0322
0.0174	0.01704	0.00201	0.02926	0.02526	0.00683	0.00179	0.00191	0.0022	0.002	0.00473	0.01131	0.00435	0.02571	0.02408
0.02768	0.01735	0.00236	0.02674	0.02595	0.0067	0.00131	0.00222	0.00187	0.00192	0.00682	0.01098	0.0035	0.02364	0.02836
0.02198	0.01646	0.00197	0.03381	0.02371	0.00572	0.00194	0.00192	0.00218	0.00221	0.0043	0.0114	0.00371	0.03031	0.02711
0.02709	0.01591	0.00164	0.02842	0.02442	0.00801	0.00145	0.00309	0.00226	0.00313	0.00737	0.01178	0.00411	0.02755	0.02543
0.04453	0.0172	0.0031	0.03182	0.02381	0.00887	0.00192	0.00401	0.00312	0.00295	0.00491	0.01031	0.00613	0.03046	0.02702
0.01933	0.01837	0.00231	0.03867	0.03122	0.00628	0.00153	0.00158	0.00217	0.00258	0.00582	0.00984	0.00631	0.03664	0.0401
0.02818	0.01854	0.002	0.03776	0.01933	0.00688	0.00236	0.0019	0.00181	0.00223	0.00543	0.00937	0.00402	0.03092	0.03626
0.03146	0.01881	0.00203	0.05277	0.02292	0.00734	0.00177	0.00252	0.00191	0.0028	0.00571	0.00869	0.00421	0.04832	0.03492
0.02931	0.01645	0.00184	0.02723	0.0218	0.00724	0.00182	0.00261	0.00192	0.00319	0.0089	0.01228	0.00416	0.02473	0.03029
0.03075	0.01719	0.00173	0.03201	0.02658	0.00798	0.00272	0.00237	0.00201	0.00239	0.00487	0.01305	0.00419	0.03041	0.0349
0.02679	0.01835	0.00243	0.02676	0.02409	0.00664	0.00137	0.00264	0.00232	0.00262	0.00432	0.01224	0.0045	0.02852	0.03124
0.02537	0.01979	0.00297	0.03936	0.02665	0.00629	0.00271	0.00215	0.00167	0.00243	0.00512	0.01224	0.00277	0.03973	0.04696
0.03433	0.01876	0.00266	0.02986	0.02097	0.00804	0.00425	0.0025	0.00202	0.00277	0.0062	0.01267	0.00434	0.02664	0.03526
0.03252	0.0182	0.0036	0.02614	0.02516	0.00535	0.00277	0.0022	0.00212	0.0032	0.00705	0.01204	0.0039	0.02604	0.02894
0.0326	0.01741	0.00472	0.02267	0.02802	0.0057	0.00216	0.00244	0.00237	0.00258	0.00525	0.01307	0.00234	0.02345	0.02568
0.02528	0.0179	0.00408	0.02785	0.02251	0.00521	0.00213	0.00214	0.00207	0.00216	0.00687	0.01205	0.0039	0.02685	0.02932
0.0254	0.01833	0.00261	0.04382	0.02297	0.0056	0.00191	0.00174	0.00201	0.00251	0.00732	0.0105	0.0052	0.03689	0.02909
0.02803	0.01564	0.00172	0.03194	0.03236	0.00745	0.00193	0.00194	0.00208	0.00242	0.00849	0.01116	0.0047	0.03162	0.02838
0.03518	0.01551	0.00138	0.03238	0.02327	0.00792	0.00268	0.00268	0.00359	0.00215	0.00665	0.01197	0.00281	0.03116	0.03991
0.03416	0.01916	0.00176	0.03421	0.01958	0.00872	0.00379	0.00235	0.00311	0.00227	0.00706	0.01073	0.00387	0.02936	0.04343
0.02693	0.0184	0.00238	0.03288	0.02728	0.00674	0.00442	0.00184	0.00251	0.00306	0.00724	0.01035	0.00239	0.03128	0.0359
0.03061	0.01712	0.00135	0.02308	0.02198	0.00777	0.00405	0.00206	0.00343	0.00254	0.00712	0.0108	0.00414	0.02111	0.0247
0.02294	0.01663	0.00122	0.02289	0.01665	0.00772	0.00443	0.00224	0.00391	0.00264	0.00597	0.00892	0.00255	0.01903	0.02304
0.02644	0.0166	0.00154	0.02142	0.02009	0.00907	0.0029	0.00265	0.00272	0.00266	0.00467	0.01016	0.00208	0.01768	0.02165
0.03387	0.01633	0.00109	0.03192	0.02272	0.0081	0.00281	0.00286	0.00292	0.00229	0.00648	0.01057	0.00243	0.02971	0.03015
0.02697	0.01696	0.00181	0.03281	0.01988	0.0069	0.00279	0.00199	0.00189	0.00293	0.00685	0.00852	0.00296	0.02724	0.02618
0.02505	0.01925	0.00168	0.03017	0.02205	0.00725	0.00236	0.00174	0.00218	0.0023	0.00752	0.00839	0.0031	0.02687	0.02602
0.02339	0.01897	0.00183	0.03007	0.02271	0.00571	0.00222	0.00187	0.00182	0.00248	0.00622	0.0087	0.00267	0.02425	0.02366
0.02221	0.01747	0.00216	0.02349	0.02237	0.00602	0.00318	0.00289	0.00196	0.00217	0.00665	0.01105	0.00198	0.02058	0.02472
0.01779	0.01689	0.0014	0.02793	0.01876	0.00602	0.00302	0.00252	0.00178	0.00214	0.00589	0.00884	0.00205	0.02362	0.02956
0.02058	0.01722	0.002	0.0298	0.02006	0.0054	0.0038	0.00168	0.00243	0.00196	0.00658	0.0101	0.00186	0.02272	0.03415
0.02092	0.01815	0.00239	0.02544	0.02117	0.0067	0.00505	0.00181	0.0022	0.00173	0.00804	0.00993	0.00279	0.01927	0.02502
0.02305	0.0187	0.00304	0.02234	0.0172	0.00665	0.00467	0.00191	0.00262	0.00197	0.00661	0.01106	0.00302	0.01842	0.02238
0.02828	0.01775	0.00404	0.02505	0.01489	0.00548	0.00385	0.00212	0.00287	0.00207	0.00786	0.01065	0.00266	0.01971	0.02871
0.03395	0.01718	0.0031	0.02371	0.01792	0.00611	0.00243	0.00224	0.00224	0.00176	0.00773	0.01343	0.00289	0.02136	0.03111
0.02735	0.01899	0.00298	0.02196	0.01267	0.00624	0.00321	0.00175	0.0023	0.00184	0.00845	0.01064	0.00379	0.0179	0.02167
0.02335	0.01655	0.00264	0.02905	0.02519	0.00546	0.00309	0.002	0.00216	0.00217	0.00957	0.01279	0.00405	0.02501	0.0314
0.02085	0.01684	0.00245	0.03664	0.0188	0.00613	0.00359	0.00219	0.00204	0.00188	0.00918	0.01137	0.00513	0.03151	0.03841
0.02031	0.01759	0.0029	0.0237	0.0162	0.00671	0.00419	0.00189	0.00224	0.00234	0.00731	0.0106	0.00425	0.02224	0.02709
0.0211	0.01842	0.00269	0.02115	0.01308	0.00634	0.0037	0.00203	0.00252	0.00258	0.00795	0.01146	0.00376	0.01542	0.02647
0.02959	0.02068	0.00199	0.02412	0.01594	0.00731	0.00286	0.00254	0.00293	0.00231	0.00783	0.01175	0.00393	0.02214	0.02387
0.0249	0.01965	0.00198	0.02405	0.02204	0.00698	0.00445	0.00254	0.00284	0.00232	0.0096	0.01277	0.00375	0.02271	0.02283
0.03196	0.01779	0.00164	0.03441	0.02071	0.00686	0.00494	0.00267	0.00402	0.00229	0.00883	0.01059	0.00331	0.02957	0.03108
0.02872	0.01976	0.0016	0.02811	0.01835	0.0075	0.00462	0.00214	0.00359	0.00253	0.00757	0.01139	0.00321	0.02471	0.03317
0.03595	0.01834	0.00142	0.03038	0.01681	0.00748	0.00508	0.00293	0.00451	0.00335	0.00872	0.01213	0.0024	0.02515	0.03326
0.02062	0.02	0.00198	0.02357	0.01237	0.00667	0.00482	0.00205	0.00259	0.00239	0.01047	0.00967	0.00337	0.02028	0.03139
0.02716	0.01999	0.00133	0.02424	0.0119	0.00753	0.00571	0.00191	0.00295	0.00175	0.00871	0.01061	0.00463	0.02184	0.0297
0.02301	0.01892	0.00157	0.01952	0.01122	0.00721	0.00543	0.00223	0.00325	0.00261	0.00903	0.01052	0.00331	0.01603	0.02356
0.02894	0.02025	0.00188	0.01544	0.01234	0.00718	0.00431	0.00206	0.00319	0.00239	0.0089	0.00999	0.00184	0.01272	0.02055
0.03371	0.01787	0.00238	0.01706	0.00997	0.00721	0.00378	0.00219	0.00394	0.00171	0.00943	0.01145	0.0022	0.01384	0.02603
0.02943	0.01822	0.00197	0.02048	0.01243	0.00727	0.00465	0.00192	0.00366	0.00241	0.0073	0.01131	0.00237	0.01751	0.03007
0.02629	0.01926	0.00211	0.02215	0.01719	0.00755	0.00295	0.00205	0.00282	0.00249	0.00805	0.0127	0.0023	0.02042	0.02876
0.02658	0.01842	0.00193	0.02439	0.01313	0.00662	0.00243	0.00193	0.00279	0.00232	0.00728	0.01093	0.00374	0.02104	0.03199
0.02909	0.01954	0.00184	0.02927	0.01402	0.00655	0.00347	0.00232	0.00319	0.00261	0.00768	0.01076	0.00384	0.02556	0.04027
0.02849	0.01945	0.00184	0.02601	0.01394	0.00636	0.00428	0.00175	0.00323	0.00219	0.00852	0.01163	0.00405	0.02316	0.03555
0.02797	0.01888	0.00171	0.01879	0.01047	0.00612	0.00311	0.00172	0.00245	0.00217	0.00806	0.01002	0.00412	0.0163	0.0276
0.02791	0.01799	0.00163	0.02204	0.0128	0.00625	0.00317	0.00219	0.00266	0.00241	0.00759	0.01148	0.0035	0.01852	0.02901
0.03025	0.01875	0.00157	0.02267	0.01458	0.00682	0.00392	0.00233	0.00335	0.0027	0.00848	0.01173	0.00414	0.01974	0.02968
0.02802	0.02008	0.00158	0.02424	0.01159	0.00798	0.00489	0.00232	0.00342	0.00236	0.009	0.01166	0.00384	0.02171	0.03075
0.03015	0.01963	0.00211	0.01899	0.01332	0.00742	0.00329	0.00239	0.00311	0.00211	0.0101	0.01175	0.00366	0.01571	0.02387
0.02766	0.02003	0.00218	0.01862	0.01348	0.00826	0.00423	0.00213	0.00272	0.00207	0.00919	0.01171	0.00332	0.01859	0.02601
0.02799	0.02182	0.00225	0.01732	0.01123	0.0082	0.00417	0.00181	0.00234	0.00285	0.00859	0.01114	0.00392	0.01621	0.02501
0.02617	0.02237	0.00188	0.02674	0.01342	0.00766	0.00267	0.00219	0.00267	0.00238	0.00866	0.01066	0.00431	0.01859	0.02963
0.02723	0.01958	0.00177	0.02332	0.01419	0.00804	0.00229	0.00204	0.00273	0.00192	0.00768	0.01117	0.00392	0.01937	0.02335
0.02365	0.01878	0.00162	0.0203	0.01324	0.00707	0.00208	0.00208	0.00171	0.00219	0.00711	0.01084	0.00376	0.01949	0.02782
0.02372	0.01912	0.00196	0.02207	0.01045	0.00769	0.00324	0.00187	0.00238	0.00235	0.00696	0.01055	0.00323	0.01982	0.03028
0.02929	0.01886	0.002	0.02128	0.01149	0.00638	0.0023	0.00206	0.00248	0.00265	0.00703	0.01056	0.00342	0.01991	0.02921
0.03111	0.01891	0.00232	0.02312	0.01713	0.00745	0.00273	0.00275	0.00268	0.00243	0.0079	0.011	0.00333	0.02135	0.02875
0.03568	0.01833	0.00178	0.02328	0.01691	0.00753	0.00274	0.00242	0.00262	0.00269	0.00889	0.01108	0.00372	0.02138	0.02921
0.03599	0.01905	0.00173	0.01855	0.01305	0.00854	0.00329	0.00247	0.00294	0.00224	0.00838	0.00993	0.00276	0.01602	0.02283
0.02863	0.01949	0.00207	0.01922	0.01318	0.00764	0.00432	0.00204	0.00284	0.00194	0.00927	0.01008	0.00352	0.01836	0.02554
0.02883	0.01874	0.002	0.02041	0.0127	0.00796	0.00416	0.00212	0.00281	0.00239	0.0103	0.01123	0.0029	0.01844	0.02774
0.0296	0.01893	0.00206	0.02092	0.0147	0.00918	0.00361	0.00252	0.00276	0.00229	0.00975	0.01075	0.0027	0.01813	0.02608
0.02893	0.01885	0.00167	0.021	0.01683	0.00888	0.00309	0.00213	0.00236	0.0024	0.00903	0.01118	0.0036	0.01927	0.02545
0.0287	0.0175	0.00146	0.02515	0.01589	0.00786	0.0028	0.00245	0.00227	0.00243	0.00975	0.01084	0.00296	0.02277	0.02914
0.03135	0.0192	0.00128	0.02601	0.01624	0.00865	0.00286	0.00279	0.00276	0.00271	0.00975	0.01065	0.00294	0.02358	0.03118
0.02459	0.02016	0.00147	0.02508	0.01299	0.00782	0.00298	0.00195	0.00216	0.00272	0.00922	0.01096	0.00287	0.02053	0.03073
0.02383	0.02037	0.00208	0.02071	0.01077	0.00824	0.00345	0.00201	0.00226	0.00269	0.00879	0.01019	0.00299	0.01568	0.02671
0.02245	0.02	0.00175	0.02434	0.01428	0.00782	0.00401	0.00185	0.00271	0.00305	0.008	0.01056	0.00384	0.02104	0.03203
0.02554	0.01858	0.00135	0.02428	0.0151	0.00778	0.00337	0.00213	0.00264	0.0025	0.00875	0.01158	0.00339	0.02135	0.03182
0.02977	0.0187	0.00169	0.02658	0.02012	0.00828	0.00325	0.00239	0.0027	0.00229	0.00937	0.01201	0.00412	0.0225	0.0288
0.03101	0.01861	0.00155	0.02277	0.0145	0.0097	0.00396	0.00219	0.00286	0.00274	0.00906	0.01227	0.00393	0.01947	0.02792
0.02694	0.01828	0.00165	0.02335	0.0144	0.00936	0.00357	0.00223	0.00265	0.0028	0.00895	0.01185	0.00361	0.02184	0.02923
0.0276	0.01782	0.00166	0.02277	0.01511	0.00812	0.00335	0.00219	0.00219	0.00248	0.00959	0.01121	0.00371	0.02109	0.02959
0.02756	0.01842	0.00153	0.02021	0.0127	0.00865	0.00352	0.00181	0.00229	0.00268	0.00863	0.01192	0.00302	0.01724	0.0259
0.0293	0.01872	0.00145	0.02199	0.01182	0.00927	0.00451	0.00214	0.00294	0.00267	0.00895	0.01172	0.00283	0.02025	0.0286
0.02534	0.01922	0.00149	0.02088	0.01178	0.0091	0.00371	0.00224	0.00266	0.00251	0.01026	0.01087	0.0023	0.01722	0.02698
0.02497	0.01869	0.00164	0.02436	0.01154	0.00894	0.00457	0.00205	0.00237	0.00255	0.01071	0.01055	0.00246	0.02066	0.02893
0.03023	0.018	0.00111	0.02508	0.01535	0.00859	0.00416	0.00206	0.00253	0.00267	0.00848	0.01106	0.00338	0.02148	0.0323
0.03031	0.01863	0.00134	0.02662	0.01772	0.00887	0.0048	0.00214	0.00271	0.00268	0.0089	0.01108	0.00287	0.02366	0.0322
0.02949	0.01816	0.00119	0.02371	0.01402	0.00869	0.0044	0.00226	0.00279	0.00235	0.00977	0.01118	0.00285	0.02014	0.03014
0.02643	0.0181	0.00123	0.0258	0.01692	0.00929	0.00495	0.00212	0.00242	0.00277	0.00964	0.01256	0.00304	0.02238	0.03161
0.03448	0.01947	0.00148	0.0258	0.01431	0.00853	0.00436	0.0022	0.00299	0.00286	0.00898	0.01098	0.00269	0.02326	0.03061
0.03252	0.01813	0.00137	0.0261	0.0151	0.00873	0.00411	0.00233	0.00266	0.00224	0.00952	0.01157	0.00294	0.02397	0.03119
0.02806	0.01905	0.00123	0.02467	0.01452	0.00815	0.00428	0.00214	0.00246	0.00263	0.00943	0.01185	0.00258	0.02226	0.02863
0.02531	0.01876	0.00113	0.02505	0.01272	0.00917	0.00461	0.00219	0.00212	0.00243	0.00879	0.0115	0.0026	0.02248	0.03113
0.02788	0.01814	0.00123	0.02714	0.01739	0.00854	0.00437	0.00204	0.00243	0.00246	0.00939	0.01192	0.003	0.02466	0.03341
