mass_1	mass_2	phase	time	distance	a_1	a_2	tilt_1	tilt_2	phi_12	phi_jl	theta_jn	psi	ra	dec
0.03902	0.0463	0.00383	0.02873	0.05833	0.02073	0.00769	0.00591	0.00711	0.00366	0.0151	0.01889	0.00442	0.04773	0.06612
0.01915	0.00946	0.0026	0.03851	0.08846	0.00661	0.00498	0.0036	0.00663	0.00372	0.00345	0.06655	0.00303	0.02294	0.03266
0.03201	0.02451	0.00236	0.05091	0.07358	0.0086	0.00405	0.00263	0.00333	0.00181	0.00901	0.04557	0.00191	0.03323	0.05231
0.0174	0.01428	0.00118	0.04539	0.10084	0.00812	0.00609	0.00327	0.00428	0.00163	0.0088	0.03646	0.00175	0.03149	0.04878
0.01642	0.01612	0.00087	0.03506	0.08974	0.00892	0.00887	0.00303	0.00558	0.0013	0.00702	0.03522	0.00215	0.02107	0.05754
0.01601	0.01856	0.00109	0.06284	0.09766	0.01914	0.00613	0.00655	0.00844	0.00115	0.02951	0.04997	0.00392	0.04553	0.0817
0.02643	0.01902	0.0014	0.03872	0.08764	0.01139	0.00645	0.00546	0.00337	0.00091	0.01153	0.03809	0.0021	0.02861	0.04127
0.02585	0.02385	0.00178	0.05331	0.07496	0.01004	0.00999	0.00597	0.00589	0.0015	0.00612	0.04733	0.00092	0.03606	0.06505
0.02068	0.02418	0.00178	0.04974	0.09142	0.00803	0.01255	0.00384	0.00566	0.00274	0.01964	0.02124	0.00132	0.04055	0.05378
0.03734	0.0289	0.0013	0.04976	0.09201	0.00487	0.00578	0.00305	0.00481	0.00229	0.01058	0.03764	0.00199	0.0363	0.06354
0.02009	0.02707	0.00107	0.03203	0.08857	0.01246	0.0085	0.00414	0.00765	0.00133	0.01012	0.03537	0.00172	0.02297	0.03326
0.03442	0.02938	0.00122	0.04106	0.09021	0.0197	0.02522	0.00386	0.00728	0.00155	0.00826	0.05259	0.00112	0.03233	0.04831
0.02681	0.02262	0.00102	0.04169	0.08147	0.00695	0.01449	0.00731	0.00821	0.00163	0.00631	0.03643	0.00272	0.02479	0.04657
0.02805	0.03076	0.00231	0.0341	0.05075	0.00888	0.00829	0.00581	0.00647	0.00155	0.00664	0.02817	0.00162	0.02419	0.0373
0.03094	0.02306	0.00174	0.02797	0.07216	0.01126	0.00725	0.0042	0.00443	0.00114	0.00713	0.03588	0.00132	0.01708	0.04038
inf	0.01266	0.00141	0.02891	0.07405	0.00892	0.00741	0.00444	0.00725	0.00143	0.0118	0.04236	0.001	0.02616	0.07371
0.03191	0.02519	0.00145	0.02978	0.07204	0.01027	0.00722	0.00278	0.00667	0.00063	0.01239	0.04572	0.00084	0.02131	0.04134
0.02122	0.02387	0.00302	0.04545	0.07222	0.01176	0.01046	0.00511	0.00898	0.00164	0.0112	0.02951	0.00176	0.03267	0.0485
0.02908	0.02275	0.00143	0.02759	0.0794	0.01607	0.01449	0.01468	0.00517	0.00097	0.0069	0.0544	0.00196	0.01574	0.03153
0.01953	0.01895	0.00141	0.04468	0.11228	0.0293	0.01143	0.01576	0.00519	0.00106	0.00971	0.06826	0.00171	0.03694	0.06309
0.03152	0.02891	0.00143	0.03614	0.09451	0.00642	0.00582	0.00606	0.00671	0.00101	0.00443	0.05367	0.00161	0.02545	inf
0.024	0.02657	0.00146	0.0348	0.08755	0.00463	0.01147	0.00593	0.00769	0.00107	0.00838	0.05039	0.00313	0.02257	0.04012
0.01738	0.02367	0.00205	0.03052	0.07508	0.00662	0.00786	0.0048	0.0051	0.00113	0.0101	0.04488	0.00098	0.01667	0.04015
0.01576	0.01391	0.00101	0.03526	0.07359	0.00803	0.01302	0.0098	0.0033	0.00125	0.00628	0.05325	0.00084	0.02768	0.04791
0.01594	0.01511	0.00133	0.02371	0.05332	0.01998	0.01703	0.00753	0.00612	0.00079	0.00455	0.04668	0.00229	0.01195	0.0307
0.01897	0.01969	0.00108	0.04196	0.07768	0.01192	0.00686	0.00626	0.00686	0.0018	0.00607	0.04166	0.00112	0.03221	0.05474
0.0323	0.0263	0.00125	0.0498	0.05294	0.00884	0.00384	0.00553	0.00579	0.00111	0.00728	0.02288	0.00172	0.03713	0.0797
0.02763	0.01981	0.00191	0.03859	0.06969	0.0143	0.02019	0.00851	0.00692	0.00096	0.00813	0.03875	0.00194	0.02786	0.03756
0.01448	0.01267	0.00125	0.0324	0.09166	0.00794	0.00655	0.00463	0.00483	0.0009	0.00352	0.04545	0.00179	0.02829	0.04276
0.02399	0.01388	0.00125	0.03217	0.08699	0.01297	0.01197	0.00449	0.00453	0.00164	0.00933	0.03187	0.00166	0.02298	0.04949
0.02792	0.03397	0.00134	0.02962	0.10032	0.01183	0.0112	0.00475	0.00445	0.00181	0.01805	0.07298	0.00203	0.01672	0.02775
0.01677	0.01818	0.00183	0.04416	0.10476	0.00709	0.0113	0.00692	0.00474	0.00134	0.01752	0.04445	0.00276	0.03543	0.04255
0.01986	0.03105	0.00146	0.05773	0.09111	0.01224	0.01722	0.00423	0.00673	0.00156	0.00967	0.03569	0.00167	0.04715	0.056
0.02077	0.01874	0.00096	0.04375	0.05979	0.00953	0.01075	0.00671	0.00479	0.00098	0.00783	0.03602	0.00134	0.02768	0.04191
0.01832	0.02843	0.00123	0.03014	0.06504	0.00135	0.00056	0.00304	0.0088	0.00178	0.01291	0.0307	0.0023	0.01832	0.03429
0.0435	0.02917	0.00073	0.03845	0.087	0.00326	0.0129	0.00085	0.00836	0.00146	0.00411	0.0377	0.00183	0.03597	0.03533
0.02079	0.01448	0.00097	0.05731	0.11647	0.01447	0.01743	0.00384	0.00858	0.00139	0.01147	0.04678	0.00132	0.05119	0.03634
0.0271	0.01346	0.00065	0.04359	0.06291	0.00323	0.00851	0.00157	0.00747	0.00186	0.00732	0.03471	0.00095	0.02686	0.05278
0.02887	0.01968	0.00115	0.06314	0.11143	0.0054	0.00241	0.003	0.00589	0.00163	0.01651	0.03094	0.00133	0.05828	0.04907
0.01205	0.0201	0.00095	0.04527	0.08072	0.00487	0.00113	0.0067	0.00701	0.00162	0.02018	0.03263	0.00196	0.0365	0.04575
0.02144	0.01908	0.00072	0.03987	0.06126	0.00367	0.0038	0.00305	0.00342	0.00168	0.00975	0.03193	0.0029	0.02801	0.0443
0.02482	0.01502	0.00072	0.02135	0.06832	0.00186	0.00788	0.00211	0.00527	0.00279	0.00675	0.02845	0.00103	0.01476	0.02291
0.01784	0.01154	0.00201	0.05134	0.08461	0.00275	0.00252	0.00317	0.00366	0.00221	0.00559	0.02275	0.0029	0.04238	0.04898
0.02002	0.01446	0.00077	0.02818	0.08053	0.00323	0.00421	0.00239	0.00612	0.00262	0.01609	0.03405	0.00167	0.02179	0.0281
0.02297	0.01443	0.00147	0.03809	0.05842	0.00955	0.01326	0.00238	0.00656	0.00415	0.0097	0.04618	0.00257	0.0233	0.02927
0.01636	0.01851	0.00083	0.04507	0.1065	0.00607	0.00712	0.00556	0.01059	0.00256	0.03597	0.05003	0.00148	0.03519	0.05008
0.02322	0.00718	0.00113	0.03207	0.07191	0.00104	0.00211	0.00173	0.00516	0.00409	0.01195	0.03535	0.00147	0.02403	0.04733
0.02004	0.01881	0.00074	0.0225	0.06952	0.00126	0.00495	0.00522	0.00552	0.00285	0.01523	0.05048	0.00102	0.01003	0.02838
0.01605	0.01063	0.00132	0.01835	0.05041	0.00722	0.00607	0.00264	0.00397	0.00295	0.0084	0.0306	0.00136	0.01313	0.02413
0.02489	0.01627	0.00143	0.04527	0.05969	0.00112	0.00419	0.0042	0.00543	0.00171	0.0046	0.02993	0.00093	0.0311	0.05756
0.02102	0.01844	0.00132	0.04505	0.08207	0.00284	0.00467	0.00179	0.00548	0.00274	0.0093	0.03039	0.00091	0.03536	0.05906
0.01722	0.01454	0.00095	0.0222	0.07127	0.00437	0.01051	0.00623	0.00475	0.00279	0.01454	0.0371	0.00298	0.01445	0.02563
0.03105	0.01957	0.00105	0.05245	0.1095	0.00579	0.00552	0.00701	0.00421	0.0017	0.01267	0.03588	0.00246	0.04662	0.04253
0.01673	0.01634	0.0009	0.03263	0.11188	0.0029	0.00225	0.00242	0.0038	0.00204	0.00333	0.03559	0.00266	0.02625	0.02354
0.019	0.01677	0.00078	0.01796	0.06048	0.00161	0.00902	0.00719	0.00843	0.00218	0.00646	0.02924	0.00107	0.01127	0.01776
0.01464	0.01482	0.00137	0.04208	0.07671	0.00206	0.00569	0.00281	0.00612	0.00198	0.0087	0.03018	0.00247	0.03544	0.05231
0.01405	0.01596	0.00099	0.03645	0.07679	0.00642	0.00573	0.00335	0.00318	0.00219	0.00345	0.03335	0.00216	0.03154	0.04624
0.00802	0.02113	0.00067	0.04057	0.09242	0.00735	0.02239	0.00996	0.0102	0.00222	0.00621	0.03552	0.00543	0.03306	0.03893
0.01534	0.01501	0.0011	0.05072	0.10099	0.00405	0.01637	0.00546	0.00965	0.00149	0.00305	0.04761	0.00171	0.04201	0.05244
0.01347	0.01407	0.00076	0.0357	0.07712	0.00126	0.00501	0.00314	0.00953	0.00336	0.00409	0.04502	0.00109	0.02322	0.04723
0.0155	0.01425	0.00096	0.03571	0.08331	0.00102	0.01046	0.0052	0.00629	0.00181	0.00211	0.04064	0.00134	0.02515	0.04312
0.0087	0.00986	0.00322	0.03883	0.10071	0.00296	0.01303	0.00253	0.00624	0.00189	0.00904	0.04651	0.00277	0.0319	0.04668
0.01659	0.00711	0.00121	0.03783	0.08978	0.0054	0.01326	0.00297	0.00736	0.0009	0.00388	0.04595	0.00217	0.02904	0.03803
0.01714	0.00898	0.00275	0.0371	0.07165	0.00311	0.00782	0.00284	0.00652	0.00147	0.00577	0.04738	0.00141	0.02641	0.04284
0.01639	0.01606	0.00063	0.03497	0.07894	0.00087	0.00628	0.00178	0.00741	0.00149	0.00271	0.03224	0.00126	0.02547	0.04795
0.02128	0.00888	0.0012	0.02352	0.05809	0.00246	0.01159	0.00095	0.00387	0.00131	0.00497	0.0389	0.00214	0.01537	0.03005
0.01506	0.01346	0.00137	0.02905	0.07461	0.00184	0.01186	0.00609	0.00396	0.00131	0.00453	0.03549	0.00108	0.0159	0.03585
0.01824	0.01517	0.00067	0.02389	0.06689	0.00387	0.00662	0.00233	0.00485	0.00161	0.0035	0.03284	0.00161	0.01197	0.0296
0.01694	0.01156	0.00162	0.04571	0.083	0.00305	0.00296	0.00169	0.00441	0.00219	0.00379	0.03627	0.00196	0.03943	0.05633
0.00894	0.00908	0.00153	0.04988	0.1154	0.00704	0.00757	0.00371	0.0086	0.00106	0.00864	0.04513	0.00211	0.04418	0.03964
0.00703	0.00699	0.00106	0.02755	0.07529	0.00176	0.00167	0.00231	0.0051	0.00059	0.00427	0.03366	0.00236	0.01826	0.03002
0.019	0.01213	0.00126	0.03301	0.08886	0.00901	0.00275	0.00444	0.00301	0.00255	0.00675	0.05397	0.00218	0.02599	0.04818
0.01369	0.01432	0.0007	0.03519	0.09408	0.00646	0.00275	0.00306	0.00339	0.00157	0.00845	0.04212	0.00123	0.02796	0.05084
0.01766	inf	0.00147	0.03033	0.08312	0.00433	0.01006	0.00144	0.00668	0.00163	0.00494	0.03391	0.00145	0.02559	0.04828
0.00575	0.00615	0.00126	0.03007	0.07851	0.00844	0.00905	0.00477	0.0054	0.0008	0.0051	0.04442	0.00099	0.02044	0.04359
0.01046	0.01216	0.0021	0.05314	0.09786	0.00202	0.00442	0.00325	0.00959	0.00138	0.00696	0.03514	0.00242	0.0434	0.06627
0.01367	0.01691	0.00132	0.04352	0.1079	0.00135	0.01041	0.00485	0.00567	0.00202	0.01268	0.04677	0.00183	0.03357	0.05489
0.01201	0.05077	0.00125	0.0325	0.09407	0.00125	0.00138	0.00239	0.00771	0.00034	0.01201	0.04439	0.00202	0.02404	0.03695
0.02292	0.04021	0.00214	0.04579	0.10302	0.00868	0.00671	0.004	0.00349	0.00167	0.00388	0.07478	0.00174	0.0378	0.07724
0.01045	0.02961	0.0011	0.02318	0.08449	0.0109	0.00693	0.00394	0.00423	0.00187	0.00373	0.05046	0.00206	0.01658	0.03414
0.01236	0.03047	0.00073	0.04875	0.08755	0.00221	0.00046	0.0037	0.00532	0.00166	0.00344	0.03068	0.00114	0.03988	0.06015
0.01394	0.02636	0.00125	0.02871	0.11233	0.01226	0.02244	0.00601	0.00775	0.00262	0.00643	0.07627	0.00225	0.02194	0.03065
0.01895	0.03369	0.00089	0.01936	0.0722	0.01005	0.01271	0.00304	0.00412	0.00114	0.00575	0.0381	0.00117	0.01487	0.02674
0.02022	0.03153	0.00148	0.03654	0.11975	0.00846	0.00496	0.0025	0.0067	0.0019	0.00314	0.03735	0.00109	0.03094	0.05072
0.01275	0.02809	0.00232	0.03959	0.09939	0.00891	0.00552	0.00558	0.00563	0.00112	0.00501	0.04746	0.00108	0.03356	0.06583
0.0159	0.02767	0.00148	0.03596	0.10184	0.00533	0.00914	0.00418	0.01019	0.00161	0.0153	0.03783	0.00176	0.02824	0.03939
0.00923	0.02669	0.00196	0.0378	0.10679	0.00428	0.00624	0.00463	0.00744	0.0022	0.00738	0.03041	0.00065	0.02659	0.03285
0.01488	0.02398	0.00109	0.04911	0.10095	0.00057	0.00632	0.0026	0.01074	0.00282	0.00443	0.04473	0.00133	0.04518	0.05237
0.0181	0.03192	0.00145	0.04423	0.10542	0.00481	0.00529	0.00258	0.00776	0.00267	0.00432	0.04033	0.00162	0.03436	0.0382
0.0101	0.02211	0.00286	0.05666	0.13385	0.00962	0.0143	0.00345	0.0096	0.00197	0.01154	0.04257	0.00383	0.05291	0.03561
0.00815	0.02153	0.00158	0.04136	0.08926	0.00423	0.0015	0.00218	0.00865	0.00125	0.00597	0.02759	0.00196	0.04021	0.04948
0.01691	0.02591	0.00239	0.03905	0.12164	0.00612	0.00685	0.00476	0.00906	0.00183	0.00454	0.05158	0.00397	0.0345	0.04459
0.00839	0.01485	0.00052	0.03879	0.09448	0.0049	0.00417	0.00322	0.00465	0.00156	0.0044	0.05146	0.00083	0.03234	0.04801
0.01391	0.0152	0.00089	0.0205	0.09164	0.00054	0.00226	0.00192	0.00421	0.00109	0.00684	0.04393	0.00154	0.01831	0.02685
0.01619	0.02596	0.00224	0.02738	0.08093	0.00385	0.00428	0.00371	0.00436	0.00163	0.00416	0.04591	0.00209	0.01941	0.03561
0.01701	0.02274	0.00257	0.02838	0.10274	0.00995	0.00902	0.00207	0.00788	0.0019	0.007	0.0698	0.00184	0.01857	0.03122
0.014	0.02051	0.00204	0.04334	0.07846	0.00776	0.00833	0.00543	0.00444	0.00168	0.00741	0.03237	0.00118	0.03607	0.04662
0.01292	0.02034	0.00126	0.02373	0.07031	0.01372	0.0057	0.00817	0.00376	0.00377	0.0119	0.04092	0.00094	0.02123	0.03297
0.01981	0.02946	0.00214	0.02375	0.0605	0.00728	0.01089	0.00482	0.00585	0.00247	0.00623	0.04368	0.00239	0.01482	0.03917
0.00735	0.01749	0.00143	0.04406	0.07884	0.01156	0.01298	0.00826	0.00414	0.00181	0.00755	0.03259	0.00164	0.03218	0.06051
0.01052	0.02226	0.00077	0.02932	0.08787	0.0119	0.01088	0.0059	0.00492	0.00249	0.00246	0.05496	0.00259	0.01962	0.0382
0.01193	0.01745	0.00087	0.02848	0.08319	0.00248	0.00272	0.006	0.00641	0.00217	0.00944	0.03847	0.0026	0.01736	0.03832
0.01435	0.01416	0.00127	0.03951	0.09236	0.00208	0.00248	0.00147	0.00726	0.00268	0.00952	0.04992	0.00249	0.03508	0.06167
0.01455	0.01172	0.0013	0.04836	0.09553	0.00526	0.00647	0.00398	0.00491	0.00141	0.00377	0.03457	0.0008	0.04207	0.04781
0.00929	0.011	0.00091	0.05401	0.12199	0.00581	0.0064	0.00741	0.00592	0.00273	0.00805	0.07475	0.0016	0.04946	0.04159
0.00952	0.01112	0.00126	0.02359	0.0605	0.0088	0.00527	0.00419	0.00933	0.00171	0.00306	0.03812	0.00178	0.01329	0.03245
0.00941	0.00992	0.00094	0.02965	0.08586	0.00492	0.00446	0.00592	0.00581	0.00165	0.00803	0.02827	0.00182	0.02707	0.03152
0.01256	0.01348	0.00098	0.01747	0.06497	0.00459	0.00961	0.00274	0.00676	0.00314	0.00571	0.03386	0.00157	0.0107	0.02996
0.01626	0.01397	0.00102	0.0257	0.07065	0.00304	0.00178	0.0028	0.00386	0.0026	0.00793	0.03002	0.001	0.02063	0.0343
0.01347	0.00879	0.00091	0.03111	0.0857	0.0059	0.0039	0.00421	0.00438	0.00113	0.01235	0.04501	0.00145	0.02242	0.03545
0.02589	0.019	0.00087	0.04015	0.06985	0.01258	0.00314	0.00591	0.00396	0.00343	0.00644	0.04323	0.0012	0.03348	0.07059
0.02029	0.021	0.00074	0.03368	0.07986	0.00581	0.00504	0.00699	0.00385	0.00304	0.00721	0.03623	0.00292	0.02883	0.03866
0.01882	0.02195	0.00154	0.05225	0.10959	0.00464	0.00681	0.00427	0.00308	0.00188	0.00814	0.06975	0.0025	0.04123	0.06174
0.01748	0.01835	0.00096	0.03556	0.08047	0.00972	0.01306	0.00773	0.00324	0.00106	0.01453	0.0448	0.00191	0.02265	0.0458
0.0126	0.01578	0.00059	0.0319	0.09594	0.00553	0.00846	0.00351	0.00416	0.00357	0.01615	0.03846	0.00116	0.02314	0.03328
0.01364	0.00988	0.00098	0.04075	0.08418	0.00395	0.00287	0.00416	0.00267	0.00342	0.00621	0.03779	0.00201	0.03565	0.04075
0.0237	0.02653	0.00074	0.043	0.10183	0.00627	0.0027	0.00803	0.00514	0.00299	0.01481	0.04548	0.00143	0.03788	0.04676
0.01803	0.02145	0.00106	0.05273	0.09751	0.00536	0.00748	0.00425	0.00891	0.00254	0.01336	0.03782	0.00131	0.04062	0.04587
0.02062	0.02158	0.00113	0.0252	0.07658	0.00855	0.00871	0.00447	0.0077	0.00355	0.0142	0.04124	0.00181	0.0145	0.03312
0.02873	0.01852	0.0011	0.03342	0.08668	0.0038	0.01238	0.00257	0.00659	0.00241	0.00597	0.04268	0.002	0.02913	0.04265
0.02134	0.01566	0.00074	0.03821	0.06227	0.00189	0.00477	0.00238	0.00483	0.00631	0.00542	0.02972	0.00134	0.02622	0.05307
0.01646	0.01886	0.00062	0.03291	0.08263	0.00259	0.00373	0.00345	0.00334	0.00283	0.0048	0.03725	0.00141	0.02229	0.03317
0.0105	0.01659	0.00065	0.03431	0.06572	0.00204	0.00167	0.00464	0.00317	0.00112	0.00404	0.03403	0.00135	0.02335	0.04145
0.01429	0.01348	0.00074	0.05965	0.09147	0.00239	0.00339	0.00356	0.00322	0.00137	0.00876	0.02804	0.00078	0.05146	0.061
0.01467	0.01237	0.00121	0.0501	0.08181	0.00236	0.00155	0.00351	0.00378	0.00169	0.00902	0.0284	0.00348	0.03622	0.045
0.01711	0.015	0.00124	0.05488	0.09129	0.00146	0.0026	0.00352	0.00824	0.00094	0.00539	0.03604	0.00098	0.04136	0.07727
0.01627	0.01382	0.00171	0.03016	0.06511	0.00324	0.00249	0.00717	0.00306	0.00104	0.00871	0.03329	0.00143	0.02	0.04279
0.01781	0.01818	0.00074	0.02672	0.07501	0.00735	0.00518	0.00317	0.00676	0.00273	0.00475	0.03069	0.00173	0.02274	0.04187
0.01352	0.01569	0.00079	0.03683	0.09403	0.00348	0.00149	0.00258	0.00548	0.00275	0.00794	0.03833	0.00053	0.02679	0.03995
0.01028	0.02003	0.00098	0.0203	0.08431	0.00445	0.00285	0.00465	0.00881	0.00269	0.00699	0.02995	0.00218	0.0132	0.02535
0.01578	0.01785	0.00103	0.03512	0.09961	0.00489	0.00349	0.00587	0.01075	0.00171	0.00726	0.04392	0.00078	0.02797	0.03503
0.0073	0.00965	0.00084	0.04237	0.09069	0.0039	0.00127	0.00269	0.01001	0.00149	0.00485	0.03565	0.0016	0.03478	0.03803
0.0146	0.01672	0.0006	0.04272	0.07853	0.00352	0.00244	0.00251	0.00576	0.00278	0.00606	0.02364	0.00159	0.03339	0.03878
0.00913	0.00715	0.00069	0.03306	0.0781	0.00464	0.00465	0.00403	0.00841	0.00276	0.01379	0.02854	0.00086	0.0256	0.03569
0.01378	0.01031	0.00072	0.03176	0.09545	0.00162	0.00215	0.00218	0.00835	0.0034	0.00212	0.03576	0.00159	0.02541	0.03535
0.01241	0.00496	0.00121	0.02524	0.07977	0.00092	0.00172	0.0014	0.01065	0.00234	0.00272	0.03487	0.00355	0.01932	0.03632
0.02233	0.01245	0.00094	0.03846	0.08103	0.00128	0.00441	0.00142	0.00612	0.00193	0.00283	0.02318	0.00332	0.03363	0.04376
0.01098	0.01553	0.00091	0.02489	0.07807	0.00185	0.00583	0.0014	0.01023	0.00066	0.00697	0.02747	0.00224	0.0197	0.02451
0.01976	0.01951	0.00073	0.03585	0.09024	0.00212	0.00947	0.00461	0.00613	0.00142	0.00568	0.04113	0.00406	0.02848	0.03482
0.01051	0.00929	0.00157	0.03949	0.08316	0.00204	0.00108	0.00231	0.00493	0.0007	0.00394	0.02393	0.00227	0.03106	0.03409
0.0154	0.01246	0.00166	0.03567	0.08971	0.00227	0.00549	0.00286	0.00757	0.00163	0.00512	0.02825	0.00345	0.03227	0.04186
0.01222	0.01907	0.00154	0.04791	0.10105	0.00163	0.00552	0.00555	0.00672	0.00273	0.00636	0.04356	0.00316	0.03906	0.04933
0.00853	0.0217	0.002	0.03094	0.09532	0.01142	0.01382	0.01029	0.01203	0.00259	0.00765	0.04994	0.0012	0.02535	0.04443
0.01719	0.03262	0.00144	0.03151	0.08019	0.00768	0.00442	0.00752	0.0118	0.00424	0.01596	0.04461	0.00198	0.02115	0.03866
0.01899	0.02261	0.00087	0.0365	0.08988	0.00509	0.00168	0.00417	0.00924	0.0013	0.00726	0.0272	0.00158	0.0251	0.04416
0.02367	0.0235	0.00099	0.05202	0.10681	0.00437	0.00156	0.00835	0.01069	0.00216	0.01484	0.03737	0.00085	0.04416	0.06061
0.01658	0.02903	0.0009	0.03748	0.08563	0.00299	0.00496	0.00379	0.01422	0.00187	0.00361	0.04561	0.0024	0.02705	0.05064
0.0154	0.02264	0.00164	0.05092	0.12708	0.00172	0.00603	0.00311	0.01095	0.00168	0.00404	0.0442	0.0027	0.0448	0.02732
0.01766	0.01729	0.00191	0.02247	0.06291	0.00094	0.00658	0.00256	0.01014	0.00317	0.01191	0.03586	0.00458	0.01369	0.02884
0.0188	0.01703	0.00138	0.02785	0.08994	0.0035	0.00178	0.00261	0.00599	0.00243	0.00514	0.04574	0.0018	0.01766	0.03259
0.01685	0.01534	0.00095	0.04329	0.11163	0.00351	0.004	0.00435	0.00755	0.0049	0.00292	0.04703	0.00272	0.0351	0.04266
0.01332	0.01308	0.00094	0.04094	0.10338	0.00222	0.00232	0.00293	0.00732	0.00176	0.00582	0.03361	0.00189	0.03457	0.04506
0.01053	0.00934	0.00104	0.03236	0.10465	0.00126	0.0014	0.00173	0.00968	0.00118	0.00643	0.04293	0.00139	0.02693	0.02518
0.01269	0.01216	0.00101	0.04636	0.11341	0.00398	0.00324	0.0034	0.01103	0.00239	0.00667	0.0418	0.00191	0.03743	0.06352
0.01063	0.01361	0.00184	0.04167	0.084	0.00138	0.00396	0.00253	0.01168	0.00364	0.00599	0.03085	0.00132	0.03547	0.03839
0.01475	0.0199	0.00138	0.03663	0.09221	0.00505	0.00348	0.00361	0.0104	0.00366	0.01039	0.03787	0.00207	0.02729	0.03895
0.01185	0.01753	0.00102	0.04863	0.10271	0.00588	0.00402	0.00316	0.0105	0.00319	0.00545	0.04137	0.00205	0.04592	0.03922
0.01214	0.02966	0.00048	0.02907	0.08475	0.00962	0.01708	0.00373	0.01374	0.00386	0.00602	0.04731	0.00299	0.02511	0.03704
0.01389	0.01889	0.00079	0.04256	0.11415	0.01175	0.00658	0.00501	0.0104	0.00091	0.00321	0.03909	0.00157	0.03951	0.04855
0.01496	0.02641	0.00089	0.03861	0.09687	0.01051	0.00573	0.00463	0.01412	0.00111	0.00743	0.04089	0.00206	0.03438	0.04781
0.01602	0.0242	0.0023	0.05547	0.12588	0.00271	0.00122	0.00384	0.00449	0.00274	0.00353	0.04019	0.00319	0.04949	0.06032
0.00956	0.01839	0.00077	0.03118	0.09459	0.00437	0.00387	0.00479	0.00496	0.00337	0.0044	0.03438	0.00196	0.02576	0.03423
0.00973	0.01665	0.00099	0.02543	0.09117	0.01221	0.01122	0.00379	0.00667	0.00278	0.00677	0.04908	0.00078	0.02119	0.03932
0.01249	0.01111	0.00079	0.0269	0.09234	0.00551	0.00785	0.00275	0.00911	0.00299	0.00305	0.04957	0.00193	0.02267	0.03352
0.01205	0.01424	0.00119	0.04068	0.10342	0.01	0.00663	0.00316	0.01086	0.00283	0.01444	0.05943	0.00242	0.03433	0.04118
0.00982	0.01493	0.00146	0.04865	0.10774	0.00909	0.00615	0.00533	0.0104	0.00169	0.01164	0.05024	0.00289	0.04504	0.0389
0.01096	0.01203	0.00223	0.03205	0.08911	0.00686	0.007	0.00305	0.00875	0.00183	0.00728	0.04184	0.00262	0.02568	0.03528
0.01891	0.01937	0.00096	0.03739	0.0985	0.00913	0.00575	0.00502	0.00774	0.00118	0.00716	0.05978	0.00345	0.03275	0.04667
0.01364	0.01356	0.00101	0.04297	0.10435	0.00908	0.01782	0.00712	0.01178	0.00245	0.0121	0.07252	0.00197	0.03598	0.04155
0.0129	0.00884	0.001	0.03423	0.08727	0.00545	0.00176	0.00327	0.00663	0.00196	0.01136	0.05907	0.00043	0.02868	0.04378
0.00803	0.00755	0.00099	0.02596	0.0901	0.00822	0.00375	0.00493	0.00974	0.00186	0.00481	0.04638	0.00071	0.016	0.03215
0.01046	0.00911	0.00118	0.04614	0.11412	0.00354	0.0103	0.00404	0.01021	0.00214	0.00883	0.04418	0.0018	0.03936	0.04828
0.00992	0.00871	0.002	0.02503	0.07843	0.00391	0.00363	0.00267	0.00465	0.00241	0.01032	0.04001	0.0012	0.0158	0.03105
0.01381	0.00904	0.00083	0.03624	0.09332	0.00495	0.00212	0.00271	0.00713	0.00122	0.00548	0.03305	0.00102	0.03209	0.03658
0.00871	0.01163	0.00103	0.0266	0.09049	0.00461	0.0068	0.00393	0.00782	0.00253	0.00636	0.05074	0.0023	0.02732	0.02355
0.01668	0.01079	0.00101	0.04172	0.10925	0.00374	0.00668	0.00229	0.00656	0.00269	0.0028	0.05326	0.00172	0.0338	0.03545
inf	0.00951	0.0011	0.02164	0.06985	0.00671	0.01923	0.00273	0.00807	0.00216	0.0028	0.07113	0.00169	0.00987	0.02927
inf	0.00804	0.0014	0.02811	0.08635	0.00325	0.00545	0.0023	0.00655	0.00205	0.00356	0.06586	0.00212	0.02042	0.03901
0.01655	0.01176	0.00149	0.03607	0.0852	0.00702	0.00595	0.00185	0.00341	0.00343	0.00328	0.05633	0.00325	0.02684	0.02996
0.01321	0.01071	0.00077	0.03193	0.10308	0.00738	0.00354	0.0053	0.00302	0.00134	0.00917	0.05772	0.00271	0.02691	0.03902
0.01787	0.01105	0.00149	0.02811	0.09157	0.01112	0.00273	0.00355	0.005	0.0016	0.0021	0.06346	0.00226	0.02444	0.03207
0.01658	0.0111	0.00089	0.027	0.06778	0.00988	0.00982	0.00299	0.0044	0.00159	0.00329	0.06478	0.00315	0.01686	0.03711
0.01222	0.01057	0.00079	0.03571	0.09892	0.00561	0.00459	0.0032	0.00333	0.00192	0.00228	0.07081	0.00147	0.02783	0.03475
0.01798	0.01068	0.00122	0.0529	0.12469	0.00594	0.00362	0.00218	0.0063	0.00175	0.00427	0.05149	0.00236	0.04424	0.04112
0.01622	0.01164	0.00091	0.03136	0.10411	0.01029	0.00521	0.00334	0.00824	0.00215	0.0051	0.05688	0.00181	0.02291	0.03916
0.01602	0.02041	0.00157	0.0403	0.13317	0.00717	0.00343	0.00337	0.00557	0.00206	0.00526	0.0513	0.00269	0.03487	0.03856
0.02013	0.02375	0.00119	0.02512	0.09995	0.00399	0.00479	0.00137	0.00679	0.00194	0.00672	0.05226	0.00165	0.02474	0.03463
0.01397	0.02019	0.00185	0.02966	0.08984	0.00559	0.00214	0.00198	0.00294	0.00177	0.00749	0.04153	0.00155	0.0236	0.04666
0.02002	0.01961	0.00136	0.03919	0.08888	0.00323	0.00401	0.00187	0.00589	0.00149	0.0036	0.05529	0.00274	0.02844	0.04766
0.0144	0.01859	0.00091	0.0329	0.104	0.00622	0.00338	0.00238	0.00757	0.00139	0.00452	0.04975	0.00205	0.02625	0.03674
0.01611	0.0167	0.00076	0.04454	0.07802	0.00401	0.0025	0.00188	0.00658	0.00175	0.00418	0.02602	0.00169	0.03787	0.04835
0.0135	0.0122	0.00087	0.02941	0.08494	0.00884	0.0023	0.00218	0.00502	0.00207	0.00251	0.04097	0.00215	0.02475	0.03708
0.01816	0.0152	0.00075	0.02671	0.07967	0.01095	0.00491	0.0023	0.00558	0.002	0.00254	0.04974	0.00089	0.01813	0.03663
0.0157	0.01401	0.00113	0.03354	0.08428	0.00623	0.00516	0.00218	0.00572	0.00125	0.00493	0.05365	0.00059	0.02397	0.04331
0.0126	0.01312	0.00103	0.04621	0.10539	0.00721	0.01112	0.00318	0.00835	0.00129	0.00617	0.04495	0.00176	0.03261	0.04784
0.01704	0.01671	0.00109	0.02955	0.06933	0.00061	0.00313	0.00239	0.00752	0.00168	0.00237	0.02669	0.00122	0.02141	0.04149
0.02021	0.01688	0.00137	0.0336	0.08362	0.00348	0.00258	0.00333	0.00472	0.00299	0.00276	0.0321	0.00244	0.02383	0.03835
0.01939	0.02405	0.00187	0.03332	0.09357	0.00548	0.00798	0.00955	0.00595	0.00093	0.00324	0.04215	0.00226	0.02595	0.0415
0.0137	0.01154	0.00117	0.04522	0.09184	0.00557	0.0057	0.00546	0.00375	0.00184	0.00299	0.03626	0.00264	0.03767	0.04203
0.01917	0.01124	0.00154	0.04519	0.0919	0.00364	0.00151	0.00211	0.00329	0.00168	0.00643	0.03593	0.00129	0.03341	0.05048
0.01778	0.01302	0.00156	0.03381	0.08736	0.00714	0.00636	0.00186	0.00562	0.00127	0.00534	0.05581	0.00257	0.0293	0.03489
0.02249	0.01617	0.00156	0.04495	0.08502	0.00894	0.0077	0.00448	0.00559	0.00175	0.0019	0.04915	0.00262	0.04035	0.04571
0.01831	0.00816	0.00069	0.03426	0.06011	0.0067	0.00739	0.00149	0.00497	0.00312	0.00354	0.02685	0.00114	0.02818	0.04257
0.01601	0.0095	0.00136	0.05741	0.11261	0.00838	0.00603	0.00203	0.00481	0.00307	0.003	0.05242	0.00323	0.05564	0.05774
0.01371	0.00932	0.00088	0.03796	0.08965	0.00713	0.0043	0.003	0.00534	0.00191	0.00263	0.04029	0.00062	0.03215	0.04226
0.02609	0.01735	0.00076	0.0334	0.09783	0.00911	0.00653	0.00273	0.00491	0.00237	0.00219	0.05134	0.00206	0.02737	0.04176
0.01463	0.01254	0.00163	0.02699	0.06073	0.00384	0.01	0.00357	0.00588	0.00242	0.0028	0.03986	0.00179	0.01587	0.03208
0.0272	0.02256	0.00074	0.04358	0.08548	0.0036	0.00437	0.00428	0.00381	0.00176	0.00228	0.03555	0.00385	0.04019	0.03752
0.02065	0.01581	0.00078	0.02765	0.0853	0.00253	0.01109	0.00213	0.0087	0.00296	0.00187	0.04266	0.00077	0.0197	0.02677
0.01446	0.01529	0.0018	0.03247	0.09688	0.00505	0.00792	0.00446	0.00398	0.00174	0.00183	0.04774	0.00201	0.02066	0.04117
0.01944	0.02017	0.00093	0.02364	0.07801	0.00719	0.00952	0.00168	0.00722	0.00274	0.0029	0.04929	0.0018	0.01601	0.02731
0.02041	0.02157	0.00148	0.0399	0.08408	0.00809	0.00531	0.00224	0.00581	0.00159	0.00117	0.0287	0.00176	0.03144	0.04121
0.01854	0.01562	0.00133	0.05842	0.11433	0.00491	0.00417	0.00223	0.00533	0.0015	0.00199	0.04434	0.00171	0.05384	0.05188
0.01918	0.0233	0.00138	0.04164	0.09381	0.00454	0.00656	0.00218	0.0074	0.00329	0.00489	0.03305	0.00182	0.03311	0.03868
0.01404	0.01795	0.00089	0.04517	0.08918	0.00608	0.00631	0.00329	0.00453	0.00256	0.0055	0.0264	0.00186	0.03765	0.04391
0.01316	0.01375	0.00127	0.02711	0.07588	0.00718	0.00729	0.00233	0.00579	0.00303	0.00181	0.04342	0.00124	0.02013	0.0372
0.0161	0.01776	0.00091	0.03465	0.09078	0.00481	0.00231	0.00356	0.00481	0.00118	0.00193	0.03222	0.00119	0.02838	0.02983
0.01783	0.02794	0.00127	0.03741	0.07979	0.01149	0.01186	0.00534	0.00422	0.002	0.00101	0.04467	0.00108	0.02583	0.04304
0.01469	0.02606	0.00089	0.02969	0.07126	0.00463	0.00782	0.0047	0.01041	0.00186	0.00408	0.03883	0.00061	0.02292	0.03583
0.01811	0.01957	0.00054	0.02556	0.07329	0.00953	0.00869	0.00717	0.00334	0.0013	0.00173	0.03474	0.00103	0.01744	0.03331
0.01503	0.01089	0.00072	0.03665	0.07226	0.00447	0.01168	0.00216	0.00835	0.00166	0.00266	0.02837	0.00256	0.02954	0.0385
inf	0.01171	0.00187	0.04724	0.09762	0.00611	0.00732	0.00512	0.00481	0.00125	0.00295	0.03757	0.00286	0.04262	0.0342
0.01963	0.01185	0.00097	0.04406	0.09302	0.00529	0.008	0.00413	0.00588	0.001	0.00185	0.04606	0.00351	0.0367	0.04151
0.01825	0.01239	0.0015	0.05428	0.11621	0.00628	0.00944	0.00448	0.00568	0.00213	0.00331	0.0351	0.00336	0.04987	0.03617
0.02508	0.01518	0.00075	0.03036	0.07202	0.00508	0.00348	0.0043	0.0041	0.00269	0.00233	0.0308	0.0023	0.02267	0.03207
0.02204	0.0152	0.00126	0.02544	0.08115	0.00814	0.00938	0.00449	0.00824	0.00193	0.00316	0.04035	0.00112	0.01556	0.03277
0.02401	0.02164	0.00106	0.05647	0.08743	0.00145	0.00331	0.00212	0.00678	0.0022	0.00259	0.02553	0.00271	0.04833	0.04682
0.02213	0.02208	0.00115	0.03902	0.08645	0.00352	0.00369	0.00305	0.00837	0.00177	0.00211	0.02674	0.00246	0.03299	0.0349
0.02864	0.02057	0.00118	0.04028	0.08083	0.00491	0.00362	0.00204	0.00492	0.00234	0.0026	0.03045	0.00194	0.03001	0.04671
0.02223	0.02122	0.00083	0.05408	0.09145	0.00625	0.0086	0.003	0.00448	0.00232	0.00308	0.02657	0.00186	0.04633	0.05754
0.01979	0.01732	0.00139	0.04598	0.09847	0.00825	0.00812	0.00326	0.00782	0.00215	0.00418	0.03386	0.00337	0.04112	0.03155
0.02018	0.0174	0.00107	0.02563	0.06253	0.00739	0.01217	0.00339	0.00642	0.0017	0.0041	0.03477	0.00217	0.01461	0.02702
0.01842	0.02024	0.00181	0.03199	0.07546	0.00327	0.00959	0.00227	0.00863	0.0012	0.00588	0.03172	0.00292	0.02211	0.03842
0.02634	0.01721	0.00115	0.03725	0.07881	0.00438	0.00216	0.00212	0.00529	0.00192	0.00398	0.02973	0.00229	0.02691	0.03926
0.01522	0.01225	0.00128	0.03332	0.08967	0.00695	0.01688	0.00284	0.01105	0.00289	0.00466	0.05522	0.00337	0.02515	0.03007
0.0199	0.01521	0.00091	inf	0.07195	0.0041	0.00977	0.00335	0.0093	0.00248	0.00293	0.03123	0.00237	0.02211	0.03683
0.02222	0.01787	0.00153	0.04184	0.0792	0.00371	0.01169	0.00303	0.00649	0.00229	0.0056	0.03933	0.00422	0.03501	0.04659
0.02866	0.02346	0.00093	0.02907	0.05908	0.00547	0.00855	0.00287	0.00774	0.0027	0.00327	0.0259	0.00263	0.01967	0.04056
0.02446	0.01481	0.00123	0.0197	0.06706	0.00764	0.00796	0.00448	0.00629	0.00163	0.0051	0.04604	0.00174	0.01143	0.02331
0.01806	0.01306	0.00101	0.03763	0.05386	0.0037	0.00848	0.00181	0.00737	0.00131	0.00354	0.03101	0.00278	0.02505	0.03705
0.01994	0.0163	0.00157	0.02865	0.07003	0.006	0.00834	0.00274	0.00701	0.00209	0.00435	0.02571	0.00242	0.02095	0.0381
0.02464	0.01909	0.00092	0.03198	0.07956	0.00523	0.01406	0.00293	0.00874	0.00134	0.00214	0.0448	0.00115	0.02489	0.03129
0.02849	0.02141	0.00228	0.03236	0.09006	0.00234	0.0054	0.00137	0.00924	0.00225	0.00299	0.0417	0.00226	0.02609	0.03481
0.0147	0.0127	0.00124	0.02794	0.08027	0.00893	0.01603	0.0033	0.00813	0.0014	0.00268	0.05727	0.00294	0.01747	0.03025
0.02464	0.01998	0.00178	0.03411	0.07474	0.0025	0.00435	0.00095	0.00859	0.00133	0.00243	0.03166	0.00271	0.01878	0.041
0.0259	0.0222	0.00156	0.02776	0.08567	0.00114	0.01007	0.00186	0.01056	0.00186	0.00409	0.03767	0.00121	0.01917	0.04016
0.01871	0.01823	0.0009	0.02731	0.0772	0.00257	0.00778	0.00331	0.00927	0.00186	0.00191	0.05401	0.00125	0.02226	0.04298
0.02032	0.0137	0.00156	0.02348	0.0709	0.00174	0.00891	0.00192	0.00813	0.00171	0.00198	0.04395	0.0023	0.01579	0.03437
0.01613	0.01279	0.00093	0.03523	0.08716	0.00597	0.01072	0.002	0.00821	0.00187	0.00343	0.04434	0.00137	0.02889	0.03596
0.02103	0.01232	0.00235	0.02343	0.07376	0.01027	0.01556	0.00275	0.00828	0.00105	0.00436	0.04735	0.00169	0.01777	0.03677
0.01643	0.01076	0.00177	0.0192	0.06955	0.0063	0.00711	0.00207	0.00471	0.00172	0.00347	0.04587	0.00371	0.00646	0.02445
0.02179	0.0159	0.00099	0.02434	0.07604	0.00431	0.00592	0.00242	0.00787	0.0012	0.00175	0.03864	0.00262	0.01762	0.02772
0.01746	0.01347	0.00183	0.03341	0.08524	0.00376	0.00342	0.00243	0.00476	0.00158	0.00262	0.03933	0.00205	0.02278	0.0237
0.01766	0.01631	0.00075	0.02275	0.06499	0.0022	0.01022	0.00156	0.0092	0.00234	0.00253	0.0384	0.0014	0.01125	0.02942
0.01688	0.01687	0.00069	0.03109	0.09297	0.00185	0.00935	0.00175	0.01118	0.0017	0.00278	0.0347	0.00185	0.02289	0.0363
0.01641	0.01747	0.00118	0.04253	0.09041	0.00582	0.00939	0.00259	0.01197	0.00152	0.00444	0.0399	0.00152	0.03538	0.04553
0.01696	0.01647	0.0006	0.04693	0.08722	0.00493	0.00865	0.00175	0.00874	0.00222	0.00389	0.03758	0.00189	0.03753	0.0534
0.01259	0.0156	0.00084	0.03465	0.07723	0.00711	0.01339	0.00247	0.00756	0.00239	0.00286	0.03833	0.00191	0.02442	0.03542
0.01579	0.01606	0.00118	0.04545	0.08444	0.00477	0.0031	0.00218	0.00559	0.00135	0.00373	0.02053	0.00136	0.03857	0.04849
0.02297	0.01853	0.00096	0.03154	0.07663	0.00439	0.00908	0.00334	0.00806	0.00203	0.0036	0.02828	0.00148	0.02162	0.03738
0.01982	0.01871	0.00132	0.04622	0.09807	0.00258	0.00917	0.00137	0.00838	0.00206	0.00369	0.03781	0.00138	0.03994	0.04238
0.0194	0.01565	0.00093	0.03313	0.07505	0.00146	0.00444	0.00188	0.00676	0.00214	0.00322	0.02435	0.00108	0.02739	0.03604
0.01828	0.01046	0.00144	0.03702	0.10732	0.00126	0.00524	0.00175	0.00924	0.00249	0.00432	0.04751	0.00229	0.02818	0.0324
0.01736	0.01323	0.001	0.03347	0.08744	0.00282	0.00672	0.00433	0.00805	0.00206	0.00306	0.05137	0.00137	0.02435	0.03879
0.02235	0.01452	0.00089	0.03519	0.07033	0.00318	0.0024	0.00206	0.00628	0.00223	0.00208	0.03221	0.00158	0.02329	0.04059
0.02375	0.01626	0.0021	0.03102	0.0939	0.006	0.0094	0.00433	0.00943	0.00176	0.00306	0.04236	0.00225	0.025	0.03569
0.01776	0.01137	0.00117	0.03119	0.07326	0.00631	0.0043	0.00308	0.00911	0.00211	0.00245	0.03111	0.0014	0.0228	0.04135
0.01778	0.01571	0.00136	0.04492	0.0941	0.00318	0.00453	0.00204	0.00751	0.00245	0.00259	0.03993	0.00242	0.04177	0.04361
0.0178	0.01778	0.00214	0.03641	0.09994	0.00357	0.00492	0.00365	0.00752	0.00176	0.00227	0.0576	0.00194	0.029	0.03411
0.01755	0.01926	0.00158	0.03099	0.08134	0.00468	0.0096	0.00278	0.00778	0.00143	0.00269	0.04141	0.00159	0.02355	0.03928
0.01802	0.0198	0.00147	0.04687	0.10974	0.00414	0.00962	0.00392	0.00951	0.00206	0.00293	0.05291	0.00226	0.03989	0.04354
0.01438	0.01834	0.00107	0.03472	0.09687	0.01105	0.01348	0.00565	0.00738	0.00148	0.00385	0.05804	0.00241	0.02929	0.03543
0.01325	0.01436	0.001	0.03759	0.08764	0.00727	0.00727	0.00473	0.00663	0.00108	0.00441	0.04464	0.00239	0.02876	0.04186
0.02038	0.01853	0.00095	0.03222	0.07875	0.00496	0.00607	0.00267	0.0077	0.00218	0.00573	0.04224	0.00137	0.02388	0.03709
0.01814	0.02144	0.00117	0.02326	0.07706	0.0053	0.01168	0.00411	0.0074	0.00203	0.00532	0.04651	0.00115	0.0182	0.02881
0.01722	0.01975	0.00102	0.02641	0.07074	0.00536	0.01134	0.00448	0.00825	0.00157	0.00489	0.03732	0.00205	0.01662	0.03091
0.02348	0.02401	0.00126	0.03128	0.1022	0.00381	0.00896	0.00317	0.00727	0.0012	0.00456	0.05857	0.00328	0.02517	0.04097
0.02063	0.02049	0.00139	0.03571	0.07775	0.00592	0.00962	0.00425	0.00814	0.00104	0.00296	0.04628	0.00279	0.02691	0.0403
0.01992	0.01926	0.00102	0.02428	0.06977	0.00551	0.01048	0.00389	0.00817	0.00122	0.00355	0.04697	0.00216	0.01348	0.03343
0.02086	0.01912	0.00138	0.03681	0.09185	0.00775	0.00885	0.00228	0.00698	0.00079	0.00279	0.04967	0.00201	0.03147	0.03941
0.02372	0.02519	0.00078	0.04231	0.09638	0.01207	0.01095	0.00588	0.00525	0.00109	0.00768	0.04599	0.00207	0.03468	0.04613
0.01466	0.01725	0.00059	0.0243	0.08288	0.00903	0.00884	0.00683	0.00835	0.00107	0.00823	0.05459	0.00227	0.0174	0.03427
0.02097	0.02145	0.00165	0.03163	0.09617	0.00624	0.00768	0.00503	0.00574	0.00104	0.00444	0.04084	0.00123	0.02549	0.03818
0.01429	0.01701	0.00055	0.03956	0.10869	0.00818	0.01077	0.00691	0.00748	0.00108	0.00497	0.04403	0.00231	0.03584	0.03482
0.01396	0.01987	0.00086	0.02758	0.0759	0.00606	0.00807	0.00438	0.00721	0.0015	0.0024	0.0346	0.00144	0.01802	0.03357
0.00945	0.017	0.00127	0.03481	0.1048	0.00665	0.00721	0.00422	0.00971	0.0013	0.00529	0.0409	0.00314	0.0282	0.03966
0.01214	0.01956	0.00089	0.0242	0.07778	0.00752	0.00736	0.00358	0.00765	0.00149	0.00722	0.0472	0.0024	0.01575	0.03419
0.01585	0.02183	0.00064	0.03605	0.10146	0.01004	0.0119	0.00595	0.00826	0.00127	0.00241	0.05162	0.0025	0.02884	0.03987
0.01088	0.01501	0.00085	0.04171	0.09197	0.00702	0.01067	0.0039	0.00665	0.00145	0.00347	0.03361	0.00401	0.03234	0.04698
0.00881	0.01772	0.00094	0.04204	0.09457	0.00437	0.0099	0.0041	0.00891	0.00201	0.00519	0.03727	0.00361	0.03194	0.05243
0.01124	0.01776	0.00084	0.02685	0.07825	0.00422	0.00687	0.00358	0.00914	0.00167	0.00372	0.03901	0.00192	0.01849	0.04137
0.01175	0.01748	0.00071	0.03635	0.0883	0.00503	0.01292	0.00593	0.00956	0.00158	0.00776	0.04173	0.00388	0.0321	0.037
0.01031	0.01368	0.00094	0.03968	0.08529	0.00325	0.00755	0.00413	0.00718	0.00197	0.00309	0.02816	0.00236	0.03321	0.04647
0.01165	0.01461	0.00157	0.02323	0.07664	0.00481	0.01151	0.00556	0.00691	0.00136	0.00314	0.0386	0.00258	0.01758	0.0294
0.01434	0.01821	0.00093	0.04124	0.10139	0.00352	0.00792	0.00344	0.00712	0.00175	0.00324	0.03248	0.0026	0.03477	0.03708
0.01122	0.01945	0.00083	0.02414	0.09632	0.00459	0.00631	0.00363	0.00863	0.00152	0.00372	0.03885	0.00205	0.01915	0.02759
0.01198	0.01825	0.00071	0.02201	0.06888	0.00445	0.00821	0.00355	0.00785	0.00254	0.00321	0.02958	0.00159	0.01299	0.03235
0.01133	0.01852	0.00085	0.04566	0.11842	0.00255	0.00531	0.0022	0.00966	0.00175	0.00227	0.03904	0.00207	0.04083	0.041
0.00671	0.01293	0.00125	0.03759	0.09307	0.00181	0.00377	0.0027	0.00679	0.00176	0.00424	0.03497	0.00202	0.03249	0.04025
0.01133	0.01427	0.00199	0.03474	0.08677	0.00448	0.00743	0.00175	0.00528	0.00118	0.00202	0.04503	0.00289	0.02826	0.04573
0.01124	0.01469	0.00076	0.02981	0.08158	0.00461	0.00593	0.00202	0.00551	0.00157	0.00248	0.03931	0.0023	0.02457	0.03385
0.01239	0.01562	0.00218	0.03079	0.08427	0.00412	0.00964	0.0036	0.00547	0.00232	0.00212	0.03704	0.00176	0.02484	0.03858
0.0153	0.01547	0.00103	0.02353	0.08105	0.00592	0.00669	0.00216	0.00532	0.00174	0.00298	0.04156	0.00151	0.0158	0.02923
0.01462	0.01985	0.00087	0.02777	0.09517	0.00522	0.0048	0.00219	0.00689	0.00251	0.0037	0.03932	0.00283	0.02015	0.03504
0.01821	0.02202	0.00126	0.03066	0.07677	0.00378	0.00534	0.00127	0.00489	0.00194	0.00372	0.03058	0.00147	0.02304	0.03818
0.01871	0.02354	0.00104	0.03697	0.09423	0.00677	0.00815	0.00161	0.00577	0.00163	0.00226	0.04442	0.0016	0.03214	0.04743
0.01475	0.02224	0.00132	0.03571	0.08352	0.00623	0.00318	0.00197	0.00599	0.00165	0.00293	0.03201	0.00122	0.02824	0.04432
0.0117	0.01814	0.00122	0.03117	0.0949	0.0049	0.00644	0.00194	0.00598	0.00146	0.00311	0.04381	0.00172	0.02645	0.03344
0.02049	0.02201	0.00102	0.03053	0.07095	0.00333	0.0041	0.00173	0.00469	0.00188	0.00188	0.04147	0.00189	0.02188	0.04145
0.0205	0.02295	0.00105	0.03592	0.09106	0.00512	0.00805	0.0017	0.00531	0.00141	0.00467	0.0491	0.00257	0.02861	0.03344
0.01745	0.02262	0.00096	0.03119	0.07902	0.00448	0.00746	0.0011	0.00425	0.0014	0.00499	0.04239	0.00131	0.02329	0.0368
0.01853	0.01982	0.00183	0.02685	0.07387	0.0065	0.0088	0.00162	0.00506	0.00204	0.00249	0.04334	0.00254	0.01758	0.03366
0.01825	0.01963	0.001	0.02953	0.08925	0.00554	0.00941	0.00172	0.00463	0.00166	0.00364	0.04519	0.00188	0.01951	0.03569
0.02114	0.02559	0.00154	0.03141	0.07461	0.00715	0.00605	0.00202	0.00442	0.00132	0.0033	0.03966	0.00127	0.0252	inf
0.02043	0.02383	0.00142	0.03544	0.08845	0.00778	0.01011	0.00199	0.00599	0.00195	0.00663	0.04262	0.00204	0.02771	0.04792
0.01417	0.01949	0.00161	0.02268	0.07624	0.00723	0.00819	0.00267	0.00567	0.00187	0.00605	0.04808	0.00213	0.01446	0.03011
0.02018	0.02571	0.00115	0.041	0.09222	0.00816	0.0136	0.00234	0.00649	0.00145	0.00318	0.0539	0.00197	0.03449	0.04588
0.01808	0.023	0.00133	0.03938	0.09029	0.0072	0.00821	0.00193	0.00598	0.00162	0.00393	0.04026	0.00179	0.03139	0.0553
0.01765	0.02275	0.00109	0.02697	0.07813	0.00749	0.01486	0.0025	0.00703	0.00149	0.00594	0.04554	0.0016	0.01758	0.03094
0.01754	0.02241	0.00078	0.03087	0.09012	0.00855	0.01019	0.00284	0.00532	0.00155	0.00455	0.04311	0.00201	0.02315	0.03593
0.01909	0.02213	0.00082	0.03126	0.08774	0.00746	0.0076	0.00319	0.00827	0.00174	0.00462	0.04402	0.00172	0.02193	0.03795
0.01629	0.02307	0.00096	0.04226	0.09773	0.00725	0.01271	0.00246	0.00649	0.00136	0.00639	0.04302	0.00266	0.03228	0.04547
0.01884	0.0209	0.001	0.02577	0.0794	0.00466	0.01095	0.00154	0.00685	0.00154	0.0072	0.04428	0.00146	0.01664	0.03054
0.01675	0.01884	0.00123	0.04078	0.09797	0.00506	0.00627	0.00233	0.00648	0.00114	0.00509	0.04867	0.00273	0.03216	0.0453
0.01326	0.01673	0.00115	0.03002	0.0891	0.0065	0.00954	0.00234	0.0057	0.00121	0.00662	0.04965	0.0022	0.02284	0.03183
0.01576	0.01846	0.00076	0.04108	0.09039	0.00674	0.00846	0.00359	0.00558	0.00137	0.0037	0.04696	0.00182	0.0333	0.04826
0.017	0.01824	0.00104	0.03961	0.11279	0.00469	0.00637	0.00331	0.00494	0.00124	0.00323	0.05913	0.00212	0.0319	0.0341
0.01768	0.02078	0.00101	0.0355	0.09919	0.00378	0.00631	0.00243	0.00596	0.00181	0.00316	0.04137	0.00181	0.03139	0.0384
0.01698	0.01989	0.00082	0.02837	0.09462	0.00745	0.01473	0.00313	0.00734	0.00196	0.0049	0.05456	0.00103	0.02078	0.04031
0.022	0.02776	0.00136	0.02651	0.08569	0.00813	0.01058	0.00313	0.00585	0.00124	0.00579	0.05803	0.00188	0.02	0.03288
0.01774	0.02254	0.00116	0.03574	0.10856	0.00736	0.00948	0.00404	0.00625	0.00171	0.00674	0.05617	0.00154	0.02817	0.04532
0.01575	0.02157	0.00175	0.03651	0.1037	0.00641	0.00744	0.00278	0.00586	0.00151	0.00477	0.05881	0.00203	0.03096	0.04392
0.01259	0.01711	0.00132	0.0264	0.07586	0.00605	0.00861	0.00313	0.00507	0.00119	0.00412	0.04359	0.00156	0.01588	0.02931
0.01487	0.01835	0.00103	0.03252	0.0955	0.00638	0.00711	0.00283	0.00574	0.00182	0.00397	0.04357	0.00142	0.02532	0.0394
0.01752	0.01804	0.00122	0.02885	0.10034	0.00714	0.00951	0.00341	0.00561	0.00177	0.00482	0.05635	0.00143	0.02263	0.03484
0.01811	0.01858	0.00117	0.03103	0.09988	0.00606	0.00754	0.00363	0.00467	0.00137	0.00587	0.05596	0.00156	0.02271	0.03569
0.01799	0.01699	0.00118	0.02921	0.08654	0.00518	0.00567	0.00336	0.00423	0.0017	0.00434	0.04695	0.00275	0.02156	0.03615
0.01715	0.01721	0.00126	0.04491	0.11089	0.00458	0.00727	0.00218	0.00605	0.00134	0.00502	0.0461	0.00259	0.03936	0.03693
0.01327	0.01313	0.00137	0.03596	0.08722	0.00575	0.00944	0.00307	0.00562	0.00179	0.00417	0.03884	0.00209	0.02708	0.03911
0.0142	0.01675	0.00177	0.03441	0.09548	0.00751	0.00835	0.00307	0.00515	0.00155	0.0058	0.0477	0.00231	0.02721	0.03787
0.01683	0.01749	0.00156	0.02718	0.08992	0.00558	0.00908	0.00253	0.00647	0.00149	0.00535	0.0425	0.00187	0.01909	0.03047
0.01657	0.01533	0.00115	0.0345	0.10343	0.00608	0.00674	0.00277	0.00557	0.00126	0.00327	0.05679	0.00217	0.02524	0.04022
0.01454	0.01417	0.00111	0.03661	0.08888	0.00463	0.00552	0.00303	0.00615	0.00153	0.00373	0.03557	0.00224	0.02886	0.03989
0.01665	0.01547	0.00103	0.04417	0.10229	0.00425	0.00519	0.00336	0.00428	0.00137	0.00317	0.03918	0.00262	0.03905	0.03762
0.01807	0.01738	0.00149	0.04378	0.08928	0.00439	0.00505	0.00426	0.00539	0.00163	0.0033	0.03503	0.00216	0.03443	0.04381
0.01788	0.01922	0.00172	0.04147	0.09824	0.00572	0.00593	0.00288	0.00572	0.00174	0.00373	0.03936	0.00244	0.0356	0.03841
0.01643	0.01639	0.00138	0.04461	0.09273	0.00285	0.00446	0.00231	0.00613	0.00146	0.00524	0.03347	0.00221	0.03885	0.05046
0.0161	0.01739	0.00113	0.03999	0.09695	0.00528	0.00733	0.00324	0.0062	0.00175	0.00436	0.04121	0.00225	0.03325	0.03329
0.01723	0.01776	0.00129	0.02961	0.08036	0.00339	0.00795	0.00281	0.00802	0.00188	0.00594	0.03267	0.00214	0.02467	0.02675
0.01791	0.01444	0.00118	0.03679	0.08994	0.00363	0.00554	0.00252	0.00766	0.0015	0.00471	0.03457	0.00117	0.02958	0.03928
0.01364	0.01449	0.0009	0.03986	0.08576	0.00416	0.01035	0.00346	0.00795	0.00155	0.00653	0.03785	0.00171	0.03133	0.05375
0.01422	0.01812	0.00118	0.02775	0.08932	0.00611	0.0146	0.00321	0.01023	0.00126	0.00642	0.0432	0.00116	0.0208	0.03685
0.01833	0.01962	0.00097	0.03369	0.1061	0.00604	0.01331	0.00329	0.0085	0.0012	0.00639	0.04637	0.00172	0.02726	0.03132
0.02002	0.01824	0.0014	0.03556	0.096	0.00458	0.01292	0.0034	0.00734	0.00137	0.00719	0.04255	0.00178	0.02843	0.04074
0.01508	0.01573	0.00097	0.04338	0.09576	0.00428	0.00701	0.00277	0.00664	0.00119	0.00644	0.03597	0.00165	0.03496	0.03933
0.01695	0.01746	0.00109	0.04455	0.10078	0.00471	0.00815	0.00316	0.00739	0.00119	0.00474	0.03535	0.00234	0.03935	0.04701
0.02144	0.021	0.00145	0.02616	0.08775	0.00475	0.01312	0.00235	0.00862	0.00176	0.00668	0.04558	0.00142	0.01893	0.03526
0.01949	0.0201	0.00157	0.03321	0.09029	0.00476	0.008	0.00244	0.00917	0.00219	0.00619	0.04115	0.00175	0.0253	0.03884
0.02006	0.02051	0.00144	0.04553	0.11209	0.00325	0.00877	0.00183	0.00949	0.00231	0.00932	0.03742	0.00227	0.04319	0.04416
0.01816	0.01967	0.00157	0.03673	0.10118	0.00473	0.0056	0.00193	0.00682	0.00209	0.00718	0.04655	0.00285	0.02942	0.04345
0.01651	0.01935	0.00112	0.03631	0.10602	0.00704	0.00689	0.00267	0.00635	0.00189	0.00882	0.04409	0.00197	0.02872	0.03785
0.01744	0.01952	0.0016	0.03893	0.09462	0.00589	0.00642	0.00237	0.00624	0.00316	0.00697	0.03798	0.00291	0.03185	0.04085
0.01696	0.01829	0.00167	0.04234	0.09715	0.0075	0.00765	0.00264	0.00762	0.00282	0.00675	0.04036	0.00239	0.0332	0.0508
0.01724	0.01977	0.0013	0.04357	0.10011	0.00579	0.00655	0.00192	0.00778	0.00273	0.00602	0.04156	0.00225	0.03497	0.05302
0.01934	0.02033	0.00131	0.04411	0.09803	0.00518	0.00791	0.00344	0.0073	0.00278	0.00713	0.03691	0.00231	0.03698	0.04815
0.01813	0.0215	0.00128	0.03668	0.10249	0.00436	0.00613	0.00263	0.00692	0.00309	0.00466	0.042	0.00204	0.03052	0.04098
0.01801	0.02143	0.00082	0.03443	0.09306	0.00739	0.00705	0.00361	0.00563	0.00244	0.00445	0.04506	0.00227	0.0281	0.04707
0.01951	0.0222	0.001	0.03603	0.0957	0.00783	0.00749	0.00274	0.00663	0.00259	0.00341	0.04848	0.00198	0.02855	0.04025
0.02157	0.02527	0.00082	0.04281	0.09418	0.0059	0.00567	0.00276	0.00651	0.00249	0.00444	0.03947	0.00241	0.03474	0.05313
0.01761	0.02376	0.00094	0.03805	0.0977	0.00796	0.00743	0.00365	0.00619	0.00213	0.00486	0.05028	0.00239	0.0317	0.04318
0.01935	0.02389	0.00125	0.04509	0.09762	0.00573	0.00529	0.00265	0.00518	0.00214	0.00404	0.03924	0.00232	0.03892	0.04762
0.01981	0.02455	0.00104	0.0396	0.10157	0.00752	0.00808	0.00277	0.00699	0.00186	0.00494	0.04236	0.00277	0.03474	0.03843
0.02336	0.0246	0.00105	0.03421	0.0857	0.00568	0.00572	0.00225	0.0053	0.00198	0.00527	0.04009	0.00195	0.02638	0.03936
0.0188	0.02334	0.00097	0.03479	0.1046	0.00716	0.00729	0.00234	0.00555	0.00149	0.00518	0.04927	0.00196	0.02771	0.0389
0.01767	0.02125	0.00132	0.03478	0.09495	0.00762	0.0062	0.00274	0.00532	0.00152	0.00528	0.0528	0.00144	0.0282	0.04171
0.01824	0.02033	0.00093	0.03799	0.1085	0.00708	0.00645	0.00299	0.00574	0.00129	0.00412	0.05224	0.00221	0.03314	0.03808
0.01684	0.0198	0.00119	0.0374	0.10456	0.01104	0.00588	0.0033	0.00485	0.00158	0.00503	0.05498	0.00263	0.03139	0.04674
0.01659	0.021	0.00127	0.03769	0.09851	0.00651	0.00639	0.00281	0.00569	0.00158	0.00483	0.04759	0.00279	0.03157	0.04256
0.01596	0.01759	0.00104	0.03874	0.09473	0.00712	0.00642	0.00301	0.00576	0.00164	0.00742	0.04777	0.00235	0.03101	0.04503
0.01788	0.01881	0.00082	0.03977	0.09773	0.00738	0.00436	0.00321	0.00444	0.00155	0.00558	0.04428	0.00237	0.03048	0.04088
0.02006	0.01973	0.001	0.03948	0.08569	0.00563	0.00273	0.00281	0.00477	0.00197	0.00478	0.04395	0.00171	0.02966	0.04859
0.01742	0.02057	0.00117	0.03854	0.09108	0.00571	0.00512	0.00218	0.00622	0.00228	0.00492	0.04258	0.00206	0.03055	0.04218
0.01904	0.01966	0.00131	0.0406	0.10201	0.00815	0.00533	0.00261	0.00551	0.00237	0.00585	0.0462	0.00216	0.03321	0.04654
0.0195	0.02118	0.0014	0.03301	0.09152	0.00742	0.00609	0.00248	0.00637	0.00179	0.00578	0.05253	0.00191	0.02555	0.03886
0.01848	0.02069	0.00139	0.03775	0.09419	0.00817	0.00688	0.00255	0.00557	0.00207	0.00507	0.04689	0.00259	0.02963	0.04248
0.01766	0.01972	0.00151	0.03224	0.09286	0.00744	0.00751	0.00181	0.00534	0.00183	0.00719	0.0488	0.00251	0.02618	0.03888
0.01839	0.01916	0.00116	0.03458	0.08942	0.00752	0.0075	0.00271	0.00548	0.00211	0.00517	0.05001	0.00261	0.02713	0.04094
0.01864	0.01994	0.00109	0.03934	0.09612	0.00988	0.00701	0.00268	0.00481	0.00194	0.00646	0.04711	0.00247	0.03184	0.03922
0.01839	0.02	0.00096	0.03336	0.08634	0.00869	0.00813	0.003	0.00544	0.00194	0.0051	0.04364	0.00192	0.02555	0.03965
0.02156	0.02065	0.00138	0.03669	0.09861	0.00898	0.00677	0.00302	0.00519	0.00202	0.00442	0.0571	0.00151	0.02872	0.03464
0.01757	0.02129	0.00119	0.0372	0.09386	0.00805	0.00614	0.00209	0.00423	0.00198	0.00525	0.05249	0.00177	0.03069	0.0464
0.01823	0.0212	0.00114	0.036	0.09442	0.00726	0.00377	0.00278	0.00522	0.00196	0.00437	0.04405	0.00286	0.0294	0.03256
0.02342	0.02498	0.00122	0.03887	0.0945	0.00571	0.0042	0.00213	0.00444	0.00239	0.00575	0.04637	0.00202	0.03009	0.04172
0.02294	0.02495	0.00105	0.03618	0.10045	0.00674	0.00423	0.00228	0.00397	0.00251	0.00501	0.05286	0.00231	0.03066	0.04037
0.0214	0.02239	0.00121	0.02913	0.08632	0.00702	0.00405	0.0023	0.00447	0.00239	0.00529	0.05237	0.0014	0.02379	0.04514
0.02159	0.02366	0.001	0.0341	0.08289	0.00559	0.00483	0.00248	0.00572	0.00236	0.00507	0.04508	0.00156	0.0251	0.04244
0.02145	0.02298	0.00101	0.03668	0.09824	0.00497	0.00622	0.00208	0.0045	0.00196	0.00694	0.04691	0.00277	0.03027	0.03098
0.02028	0.02283	0.00096	0.03529	0.0931	0.00855	0.00658	0.00282	0.00544	0.00201	0.00531	0.0539	0.00184	0.0239	0.03452
0.0189	0.02141	0.0013	0.03512	0.09177	0.00683	0.00816	0.00194	0.006	0.00202	0.00612	0.05377	0.0022	0.02841	0.04126
0.01787	0.01947	0.0015	0.03636	0.08607	0.00451	0.00675	0.00179	0.00671	0.00216	0.00561	0.03908	0.00215	0.02787	0.03532
0.01784	0.02235	0.00117	0.03546	0.09217	0.00567	0.00613	0.00215	0.00562	0.00171	0.00528	0.04403	0.00155	0.02859	0.04085
0.01902	0.02162	0.00114	0.03079	0.09018	0.00425	0.00552	0.00203	0.00575	0.00211	0.00542	0.04748	0.00199	0.02248	0.03713
0.01818	0.02053	0.00112	0.03241	0.09711	0.00361	0.00615	0.00199	0.00624	0.00205	0.00528	0.05406	0.00193	0.02397	0.03987
0.02001	0.02092	0.00129	0.03299	0.08691	0.0048	0.00732	0.00225	0.00671	0.00219	0.00543	0.04878	0.00186	0.02524	0.033
0.02016	0.02118	0.00096	0.03401	0.08373	0.00459	0.00704	0.00155	0.0068	0.00228	0.00561	0.0447	0.0018	0.02789	0.03767
0.01999	0.02295	0.00104	0.03357	0.09374	0.00421	0.00822	0.00178	0.007	0.002	0.0046	0.05056	0.00176	0.02655	0.03578
0.01879	0.02218	0.00113	0.02995	0.09166	0.00433	0.0079	0.00272	0.00763	0.00206	0.00485	0.05124	0.00206	0.02218	0.03127
0.01999	0.02337	0.00112	0.03428	0.09502	0.00461	0.00737	0.00224	0.00669	0.00246	0.00424	0.0484	0.00265	0.02877	0.0329
0.01866	0.021	0.00127	0.03282	0.08423	0.00461	0.00639	0.00203	0.00638	0.00216	0.00367	0.04618	0.00214	0.02648	0.04293
0.02026	0.02335	0.00111	0.03322	0.08381	0.00598	0.00795	0.0021	0.00627	0.00225	0.00451	0.04362	0.00193	0.02466	0.03435
0.02086	0.02363	0.00123	0.03337	0.088	0.00583	0.00895	0.00228	0.00658	0.00203	0.00409	0.0533	0.00203	0.02494	0.04551
0.01973	0.02392	0.00137	0.03673	0.09275	0.00592	0.00865	0.00314	0.00627	0.00216	0.00441	0.0527	0.00234	0.02788	0.04847
0.0194	0.02256	0.00142	0.03099	0.08892	0.00539	0.00739	0.00268	0.00647	0.00192	0.00425	0.04794	0.0022	0.02458	0.0397
0.02254	0.02498	0.00111	0.0298	0.09018	0.00721	0.00744	0.00269	0.00595	0.00236	0.00496	0.04775	0.00196	0.02516	0.03883
0.02227	0.02406	0.00115	0.0358	0.09904	0.00586	0.00728	0.00186	0.00627	0.00255	0.00593	0.04802	0.00203	0.02761	0.03762
0.02345	0.02493	0.00131	0.03164	0.09536	0.00632	0.00781	0.00203	0.00665	0.00191	0.00597	0.05066	0.00203	0.02433	0.03757
0.02174	0.02566	0.00118	0.034	0.09463	0.00837	0.00795	0.00184	0.00633	0.00208	0.00562	0.05072	0.00179	0.0263	0.0408
0.02315	0.024	0.00115	0.03149	0.09487	0.00694	0.00859	0.00192	0.00737	0.00203	0.0059	0.05199	0.00219	0.02394	0.03826
0.02248	0.02456	0.00106	0.0315	0.09504	0.0088	0.00701	0.00275	0.00644	0.00196	0.00619	0.0521	0.00188	0.02387	0.03751
0.02284	0.02417	0.00115	0.03242	0.09355	0.00763	0.0071	0.00228	0.00712	0.00186	0.00537	0.04851	0.00197	0.0256	0.03493
0.02136	0.02422	0.00123	0.03629	0.0903	0.00768	0.0065	0.00256	0.0069	0.00219	0.00699	0.04926	0.00223	0.02559	0.04091
0.02168	0.02399	0.0012	0.03589	0.09499	0.00818	0.0077	0.00231	0.00529	0.00236	0.00614	0.04532	0.00218	0.02883	0.04054
0.02158	0.02298	0.00094	0.03242	0.09454	0.00754	0.00711	0.00262	0.00648	0.0023	0.0057	0.05076	0.00213	0.0252	0.04044
0.02284	0.02385	0.00128	0.03301	0.08979	0.00748	0.00728	0.00255	0.00699	0.00208	0.00571	0.05021	0.00192	0.02553	0.04165
0.02176	0.02304	0.00134	0.03229	0.08423	0.00696	0.00846	0.00227	0.00657	0.00231	0.00576	0.04771	0.00195	0.02362	0.03988
0.02304	0.02412	0.00143	0.03001	0.08465	0.00699	0.00801	0.00236	0.00609	0.0022	0.00523	0.04563	0.00202	0.02412	0.03593
0.02113	0.02259	0.00121	0.03925	0.09996	0.00622	0.0069	0.00251	0.00628	0.00232	0.00453	0.04929	0.00227	0.03188	0.04176
0.02013	0.02253	0.00101	0.03287	0.0898	0.0058	0.00752	0.00199	0.00559	0.00221	0.00487	0.04728	0.00206	0.02467	0.03946
0.02185	0.02307	0.00107	0.03162	0.08454	0.00544	0.00681	0.00156	0.00558	0.00256	0.00563	0.04531	0.00218	0.02454	0.03866
0.02209	0.02468	0.00096	0.03776	0.09	0.00629	0.00717	0.00225	0.00615	0.00199	0.005	0.04484	0.00183	0.02941	0.04507
0.02206	0.025	0.00087	0.03335	0.09169	0.00707	0.00607	0.00244	0.00568	0.00238	0.00469	0.04571	0.00237	0.02628	0.04133
0.02259	0.02441	0.00117	0.03594	0.09417	0.00681	0.00749	0.00229	0.00587	0.00244	0.00544	0.04863	0.00236	0.02867	0.04197
0.02123	0.02352	0.00111	inf	0.09395	0.00638	0.00668	0.00188	0.00549	0.00217	0.00497	0.04649	0.00197	0.03045	0.04182
0.02294	0.0252	0.00111	0.03801	0.09572	0.00687	0.00579	0.00229	0.00538	0.00235	0.00555	0.05096	0.00176	0.03027	0.04457
0.0199	0.02312	0.00119	0.03481	0.09117	0.00625	0.00674	0.00224	0.00541	0.00257	0.00525	0.04881	0.00205	0.02579	0.04251
0.01883	0.0215	0.00106	0.03853	0.09376	0.00683	0.00588	0.0021	0.0055	0.00244	0.00594	0.04864	0.00195	0.03011	0.05088
0.01885	0.02119	0.00114	0.03728	0.09042	0.00736	0.00593	0.00208	0.00518	0.00198	0.00482	0.0485	0.00165	0.02799	0.0451
0.01876	0.02074	0.00108	0.03264	0.09383	0.00781	0.00677	0.00245	0.00645	0.00228	0.0059	0.05184	0.0015	0.02577	0.04067
0.01803	0.02151	0.00111	0.03309	0.09091	0.00804	0.00716	0.00218	0.00625	0.00234	0.00577	0.05109	0.0018	0.0255	0.03979
0.01938	0.02157	0.00113	0.03407	0.09254	0.00717	0.006	0.00235	0.00573	0.00239	0.00499	0.05053	0.00194	0.02596	0.04213
0.01985	0.02161	0.00111	0.03442	0.08905	0.00705	0.00606	0.0025	0.00616	0.00209	0.00483	0.04969	0.00164	0.0271	0.04339
0.02115	0.02268	0.00147	0.03763	0.0972	0.00736	0.00701	0.0024	0.00604	0.0024	0.00529	0.0519	0.00186	0.02991	0.03999
0.02129	0.0233	0.0013	0.03845	0.09661	0.00816	0.00692	0.00264	0.00582	0.00239	0.00551	0.05252	0.00189	0.02781	0.04197
0.02079	0.02281	0.0013	0.03537	0.09723	0.00747	0.00688	0.002	0.00543	0.00244	0.00576	0.05032	0.00185	0.02778	0.03838
0.02198	0.02338	0.00134	0.0368	0.09535	0.00747	0.00632	0.00244	0.00593	0.00231	0.0055	0.04966	0.00175	0.02804	0.04193
0.02114	0.02248	0.0014	0.0358	0.09923	0.00731	0.00718	0.00238	0.00579	0.00238	0.00544	0.05521	0.00196	0.02914	0.04041
0.02106	0.02332	0.00147	0.03709	0.09834	0.00791	0.00708	0.00248	0.0059	0.00237	0.00592	0.05454	0.00177	0.03001	0.04095
0.02106	0.02355	0.0012	0.03413	0.0957	0.00763	0.00623	0.00254	0.0058	0.00233	0.00555	0.05395	0.00208	0.02699	0.04105
0.02068	0.02359	0.0016	0.03617	0.0958	0.00699	0.00589	0.00256	0.00586	0.00244	0.00517	0.05079	0.00184	0.02725	0.04196
0.01946	0.02234	0.0014	0.03376	0.08803	0.00825	0.00624	0.00218	0.00583	0.00259	0.00489	0.05282	0.00177	0.02502	0.03965
0.01907	0.02139	0.00126	0.036	0.09465	0.00752	0.00694	0.00238	0.00566	0.00217	0.00606	0.05254	0.00189	0.02817	0.04343
0.01838	0.02117	0.0012	0.03565	0.09324	0.00752	0.0066	0.0024	0.0057	0.0023	0.00604	0.05054	0.00179	0.028	0.04285
0.01902	0.02142	0.0012	0.03559	0.09318	0.00769	0.00657	0.00219	0.0056	0.0026	0.00519	0.04886	0.00224	0.02919	0.03939
0.01857	0.0214	0.00136	0.03832	0.0925	0.00657	0.00635	0.00206	0.00581	0.00208	0.00543	0.04793	0.00188	0.03045	0.04328
0.01977	0.02248	0.00131	0.03397	0.0877	0.00701	0.00563	0.002	0.00543	0.00245	0.0054	0.04612	0.00198	0.02556	0.04323
0.02008	0.02195	0.00112	0.03438	0.09209	0.00793	0.00576	0.00197	0.00565	0.00229	0.00554	0.04883	0.00194	0.02647	0.0395
0.01996	0.02258	0.00139	0.03551	0.09309	0.00689	0.00507	0.00229	0.0057	0.00233	0.00574	0.04808	0.00177	0.02753	0.03976
0.01984	0.0219	0.00122	0.03774	0.08627	0.00621	0.00626	0.0023	0.00584	0.00217	0.00553	0.04604	0.00178	0.02966	0.04018
0.01889	0.02188	0.00126	0.0363	0.09415	0.00714	0.00639	0.00176	0.00555	0.0021	0.00559	0.0475	0.0019	0.029	0.04289
0.01976	0.02164	0.00131	0.03556	0.09129	0.00655	0.00594	0.00206	0.00557	0.0025	0.00569	0.04882	0.00194	0.02756	0.04215
0.01945	0.02186	0.00121	0.03759	0.09308	0.00707	0.00601	0.00214	0.0055	0.00234	0.00551	0.04746	0.00181	0.02983	0.0431
0.02054	0.02316	0.00124	0.0361	0.08884	0.00719	0.00605	0.00188	0.00547	0.00219	0.0057	0.04579	0.00181	0.028	0.04022
0.01976	0.02302	0.00118	0.03878	0.09505	0.00681	0.00572	0.00221	0.00627	0.00233	0.005	0.0459	0.00153	0.03167	0.04222
0.01851	0.02149	0.00133	0.03786	0.09563	0.00617	0.006	0.00235	0.00584	0.00215	0.00583	0.04648	0.0022	0.0303	0.04035
0.01852	0.02159	0.00125	0.03663	0.09439	0.00755	0.00637	0.00223	0.00576	0.00226	0.00557	0.04984	0.00169	0.02806	0.04223
0.01902	0.02189	0.0012	0.03564	0.08888	0.00715	0.00519	0.00236	0.00594	0.00245	0.00544	0.04532	0.00178	0.02776	0.0407
0.01904	0.02147	0.00133	0.03304	0.08783	0.00747	0.00597	0.00216	0.00537	0.00242	0.00579	0.04658	0.00206	0.02561	0.04506
0.02015	0.02149	0.00143	0.03373	0.08621	0.00769	0.006	0.00226	0.00547	0.00231	0.00597	0.04709	0.00191	0.02442	0.04056
0.01983	0.02201	0.00127	0.03494	0.09282	0.00768	0.00628	0.00196	0.00608	0.00227	0.00537	0.04856	0.00158	0.02685	0.04087
0.01971	0.0225	0.00136	0.03501	0.08782	0.00656	0.00557	0.0017	0.00559	0.00226	0.00557	0.04617	0.00192	0.02709	0.04262
0.01829	0.02104	0.00122	0.03523	0.08811	0.00677	0.00586	0.00205	0.00614	0.00262	0.00551	0.04686	0.00209	0.02742	0.04198
0.01767	0.02133	0.00139	0.03404	0.09176	0.00735	0.00625	0.00231	0.00628	0.0023	0.00527	0.04733	0.00187	0.02665	0.03954
0.01896	0.02166	0.00124	0.03575	0.09339	0.00735	0.00606	0.00226	0.00599	0.00234	0.00538	0.04757	0.00169	0.0275	0.04043
0.01792	0.02032	0.00146	0.03651	0.09043	0.00756	0.00612	0.00227	0.00594	0.00215	0.0057	0.04611	0.00178	0.0287	0.04063
0.02013	0.02296	0.00126	0.03736	0.09204	0.00682	0.0059	0.00212	0.00626	0.00236	0.00562	0.04744	0.0019	0.02817	0.04337
inf	0.0233	0.00124	0.03519	0.09229	0.00705	0.00622	0.00234	0.00572	0.00238	0.00517	0.04921	0.00177	0.02672	0.04186
0.0189	0.02216	0.00113	0.03714	0.09374	0.00709	0.0059	0.00229	0.00575	0.00244	0.00649	0.04925	0.00173	0.02881	0.04412
0.01898	0.02165	0.0014	0.03673	0.09049	0.0076	0.00597	0.00223	0.00565	0.00235	0.00547	0.04766	0.00194	0.02856	0.04382
0.0191	0.02209	0.00099	0.03533	0.09336	0.00718	0.00586	0.00234	0.00588	0.00237	0.00509	0.04957	0.00179	0.02746	0.04181
0.02001	0.02236	0.00126	0.03457	0.09079	0.00729	0.00592	0.00209	0.00549	0.00261	0.00557	0.04728	0.00184	0.02723	0.03366
0.0186	0.02198	0.00136	0.03605	0.08974	0.0069	0.00571	0.00222	0.00607	0.00244	0.00557	0.04608	0.0019	0.02756	0.03521
0.01921	0.02229	0.00109	0.0362	0.09055	0.00683	0.00572	0.0022	0.00612	0.00206	0.00526	0.0465	0.00195	0.02795	0.03571
0.02002	0.02263	0.00116	0.03573	0.09045	0.008	0.00603	0.00238	0.00539	0.00233	0.00505	0.04656	0.00169	0.02779	0.0425
0.0192	0.02236	0.00135	0.03231	0.09424	0.00725	0.00588	0.00247	0.00624	0.00258	0.00558	0.04908	0.00185	0.02834	0.03532
0.01985	0.02261	0.00132	0.03476	0.09111	0.00751	0.00555	0.00208	0.0055	0.00224	0.00576	0.04748	0.00197	0.0272	0.04265
0.01941	0.0223	0.0012	0.03662	0.09003	0.00714	0.0059	0.00235	0.00548	0.00227	0.00565	0.04509	0.00191	0.02934	0.04387
0.01969	0.02268	0.00118	0.03695	0.09259	0.0064	0.00509	0.00217	0.00539	0.00224	0.00523	0.04704	0.00205	0.02835	0.04292
0.01939	0.02286	0.00135	0.03503	0.09369	0.00682	0.00539	0.00209	0.00562	0.00228	0.00544	0.04882	0.0021	0.02793	0.04423
0.01902	0.02153	0.00125	0.03604	0.09155	0.00694	0.00556	0.00208	0.00535	0.00239	0.00603	0.04686	0.00207	0.02886	0.03957
0.01933	0.02242	0.00137	0.03791	0.09504	0.00678	0.00582	0.00206	0.00601	0.00229	0.00569	0.0476	0.00185	0.02948	0.04271
0.01885	0.02212	0.0013	0.03704	0.09421	0.0078	0.00575	0.0022	0.00539	0.00231	0.00598	0.04724	0.00208	0.02946	0.03781
0.01863	0.02186	0.0013	0.03553	0.0917	0.0074	0.00606	0.00235	0.0059	0.00215	0.00533	0.04805	0.00192	0.02711	0.03925
0.0186	0.02181	0.00118	0.03589	0.09397	0.00744	0.00608	0.0023	0.00547	0.00258	0.0053	0.04888	0.00182	0.02776	0.03479
0.01937	0.02241	0.00114	0.03567	0.0924	0.00708	0.00559	0.00198	0.00556	0.00217	0.0059	0.04739	0.00185	0.02778	0.04172
0.01901	0.0224	0.00128	0.03656	0.09107	0.0071	0.00546	0.0021	0.00591	0.00249	0.00581	0.04669	0.00162	0.02854	0.0446
0.01953	0.02171	0.00125	0.03633	0.09422	0.0071	0.00598	0.0022	0.00588	0.00215	0.00551	0.0493	0.00208	0.02772	0.04317
0.019	0.02183	0.00121	0.03601	0.09367	0.0078	0.00588	0.00229	0.00563	0.00251	0.00525	0.04781	0.00186	0.02865	0.0431
0.01925	0.02215	0.00121	0.03566	0.09417	0.00699	0.0058	0.00246	0.0059	0.00234	0.0059	0.04841	0.00199	0.02696	0.04002
0.01937	0.02262	0.00124	0.03565	0.09363	0.00676	0.00527	0.00236	0.00598	0.00264	0.00553	0.04764	0.00185	0.02922	0.04744
0.01944	0.02249	0.00121	0.0353	0.09544	0.0073	0.00618	0.00225	0.00552	0.00225	0.0055	0.0488	0.00198	0.02783	0.03996
