mass_1	mass_2	phase	time	distance	a_1	a_2	tilt_1	tilt_2	phi_12	phi_jl	theta_jn	psi	ra	dec
0.2466068848022875	0.10008376532731802	0.041709600605247185	0.11800609804166494	0.28145983679035824	0.02536401347605992	0.037818892973326294	0.028198629861808742	0.018083213863827975	0.017452678703680294	0.0069054478066962605	0.14375562355561491	0.019874475330767184	0.255730878806892	0.27343256390726656
0.15464327298100722	0.092557427742411	0.012247215340319166	0.0783539687538484	0.24030614886600324	0.0400661508343052	0.014578249464479531	0.020312827638723937	0.005257788746651969	0.003922464714420166	0.010647997994864997	0.1696863488319554	0.0016037785865747134	0.12799707197362775	0.12481085567633221
0.13379439243194116	0.17611277191668065	0.010291763045169051	0.06895531160049155	0.25633535377841293	0.017077127648275705	0.010945795057830386	0.019291272869846925	0.009392448365734626	0.008356399663802144	0.01402435472868948	0.12622151735924309	0.0020641738523450442	0.06823721200421498	0.1306859110540483
0.10380524968768066	0.06733974658002295	0.012396081651612335	0.0906296547768506	0.2067087895559169	0.028457998345534006	0.006248712179056367	0.011614060852371908	0.010242115194490083	0.00825736300018044	0.015880886394613426	0.11883074576502754	0.005895383339827953	0.06981957422293836	0.10987486301019207
0.10250104672465996	0.11020430826447151	0.012424888737444264	0.09440347800535118	0.3480825627946665	0.043168464703679806	0.011564940963964394	0.026100075194066277	0.01366647110887949	0.005111256253278195	0.004525442968096321	0.14827715643994932	0.005630053125857538	0.08454841629405044	0.1068316457818097
0.13347511811199123	0.1731172471478847	0.009845567073978134	0.12551967732134656	0.3860723854364017	0.02592038230557774	0.003998526706511653	0.01723526909016817	0.005466163494477221	0.0036357625948697453	0.015051886954360846	0.15488485878951205	0.0045838432359604706	0.11971340417362548	0.10361957884764911
0.11930509950151391	0.13522345905742508	0.010124121417951456	0.10115149249049146	0.34420313779359807	0.026142688033397938	0.009799071172067126	0.02313630650476654	0.009910907591883792	0.004484945610231138	0.014181158289041488	0.13758919997431246	0.002665318893852416	0.08616995009176695	0.21458422945923866
0.12158265663452895	0.15859549915867685	0.010811971287913866	0.08558704673680714	0.3650395165635854	0.0468469571928662	0.0058324034901944995	0.0237182597038321	0.00842702608260762	0.00294060694987201	0.035055653452906975	0.14547854711046784	0.008573100446044321	0.09991749328876007	0.0881364867202609
0.07938825177411361	0.12643133135215737	0.008905009071961963	0.11311894548676826	0.35715789443565904	0.023390277177263993	0.016216173700990422	0.019023567858158247	0.01339733861439123	0.005432650137059255	0.014372057907370976	0.14629218171840452	0.009188455366891082	0.11386768400277959	0.12089427629421096
0.13620881462878956	0.15674282033941553	0.010607551965244884	0.09654055925571438	0.34876873513822804	0.04309001117360439	0.009089432406421514	0.020338401931678966	0.0057253004155953455	0.005763551070953722	0.017443665948178273	0.13244801588329266	0.00636741863628435	0.10389734040332406	0.1265037561430972
0.1261881957517364	0.1463891556885087	0.008605308201749734	0.13714759107359678	0.3865196760902598	0.02612183819230748	0.00777858524609336	0.017225367257435842	0.008642931093587058	0.004750599900791274	0.025858884108614658	0.2265289786465079	0.015516239355910254	0.14502209166414148	0.1516396591791739
0.12639708737884545	0.1531045975497008	0.00968141537528537	0.1318140187009123	0.3650948101058194	0.031101005468591226	0.00860685255013039	0.017676169137736203	0.013762160788101522	0.003976964178714875	0.029125159439737338	0.17492636875445944	0.004079552318187536	0.13492107336472173	0.14970184524152053
0.12992908113427004	0.1556696370373881	0.010671625246187689	0.10368710554384056	0.336303512075211	0.01433001411898138	0.008022661298546065	0.011354206502755804	0.008187700685360677	0.002623162583442262	0.027341969803128682	0.1170801480376423	0.005950456995579554	0.10739894028662907	0.1093737239263652
0.15286604094794	0.146371964376978	0.011036468236263535	0.14291858008910988	0.30352306623955827	0.023940944618547146	0.004625026785148612	0.012427238855105705	0.007910189967300484	0.007191859339893857	0.01812590282774341	0.12410088133212938	0.0012799354960149653	0.16726688001507867	0.24800585748823076
0.11769717853941541	0.17334338453750828	0.011659496142742476	0.12668300511565786	0.2985675341060721	0.010902706282325939	0.005700647864688512	0.01774861888237639	0.0073757809558044705	0.0031611584960171296	0.00944858825967284	0.11350852091356953	0.004108664839776156	0.11229025457128344	0.17900626897676716
0.09569176872243604	0.09712878994957433	0.008712039340864916	0.17236430765481608	0.34212769725224323	0.018935282522262474	0.005353162786989133	0.015158974135057778	0.009285157872523027	0.0038631442978143333	0.005917534272965138	0.11338208557558668	0.007071373927889776	0.15982116653765926	0.17564588750433924
0.1251536017619525	0.16354976378534014	0.010864826670488074	0.15338997874135368	0.3647044103524759	0.018114676255802657	0.006815965511466728	0.017013143028206914	0.007752513442919162	0.0038689200631210636	0.02373859528385156	0.08817540686550847	0.0054954759330715685	0.13614434304912462	0.1523960642579068
0.12350311349664769	0.15147656070812168	0.007736135075767682	0.13693306583743325	0.40875249673733094	0.02451586498244457	0.0072183449966117435	0.01452778723077443	0.006865336371171759	0.004271000526986832	0.010764208258754682	0.13886354944828988	0.004573203412174625	0.13630614741774114	0.2114741836896002
0.10754546921303851	0.12582503767063977	0.009457571921655365	0.09717585101170143	0.2875426618401122	0.03472767935572232	0.006880208854102935	0.0189661334457193	0.01096838975712995	0.004704807969827581	0.008849150010031179	0.12037319985651923	0.005778011609773715	0.11356972331260569	0.1388095139361175
0.094869693014444	0.11924916256837292	0.008984998409696736	0.10797549358858241	0.28288867435487447	0.021472099773019865	0.006361724200861665	0.010916419942135448	0.0085250568103993	0.003550074989364217	0.00782684095117779	0.13972726421734527	0.003452949690242202	0.10334641227582622	0.21402470587493336
0.10046107324861787	0.15611334062558704	0.009527384389358	0.12863850248774675	0.381436891056587	0.031088754787791887	0.010898852837299017	0.01183984703967538	0.010174215496590628	0.004424820072401061	0.015579384225065435	0.15214760589580703	0.0035232110834501084	0.15379199488818784	0.17942874793804728
0.11022273954075994	0.1601366776979218	0.008260960195335336	0.149211279845524	0.2778522102641143	0.04313603520852461	0.014113222050452179	0.023098962206603055	0.006002701279080987	0.0038429657806757205	0.014431854747314808	0.08638416559974758	0.004512616686009038	0.1418384005182535	0.21377799934533612
0.08966796947757039	0.12227863001335691	0.010003366295151753	0.19677188711802238	0.5209738132644048	0.04321723779009484	0.02625856380759728	0.018797711948361894	0.01035450771100349	0.003695773491024454	0.013243353441573841	0.13323525257987662	0.004895686275865557	0.1960855748240648	0.31506057589969577
0.11005774416167229	0.16638833230461086	0.00991974800076305	0.13969850414173454	0.29410891882693674	0.023527173505991095	0.009616748733575167	0.018951202269794003	0.012347305223686407	0.00512012067154975	0.024732018227080568	0.12437208651904372	0.005418481760300248	0.1125751926381403	0.18781874226184395
0.1028365326507179	0.12433021706632366	0.0100478854002364	0.12446044713908236	0.4022086654276368	0.026457030570160748	0.014744432322968118	0.013038875499758122	0.008608067401854913	0.003163475531555705	0.012776516288910139	0.10234695226734891	0.011318841318705107	0.12832379512501965	0.11212310477873332
0.1262638155222871	0.16857574961439595	0.008933350181987388	0.11095783865002884	0.3248038407284231	0.02633016955659004	0.003272664559868193	0.017213013286465465	0.00820939457272923	0.003595791576394945	0.02427730153106304	0.15676598787022747	0.0030550900193937044	0.09794529882277239	0.1689852769999264
0.15395716420771005	0.17984046164563394	0.0103574824147375	0.10326762438571616	0.34552547067270856	0.01810547119492012	0.002667791685823264	0.01281318189390574	0.009875182033153157	0.00391033719845506	0.015450863994801353	0.10854734396684233	0.003203658639194289	0.10274372537177266	0.14937761541853617
0.12278366034029517	0.11245693285803436	0.010937852120414081	0.186101480312875	0.4383330702272555	0.03581316726912309	0.008380536946584267	0.009853744761429702	0.005990305787429879	0.0036571340344271927	0.009108982218109565	0.14812683194868964	0.0047348437077755125	0.18830647071543957	0.22926545267054146
0.10616420181843622	0.1286252522077173	0.011682974381729423	0.13112321287999862	0.4136720585234077	0.022157528542887512	0.0029486916058817482	0.013404147593299161	0.005184276921062895	0.00415540257719353	0.029084220579302246	0.11871234812838302	0.00577555646686919	0.1239734189911783	0.1712684869109186
0.09333375678981402	0.09994176197998032	0.008989128105327062	0.10759260061465024	0.253223146800859	0.012757851512470554	0.0036798404333211274	0.016231767587176336	0.005109593533115729	0.003002900068418992	0.022194627913768774	0.09977051969417682	0.0032520916987803816	0.09858797230988935	0.12838225792844685
0.12576105587102474	0.11858850438800747	0.010731828041022544	0.1240327769356733	0.33373816798492134	0.03245638475754773	0.006923022792957883	0.015544555388928901	0.004143338876651535	0.0041583541840191345	0.01580500968861347	0.11804453660955411	0.006182003136149436	0.12104100886193514	0.12949729109421285
0.1342369288595036	0.12113762773426288	0.010467836862537723	0.09859048396275052	0.2500416810085851	0.013151377606563514	0.006810583617461652	0.011184442681403495	0.01350990858893545	0.004907202750599547	0.030655379426370456	0.09948939223747377	0.0037481522578322215	0.09684883731180527	0.14778137993218984
0.1240586655822114	0.10574574838334759	0.009425345439532228	0.15410739391626285	0.31531820653562953	0.010112251095914444	0.0021739049044547988	0.012171831261452453	0.005599390188393054	0.0039648810236342525	0.032352973748978886	0.10234970865750805	0.008880954026196184	0.14274267152104345	0.1507361119104825
0.1344728872850509	0.14292478576560555	0.011189523391456836	0.09222856343767101	0.2761221093865984	0.03178782421135702	0.010289159554975742	0.021797036728083745	0.010248259959165357	0.004451845701974282	0.02418202423941704	0.10194075781729899	0.0017867654952104536	0.08415747558278656	0.08782602716800893
0.11325784274007719	0.1154308939252941	0.009296779158413405	0.14828953996085573	0.35330257297646184	0.024281819270951185	0.018261277124759313	0.01677011026489157	0.014337644854261247	0.0038626308323341007	0.03943971871486619	0.08891261999529493	0.0037775676493840486	0.13133327571447442	0.11468549897079947
0.1329762476026092	0.1686215185535949	0.013221221574362424	0.09240180469532315	0.2925203691071668	0.02127290059480869	0.00254194103814506	0.018702571946035647	0.009578451696335085	0.0032204030652362974	0.05903759327649857	0.09799997501902824	0.0030116796853009112	0.08062362961432659	0.09932342323855474
0.12014026528620439	0.15283942645774196	0.012372339818983396	0.13637220461064706	0.35626422592155854	0.01289165629037018	0.010566416136847263	0.017672882472967527	0.014034394519258628	0.004758464746867426	0.04678627375605355	0.1441665851389506	0.0053971598877115366	0.13027234667726711	0.12167765550014906
0.11462731290395663	0.1274803736829528	0.010851177011239074	0.13268699722379368	0.2962977391502926	0.018866314607242602	0.004142927628714478	0.012564044081114834	0.006650813240898132	0.003422775284523216	0.030041356114398662	0.10287788381076848	0.004520385465513046	0.1209219992462911	0.17204934414224365
0.1423541660347111	0.1340464765494604	0.008943881287664527	0.15959128336138745	0.3674408951164862	0.031118894185712398	0.00789248469210289	0.017589770613604838	0.009220077567719049	0.004662442920082008	0.035292095855985015	0.1173813087668707	0.0028576513361960143	0.16123758459700063	0.14096474967785835
0.07625094723209005	0.08548979184535198	0.009613251535456278	0.13638512068760023	0.39096453584998103	0.02014983588403926	0.006105091497652866	0.013445893614289068	0.007549668828121068	0.0031771490756981	0.009763587930244984	0.10607624298251687	0.0036925608764982482	0.15010155219042176	0.17616777767262853
0.09634040919605359	0.1076070059917216	0.009836593314748092	0.1136703095530078	0.34180351691641603	0.00548456965045042	0.006117442763133418	0.013906987545299605	0.006628382656839033	0.002995047176175732	0.007849804525386197	0.11086219772265746	0.005575363657568925	0.11841315366139747	0.0918645671605928
0.14314867433416245	0.12674931291967764	0.009333573412983185	0.0744871016049052	0.29670843222091914	0.012113967149621006	0.009865296258985825	0.011354816826430336	0.007757593579138506	0.0034985497998527445	0.007485517688366179	0.13742239327187455	0.0022951647268389364	0.0636574312125887	0.08077880093231501
0.1029857551540955	0.1185853229703443	0.008677131848280346	0.12414058708388169	0.3125345583663563	0.006703038686240378	0.0034457738913731164	0.011528859372723788	0.011122305382048003	0.0031773343773931913	0.023422620059788773	0.12393193266578366	0.0015903097262440888	0.11442984090614218	0.2272630474743416
0.13020325056902438	0.1376591847738228	0.010562423148231992	0.08698643151927725	0.28933324059064813	0.017738869431960087	0.01568414254714152	0.01279845404468086	0.013664448894880216	0.004477592972355688	0.023212816603211745	0.11810527474486847	0.003155211942741943	0.08242320746520997	0.1055155395406311
0.10168955316361754	0.10092909426728952	0.009781030998365269	0.11331042562224998	0.25524279936479793	0.009909198746012522	0.0036859103186379014	0.010557063158699346	0.008636933531950547	0.0034825455365930786	0.02364397273732747	0.0668865165079546	0.001924577747733656	0.10414470408695772	0.15310138569604398
0.10430167395908066	0.12939963902783785	0.01154468133395216	0.11906206025724138	0.30445594019177147	0.03330036074281735	0.01675805085872283	0.01659248030256155	0.006713540632979681	0.00520327724760739	0.01946063007132082	0.0970998392313021	0.004312984928171684	0.1340857596569387	0.14611538525429463
0.06965427852918896	0.10332807895854984	0.010571957340257829	0.12797160113513203	0.3308921321890701	0.052965648539453326	0.013076511631555342	0.01946999519792252	0.004505186898620173	0.0041003766245641966	0.03684815516440005	0.08217949352510859	0.0029357505998790835	0.14363355393068442	0.15552523923784897
0.07988522742715849	0.103171078640881	0.008810753216018504	0.10020505973641537	0.2642276736697922	0.01577776359818402	0.008148513471804347	0.011051779418561173	0.004014886018033676	0.003667389814205978	0.025996929071802757	0.08392472575086045	0.006865910809960594	0.09184232003004841	0.17213637945228497
0.08107928253885836	0.11166328941907176	0.00872695991867291	0.1505275674320627	0.31151094061770485	0.013683174876053156	0.004737434402332651	0.013174443790403284	0.004332783330330977	0.0029932845534994643	0.053172578295105674	0.1102187785538226	0.009130512175615706	0.1438641192796424	0.1082427732821121
0.10281407826361603	0.10894317528253433	0.008098731782097312	0.14908013073598705	0.3000427141763255	0.004570525867489338	0.0035572674514034314	0.012415118959130592	0.007240003344977076	0.0032104974593956796	0.022321900926003196	0.11293523599842199	0.005148464001612099	0.13681920696984534	0.23372863983723224
0.12353921269424047	0.13098703973044235	0.009523563045741295	0.1436773010991656	0.3092837213571004	0.014147693795080496	0.007342112106421873	0.013957074156495757	0.011471589004174875	0.0022467500676240006	0.019194466482949746	0.1096214789317756	0.00787796897384501	0.12770115116818373	0.15650097827958304
0.11818794991889638	0.12974158715174966	0.009095763980625239	0.12047686437483825	0.28073302627028646	0.017519088256604063	0.0036841096746715704	0.01069016521299152	0.00956451462806434	0.004046233880470474	0.02836260984672291	0.0989719880208388	0.003797634318615302	0.1270354052177587	0.23935802157528738
0.12056933067412544	0.15213229245469226	0.009624092756209004	0.1478602828220134	0.25509864333748294	0.015628278076461916	0.00506603513436567	0.01415067005549516	0.007860688553070616	0.0030105279709288185	0.024482694800969273	0.06853314059236959	0.0029117460898232194	0.13938691093180203	0.16872150358127275
0.08862837435281064	0.11360638985004318	0.010587275370569886	0.12308393146620426	0.3436474099324646	0.03061340892951289	0.013323156260372206	0.013152062507626653	0.005966793872445472	0.002509197407194911	0.024607102136851362	0.10934423642782595	0.006648571850927766	0.12457909443631689	0.14140358517665783
0.1186126606458599	0.13436492284448023	0.011039280520908384	0.1392288498265501	0.3252437986085468	0.03142277629020581	0.01235191423207455	0.014778397001956503	0.006294812304241361	0.0035773576837154404	0.01759057346248322	0.1151701079442438	0.004852285294975919	0.15237162958453235	0.14833607963955445
0.10175469050089667	0.13689642884980624	0.009308587465137538	0.10899024351312231	0.3098849809185816	0.0160348833786505	0.006629791552406253	0.012522453302684452	0.0056135370357453035	0.0030460331288073325	0.01668449256787282	0.09798447501077394	0.004726862942901809	0.10675474798883032	0.11151671215812903
0.10433618710768337	0.11564406698931483	0.010409899026358038	0.10306957795877716	0.3239081816233196	0.010094489527220248	0.007120565973288731	0.009710795076252781	0.014867420087648294	0.002125363502795639	0.023360028276972592	0.16011019427555176	0.0051210338484310005	0.08827994217521688	0.11993301166619728
0.09813952489472909	0.12192011384485965	0.010287300335174636	0.1374791917792926	0.3127356433242914	0.005069600236636476	0.001633131377432196	0.00845742482171859	0.008096898898013719	0.0019124632813377561	0.031042535709141963	0.08134320060090548	0.009338459323634245	0.1459795734457701	0.21126688446967998
0.12915894755118518	0.1256893507701084	0.008626737633091108	0.11621185371702003	0.29119009263652373	0.014402202725105819	0.01693699033541331	0.00973936239553579	0.007893975508476404	0.0029985482160305383	0.009909847334445868	0.093089764568155	0.013140968149735107	0.10850043358665329	0.12225311375386681
0.09979474287572662	0.09574632306298382	0.006990030808082917	0.13874446691747283	0.31584317519025373	0.03023695257288552	0.022403038576843278	0.014422067569869395	0.011253063838345963	0.0033802260213056444	0.0268680972849154	0.12404230506489437	0.007312125838031812	0.14042884094691552	0.19516444147311118
0.1367571622640355	0.11295113433606725	0.007238992346002033	0.07845062364603866	0.25062809647344114	0.013712162587183958	0.006522967249769946	0.007065778051050677	0.005355068844559144	0.002848991581376563	0.030446431314284116	0.12652562195710895	0.0039017586125832788	0.06412983923351787	0.11620076801865627
0.11858270220465701	0.11412926552799892	0.009316784369265703	0.10855076932652638	0.2800142324966853	0.024942660556509393	0.018553754248658603	0.01088886241620469	0.00989101131656611	0.0032881818924469855	0.030194915542274808	0.14196792320498755	0.0051334945976885095	0.09873849887746573	0.13362936635492817
0.12020296102958437	0.11264170477188366	0.008122487725441566	0.09634547744696131	0.3089150360465399	0.003241709312878984	0.005896230574053095	0.006293564054358059	0.008580129155199451	0.004317740416212446	0.01924197280708618	0.1070143293530626	0.00531517447119627	0.11082134826941352	0.09472539599558961
0.10307481140266876	0.11369217423500678	0.00775428948455719	0.13549107241606964	0.3774826678353685	0.006484735328499716	0.004378020428977454	0.007937829115572908	0.010867691655290489	0.002194059050546129	0.02115508141679984	0.08168683848780033	0.004523310106804219	0.14495257603317102	0.23166274731894881
0.10553651919386905	0.1150985131462451	0.0084848764939889	0.10382008364046903	0.3600625954228776	0.005174841306849318	0.008364650539227235	0.008838223160658519	0.012098362275024359	0.0032921741247682853	0.013064022597297685	0.14105779521880873	0.01277922668353251	0.11203506027802465	0.13550726063140658
0.11816988640162872	0.11869800771800726	0.00935276572755372	0.13836442641139116	0.3943279876504587	0.012928395241751213	0.006140361805564565	0.01125202323115126	0.007950237727470758	0.0040879579485427146	0.051507025283443864	0.13146974518723234	0.004555504650316526	0.13408142765222344	0.12991751966532947
0.1225951821150659	0.14487606761814364	0.00944046074835175	0.09342904298604605	0.28509092162879296	0.022566359540492475	0.019034583608147825	0.021101720266803386	0.01216853191535322	0.0027956324532128155	0.040698545253958995	0.11772798872684925	0.004614881760277153	0.10644040484888387	0.14357471476200434
0.12764283258238804	0.14506484066322903	0.00934480272316926	0.1355760007731881	0.3239047957166008	0.023843552708629628	0.022971810506132586	0.01572601329704447	0.016346333338820195	0.0042749624003320524	0.044350099471932296	0.16317525438000685	0.020140225277756628	0.1296380344631666	0.08801011237367158
0.10636689141973886	0.16304382231830541	0.009183404523343446	0.11181651228723627	0.3652412121138556	0.014490555607461184	0.005875602223558466	0.01064552055888671	0.013248906204088026	0.0037416582531040383	0.03143995530136398	0.2509192264840188	0.0036964207302381254	0.11104475497900394	0.1389479395362083
0.12325268109429897	0.12250884708767451	0.010385372847348319	0.11037251648402084	0.3065228365885062	0.00580268865602007	0.005450851151620187	0.010189277567770296	0.018255397825897995	0.003319051379560668	0.02408977743033466	0.14187166363330825	0.008947030432396348	0.11260611971948198	0.16546633126166493
0.12085077167035431	0.11727609264984376	0.01031382066180858	0.09972259340008009	0.26905182474286393	0.010294042605204595	0.012135377083856065	0.007877543173723038	0.011878228925841871	0.0032897567144982804	0.029685152617556276	0.09688339535516124	0.004034649956061139	0.09734576122136976	0.13563750632220414
0.1275234138751939	0.12400192547770646	0.010129967336064596	0.1431048592215003	0.40284817933059697	0.009082973894012858	0.0061643567066322754	0.01112242176909729	0.011324017713846819	0.002952298174471312	0.031478630626472	0.0974086484691392	0.006476469796947388	0.17204769918731874	0.14247234065841588
0.11053950794936403	0.11199578256658015	0.010338776234488912	0.11105760606585344	0.2674074841056603	0.023700907921853795	0.005829342488374488	0.013046238511717226	0.006687970756778461	0.0033814879452676028	0.03147695837519235	0.10911672341695527	0.004039565389962637	0.08738570290170773	0.1369142083693112
0.14691327807329171	0.15786910306854768	0.008236637634946595	0.17205067325847798	0.3848649821126021	0.0028445798987242117	0.00733129986320997	0.011387281147024027	0.016775745366840244	0.003903216765500221	0.04341742263545822	0.069745299052762	0.010370653480336008	0.15693605833467464	0.12659416110105112
0.14215239006863087	0.14322439499268314	0.00894067399111167	0.21433027412170091	0.4194285993990889	0.00961445294403069	0.0055500112229968325	0.007938250709913523	0.010864477958044927	0.0036895095344764554	0.05537769241075956	0.07717214567025388	0.004669919833622313	0.2027332022889784	0.1700577754993219
0.10311491260690839	0.1392386760999198	0.009217104649053062	0.1456052667643057	0.3641795283375997	0.02731165390566029	0.01952513714705591	0.02189963268775306	0.011795356528140443	0.004901806379390324	0.03208715805401149	0.12775739283426482	0.0027535281642293795	0.12282304855150195	0.14976581863381078
0.09425948900278434	0.10800161906441055	0.009302528671366692	0.1484670802564619	0.3781235049905644	0.028111170851354682	0.005375570956428372	0.013393338451529213	0.004274406641879751	0.004563325752350897	0.03383813233108302	0.10961648101389555	0.002308490700939351	0.16240506300722973	0.195460848889639
0.1426434113654572	0.12256468187395711	0.006298267340799474	0.1199083113647013	0.35054862900719813	0.017625441917008614	0.005883058513225033	0.012924052533186575	0.006964322741192985	0.004453915515852661	0.02938959015490744	0.09455699175741715	0.006943338723766808	0.12901514540725575	0.1209629540691839
0.08932241955546869	0.10313597356866677	0.008995995760650502	0.15192862254694703	0.34624092362238523	0.010921801027423265	0.01942649178735313	0.014199360887746742	0.012058551147323624	0.002857956513461409	0.05269645129845077	0.16958547716165814	0.003930948481596082	0.13404990915327417	0.1507093828934861
0.10387898934966942	0.12651914196810973	0.008936910917560647	0.08340249026972754	0.2690283659999032	0.009526736559829644	0.008178277805762073	0.009111522662776683	0.0070898772473623976	0.002394987682255498	0.03547952889906888	0.12650253551298998	0.003107874322607054	0.07109396271957084	0.11637077074644091
0.11404918182506173	0.13435435483302982	0.008390380456176547	0.1386689498716011	0.3008209989227656	0.02406633324272505	0.007672679599563376	0.014365574905642386	0.006938043832374515	0.0024613495640905263	0.0529595275905811	0.11200836785007236	0.005928322762163899	0.12303220865461961	0.18261795272507872
0.11394745671481618	0.15479461963194602	0.007151908036880453	0.13210552276846357	0.29878400822499707	0.035446092328205746	0.009938010897158208	0.017069831947207362	0.010969379459687272	0.0025355661704477886	0.06380417217327687	0.1289688736331252	0.0032388846202776197	0.11832389855609658	0.17008487218163912
0.09535999862928372	0.1291590360575651	0.0068580926402217815	0.23845610821650953	0.5267609660776589	0.02940892191147081	0.013150952266732708	0.014359011673187372	0.007592801735884727	0.0027376508368828693	0.036963493937544105	0.11971343654607512	0.008392638030422284	0.25166759172212727	0.11883836871061557
0.13429940046920236	0.1738586670187203	0.007625021494469984	0.10493906692055396	0.325156839573894	0.010380626264920804	0.0023135794662261676	0.013185738197698476	0.0157090477128224	0.004038912748571185	0.024997982096504133	0.1302272850153236	0.004979723326303909	0.10375630077214976	0.09359126933615775
0.14978189700588232	0.16928344023469524	0.007639783512645639	0.13834267688251928	0.41288830537507565	0.026251201541765287	0.014390385004873982	0.018624188919254384	0.011749644750138977	0.0029113953331293906	0.04475939973590773	0.10940069488182246	0.008633441314489319	0.1479063513555527	0.16082918326141538
0.14310540549798895	0.14667550226596607	0.007647088451862981	0.15596212429199088	0.3947388865030484	0.0327911091106251	0.016706235389987546	0.017302105208386053	0.005732072952299745	0.004443308953729801	0.04551650812660879	0.15942816793108994	0.008542272133088157	0.14961947765779995	0.14822062926902158
0.14887722145339238	0.13029606849078834	0.006947904904444929	0.2040748853896303	0.3415241388372893	0.012842648487101945	0.00398743150095027	0.010249895570116569	0.006961454714242306	0.003682524009807863	0.039988924937415654	0.12969079567798628	0.004470618428799849	0.2013283811040432	0.20578592923985956
0.12317852173079143	0.1401000280396463	0.00861753193726	0.15992518471485842	0.3153794141654796	0.021088051686528272	0.0040135713747809785	0.011384615655464458	0.007238561533918362	0.0037804611830779267	0.04071297330212458	0.12205866189427766	0.007135685768871784	0.16598970618663303	0.21473046832529266
0.10284225763794631	0.12186742932958873	0.009266673899980524	0.11296764064310463	0.2841661453363414	0.010589130037429685	0.0021055498397456866	0.016648295184547066	0.006339928714343312	0.003056277255813549	0.03293021014434069	0.12741682447680197	0.0030597689315343293	0.12230821783518989	0.18973937451707446
0.09567359002335309	0.13383544398047875	0.00977030076356165	0.15456923514293125	0.3372055661826472	0.019374682639751173	0.011441998260754685	0.021760083978571296	0.010241139833464606	0.003950970799590353	0.03563939423328865	0.11059226988379776	0.00530036807159644	0.15395603540378178	0.22444561296451931
0.12855203163661605	0.13397209242559083	0.007612981425555035	0.15084258622467175	0.3160122068737521	0.020773625163544397	0.014889375270653381	0.013676570679876963	0.007289074750926794	0.0024631747849275477	0.03441092616537256	0.08051896442789241	0.007460681423247413	0.1508110976889517	0.17592738703239214
0.1177302524253313	0.12748038330316586	0.008944689739598954	0.1404023366822446	0.33223652464059056	0.022481204222287034	0.02162510909404303	0.02747925767919078	0.016010052071822458	0.0028221982334734404	0.017694790534020916	0.15308367272905926	0.0024122838937120266	0.13332018482952296	0.16963934115259421
0.14825210862935523	0.1607532332020777	0.009140891614573668	0.1600458010527341	0.3237278517935853	0.015932001242178397	0.010702917541193499	0.018730132163433257	0.006593867076500712	0.0031813763173745555	0.028590055569678537	0.12599772163439188	0.0023820460752576925	0.13168080267521293	0.19382380196693966
0.10327231984847512	0.1307683287054162	0.009991334253282675	0.1802297327909718	0.3545122399087836	0.021066061414914707	0.019570833999150026	0.014767132676883886	0.013202394791866495	0.0019976884964075896	0.020311590574915044	0.13337067921834722	0.008156798660671897	0.2016886748139906	0.15515271991675353
0.10397461713576917	0.13744518433288652	0.006705587538809614	0.14467498054626482	0.32626672132298706	0.02068719831643568	0.0147481628029097	0.024138045351926814	0.009069595125385615	0.001863424294650073	0.01798351087652537	0.0988727584285305	0.0077298895411688886	0.14116720008044978	0.1621567289561233
0.09923524872167501	0.09251794204776731	0.00831388867397331	0.08136502613691877	0.3226206730947298	0.05012917642171442	0.026860497577954754	0.019781650326570765	0.01593786653372986	0.0034463365110732995	0.01384384199508752	0.21995702831834568	0.004478978526673617	0.07482114132164769	0.13356773668500735
0.13293558400960603	0.13815984285225405	0.0076621257763020085	0.10438971900268415	0.2960998196096984	0.020806260719647824	0.01683160754945607	0.013378375631454047	0.010569594201819448	0.002741011873078291	0.01777583428399439	0.10284082903115951	0.004382253461071241	0.10421220444934101	0.09926740024145367
0.09862694539923458	0.10315472325210574	0.0080917778270731	0.15496696054786668	0.41069982851921605	0.024693682444173963	0.019746677717434324	0.015527065641166246	0.009295719222633492	0.004797581254251423	0.020235545036580323	0.17278289785462814	0.013825706324870062	0.16248902211024835	0.16461449888148574
0.08254355408884141	0.08604105147641106	0.00771037309741743	0.1385686604270926	0.3739828967262914	0.020279173695860433	0.010414353353115701	0.015444164759992066	0.011729862385529654	0.0031677681584062613	0.041918659588852554	0.1464408406528238	0.006649948126566548	0.13680422431537972	0.17273902224446108
0.13804263214381815	0.14188307566105182	0.007622076736067114	0.10495421763377072	0.3005555607938226	0.020488875782244804	0.010804825379411881	0.015656093249533563	0.014488870910937163	0.0032094250430149684	0.026650964866055834	0.14452962305863948	0.006201806210730726	0.10722198832513331	0.11089119208616391
0.11950816588142639	0.1569270155601571	0.009588491777901921	0.10256994381666296	0.27332039627089655	0.01991603389575455	0.02017725190156913	0.01682919598024741	0.020016322594444486	0.0030966113638923546	0.03447564509283629	0.13724969295511705	0.004990979190259662	0.08012513328508335	0.11086348888120669
0.10917918629053003	0.13489349302084738	0.006024403294730784	0.20675646288930613	0.49942011500056216	0.01089072563926753	0.002257921180728954	0.011421943332040168	0.012314928757986376	0.003385086818094032	0.016148953057982193	0.15628609066451132	0.01350053199313287	0.22829586083347023	0.09698034140152684
0.08345607698335854	0.09674357985448327	0.008498195081040844	0.08723753072560288	0.31624868475156814	0.02542847344086977	0.03168713149499435	0.021923962323830586	0.012155436698032769	0.0026577837118041334	0.04071932010534964	0.19011240495315077	0.0024056260090756995	0.08857995088262537	0.10663333417859971
0.09044689118687256	0.09927943421057372	0.009152861519826555	0.11032860198291718	0.3488072398557069	0.006022285334672961	0.014919586224198665	0.01115663651884619	0.009541041917486599	0.0019212918064383847	0.019192900216975017	0.11841169427718232	0.0051594265474971535	0.10801669454338048	0.169578547756531
0.06925855165085834	0.0947729607854951	0.006989512656355923	0.14584959155942848	0.3155548112030091	0.021765572743400918	0.021814792966739546	0.014677665436154647	0.012289770804883096	0.0027050651705519935	0.030542702313874175	0.17485685662748893	0.0038546062640645875	0.11995609075917947	0.24380645752047939
0.10674997805066185	0.10994318660310198	0.00818790291568468	0.18510382154640856	0.40315400852057937	0.01975975991685914	0.009575204541275825	0.010141772767231227	0.008656155598239302	0.0031114188544647267	0.020396293133093293	0.11963099349997076	0.007402733935379262	0.16329626071255895	0.17776942217238273
0.10608253238104119	0.10372241721592347	0.009144943462649848	0.11236520140902992	0.25583637534426185	0.020911983854093166	0.00799633347154684	0.011620515091460703	0.007344436457602956	0.002897126446909944	0.028611576371200268	0.14056245120711683	0.005476021647297042	0.08260386348019481	0.11506272439863631
0.09991884153191666	0.11706525923401402	0.009068366618233912	0.15694074369324418	0.3493985404029239	0.008116876466410319	0.007211177487231682	0.00852958807835728	0.014433443385540994	0.0024047089315338784	0.019723550271500145	0.08969650507855188	0.015594644672188029	0.1419175115125141	0.14907005588004923
0.10172033303021896	0.08834851110426288	0.013115811843644402	0.19113213108838353	0.39012142344941886	0.00836107314608683	0.0046410881283532	0.007503139631183752	0.006247107020693911	0.004438776500104314	0.007198716684546363	0.12078095443792589	0.012519027607789068	0.19090786950239363	0.16828376112611274
0.09285437378135987	0.08524265139845444	0.007354173184958105	0.1486711119688553	0.25697434642628075	0.023374088244095287	0.004300298746170018	0.011448030429394225	0.005192983296033897	0.0032414252048376924	0.03305342942089484	0.0552840477998429	0.008050191624035212	0.14116812011026467	0.1583372493694715
0.1274836334358967	0.10543370727569572	0.007772863966932621	0.14598094485627225	0.32337942098770467	0.028215815264164366	0.020585218189897312	0.01568187107764409	0.010467033659061622	0.003748072819383047	0.03009389923834153	0.11256320482586392	0.012040148067116061	0.1429657583053865	0.15331736038777902
0.08321868924870884	0.11829866377993209	0.011655796820279434	0.1072162194684252	0.30971100639118	0.037129265260872686	0.020030462199304475	0.02246469472783424	0.009333356309425903	0.002397325452771366	0.037214417119475506	0.11426602235736354	0.008005754875789124	0.0991607321222886	0.12564027364313662
0.09235199633402079	0.12793871541099008	0.008818182501861511	0.127679603501551	0.3363997492481655	0.05076785085182904	0.025741805641521964	0.027758296252952466	0.013996216464618978	0.0020881960386993394	0.018107066007536275	0.13345599951897572	0.007726852615258509	0.11287348631596957	0.11365826807967036
0.07144567397591503	0.09443704210439652	0.008559527412707272	0.1336697499352497	0.34775737905186277	0.028914170169902064	0.02532153800851718	0.022692832987960813	0.011754868995150554	0.0032913448219393598	0.020855826517945517	0.1196628062645734	0.004839314216465114	0.1349854873079682	0.16565280978660854
0.08817770198918458	0.09639080215952886	0.009708632586359709	0.12612556191319158	0.29396767159925613	0.013404093654272893	0.013105937603783374	0.011803494384254496	0.01534918411190962	0.00360936688290026	0.01623893449501355	0.06765040845963263	0.008448248083916901	0.12383668378624191	0.1500848454995113
0.053469608161346674	0.06736557741559018	0.009440972947973914	0.13884320242233839	0.3143831355057334	0.02052582444210482	0.009561248959906293	0.020756822970202683	0.004202325937328497	0.0018838922346881546	0.02585887108228546	0.10268603200366558	0.006067540055824893	0.12315059201885122	0.20794353812817679
0.08628474099501639	0.08282247181641236	0.01191142152683206	0.10574911272201488	0.30138268671976776	0.00761329289295172	0.005175288595551305	0.011466193951938378	0.005935146179408985	0.002632994222199086	0.020052641571925035	0.08703554354354144	0.011094853862710821	0.08723795357882302	0.12527052168710415
0.12189966261877555	0.12377116427884813	0.008391434160297643	0.13136121105565063	0.2965323619791383	0.014046242504310184	0.004572990907962234	0.009753504792756407	0.006537725036136448	0.0019169831969887447	0.022210951731125226	0.08131470536355623	0.009226351934200076	0.13044631265414597	0.17547293799254401
0.09066712705717422	0.09671988358074259	0.008642400370258804	0.16757240440418306	0.3053540085419548	0.011765259779864992	0.0018438875902297782	0.013108736056959992	0.00916611799322947	0.0026808701695731365	0.012378675847891967	0.0956965297021784	0.006163169127373267	0.14391484133725665	0.21276807258743347
0.08124731683242216	0.08611563915659112	0.0070681787848016495	0.12834676080485966	0.24398140337415852	0.003448246927998348	0.001502239788021404	0.007713174146876739	0.004605319691369683	0.002413949707553205	0.019084293941084643	0.05821880326921368	0.004257349742612595	0.11952151814739616	0.20144388270477612
0.06835865934537104	0.09003690604213466	0.008321669519163289	0.12027938717076542	0.3020053985280375	0.0034421645207532436	0.0044302785794160795	0.01001869373422163	0.008067830114691577	0.002506032120151377	0.02908157111693553	0.05781972903029815	0.0040748702624374645	0.11573639602869458	0.1385602874670328
0.06734193444805633	0.07258495971912705	0.008641360327104886	0.11871855890707617	0.28013364453519296	0.0050456431922814285	0.0022727931903713475	0.009283999349291888	0.006911774867268626	0.00310375612313908	0.026407233192726445	0.08777117839133156	0.001759841458986117	0.12421867856612831	0.17913689629732996
0.10108742977460189	0.09885067657381467	0.007962747777486814	0.23293803457097098	0.4120599549309194	0.025935607911176946	0.015587392831058004	0.011772306644276644	0.013733300306036979	0.002766116988778896	0.01838262124603954	0.09681651480979625	0.005217477106825748	0.2282717910261623	0.2775990316884705
0.09229557824392999	0.11151583226253856	0.009086436790676927	0.1730148442807836	0.3636724611528192	0.02560049924927757	0.007704378318739959	0.012874495445462781	0.01084683710251889	0.0025868828242974003	0.029842530283241263	0.09943456995223252	0.00705696295931322	0.17333064092583783	0.13927411228637826
0.06782446787671324	0.0843084819915522	0.008456786726577105	0.1409396103376674	0.3632498503112181	0.026548330376346747	0.010319010000564054	0.017579908527821497	0.009970463264197083	0.002557564324942213	0.025601850050852613	0.1505452872321263	0.01863443853068505	0.1469030130245272	0.1315581973533717
0.0873104395976135	0.0909071163469273	0.007828496408985669	0.13848420194506958	0.3069421717370296	0.013586341100512078	0.009327252184733677	0.015970494025680005	0.010922697698391244	0.003672166032543201	0.03750205664581761	0.14040008002659762	0.006421581036560474	0.12491295385220871	0.17824379244768282
0.07797033061347305	0.09393717319941058	0.007773159659036802	0.14832619632219984	0.3162225566880153	0.010091617510355337	0.0034574848631056415	0.014886437505068297	0.005513197236923659	0.0031438151363750748	0.03793642056255926	0.10384497332854813	0.007652195144633868	0.1426142236514265	0.14613504448981765
0.05317397023667471	0.08313380209246045	0.007631998693217656	0.15111768954218013	0.3168448095902675	0.022492747782235492	0.00986612433257865	0.016658487913928623	0.012029989551639357	0.0029975135542710187	0.021797263095401944	0.11012423898018579	0.004032004520546572	0.12551042466206924	0.22051956353789479
0.07710883910931103	0.08618501025486978	0.008563658804625214	0.1034326029837262	0.28304556115446106	0.004368025510396978	0.0038788943515972456	0.009076541762529354	0.01040939596165348	0.0030294885418789804	0.034023628461583535	0.09998596835870707	0.005423729998073004	0.1018069449359076	0.11882677948676625
0.0939737327097855	0.11065881709956579	0.006125244702143533	0.16684207927330377	0.2569333664609856	0.013392183163370252	0.007473769485693936	0.010915825193725682	0.012235939455960266	0.0035811236076033924	0.028080453632443228	0.05696458989979483	0.014429009706676654	0.15887092815540058	0.1337368214605193
0.07043732051550854	0.09345729984486029	0.006283518216508558	0.11396750557110535	0.2688326292993911	0.032070946449837524	0.021335391739127588	0.030989099373279115	0.016858146197527353	0.004909758618040409	0.03061880402009268	0.08422106284379804	0.003571003712079419	0.10259512243993604	0.19823475463333726
0.1040868414554462	0.11877891313577453	0.007202230443226034	0.1319732612007088	0.2936264719496793	0.007868927925169007	0.0030337167040601744	0.009742595445923496	0.016873342415231106	0.0043190789381983	0.039689628514554244	0.08345293703803121	0.004749610931727594	0.12604362427654536	0.13386047359853748
0.07268778286812905	0.08006700071453651	0.006731407850249808	0.15059114962242295	0.28800511473297463	0.031116007393044685	0.015587231077754225	0.013253074910910935	0.009128760550978133	0.003066607795489748	0.023774598427532902	0.08783016828388641	0.006119577107909859	0.1287815312859483	0.20895564137412137
0.08678977329144512	0.09877439833970075	0.009678444172184001	0.18721836014214926	0.3383549786127754	0.01553233508173306	0.001341791050945639	0.008973787875229441	0.004820851073447032	0.002410006036475003	0.019778982707755407	0.07685990227891544	0.005133910004692689	0.18272011163322593	0.13624348959525737
0.08532918169259945	0.09747071275566531	0.008906005618209145	0.16791684070063376	0.30061900394414626	0.023925917198996925	0.0202105736542973	0.007585821768074348	0.011924879051426555	0.0024591725293306456	0.005741496128225057	0.09094570917270166	0.004225563706047409	0.15908231792846583	0.17464229398461625
0.08536396099434196	0.07188787895267514	0.00672162112166815	0.21943248565844803	0.37553989388409786	0.012716342437160416	0.004248783275766756	0.006939193584541966	0.008324068725109426	0.0029932072182175798	0.01001162188064485	0.11744741362388522	0.007033605828221523	0.20596314146328124	0.18926935514884852
0.0697236458400916	0.08488706234664778	0.009843653366482574	0.17852447930994145	0.3721264258638795	0.014401340122045659	0.00776976817846415	0.00931411103319519	0.006766381517662644	0.0026536155686463013	0.011825997168315752	0.12708393393497164	0.010928782325610911	0.17250226279262917	0.18850731619574718
0.05688199040069449	0.08349155628866518	0.01018318710631843	0.17217227967746176	0.3401138586995443	0.012678886030464744	0.010074851167118669	0.009536596245436919	0.010616761497193029	0.0026198677772744272	0.0261614616029412	0.11142280442560037	0.004506660534285778	0.16949827696121356	0.18756992466863012
0.08042815605532513	0.08646264453173456	0.007540492126264436	0.12746118676203716	0.27185074417409777	0.03467288992618947	0.006147630265372643	0.012465315916703525	0.0050505630125023075	0.003868716674521507	0.01119137280246567	0.0899643230662396	0.00705163331904216	0.1169898327689703	0.19482810670958428
0.08572651774028464	0.10988583759574742	0.008579988028073644	0.15678401925104377	0.28175925397255114	0.027379427889618543	0.007532634311492863	0.015353428346507022	0.006459373381260368	0.0023202883125779564	0.01911010118416977	0.10794891587460773	0.007790438715613975	0.1521186511636674	0.2649201054496578
0.07991877304886306	0.07787713245167202	0.008910833932520984	0.14322705234529953	0.26320298594216684	0.032512016332949714	0.011460331023584272	0.01565104248635053	0.005874987129378576	0.003103328522314475	0.013363977918739665	0.07598896777646308	0.007157452746683166	0.13478176310085838	0.14709806311764348
0.07341698250425079	0.07118500331460928	0.006181594862141921	0.16340470475507987	0.3094371387142105	0.01176662871665451	0.007168190050828246	0.012018202976305903	0.007014118938843392	0.002858044692817909	0.02623708881385162	0.07538967250146957	0.013827978872805537	0.13860439039436429	0.21446127761810577
0.07288887656109382	0.07367735310004273	0.008303662715457433	0.1619586427126995	0.3258596222341764	0.011788181428114414	0.0017612686403059535	0.009805818956786172	0.0071321604808881976	0.002886104928671766	0.015653462026481563	0.0801613077811032	0.004683375122296794	0.13727688174638306	0.18467637000565168
0.08468878107842841	0.09297976070263639	0.006084388009954686	0.171661489858848	0.31692327613642973	0.01693861743025096	0.008671821900530863	0.011370653848417674	0.010793608901392738	0.004188176985598577	0.017486306326451293	0.060883749092725946	0.007512563413648929	0.18765169291722583	0.19961418045615195
0.10441937791179928	0.12405236760454327	0.007323697311665302	0.12160643937548823	0.2590966802332073	0.013720113720578849	0.0052700607261641	0.012780577392389216	0.015254354826331674	0.0014248791862829721	0.032927393266916204	0.09542413507309386	0.005320521010908624	0.09545162901918662	0.1545209437929803
0.09428447177321993	0.11026369554960973	0.0066550697693083275	0.1464946610434648	0.3267828516535304	0.029379325434451122	0.0036898853092676227	0.01319188850296833	0.009869046784559713	0.0026155555808583873	0.020450911597101423	0.0920159112491331	0.018158401723896683	0.14044967044370943	0.1639943173420775
0.07005001276532	0.0748368197387113	0.007271242526654038	0.1593279639332761	0.34024921511018646	0.02462153855445821	0.0039244567328379385	0.01355208855990664	0.006739311865027405	0.0039168984102323	0.017052760134043603	0.09643866120602283	0.005454509655933447	0.14014135392177307	0.18705039018940992
0.11523613313315391	0.12748847022835144	0.006387482973825285	0.13064039168320474	0.2628537262930299	0.006599232205912561	0.004413159479566967	0.011482793109176615	0.009236272721904814	0.003334321808347068	0.03952033009465199	0.06865865303430134	0.006747451769232305	0.11158357914929887	0.14861520180690704
0.062255972749441356	0.1004710419308778	0.009731950812220209	0.09878194011211189	0.31261687118595055	0.01048139492546743	0.008817275132153248	0.010412978770350433	0.007709227362817966	0.0026133218405834406	0.060653681890532433	0.10118034881612674	0.007332830190479118	0.09830057857408676	0.15177169937643295
0.0961802493904411	0.11382748060917477	0.008603768374261092	0.14509704656832692	0.30703665573044064	0.02390684035108135	0.00469559972491645	0.013783424377991502	0.00960602402562058	0.0031382873322042134	0.01453514320541974	0.1248330044811487	0.003950825772629172	0.13719330084161166	0.19536016842845094
0.07234215192052001	0.09615512376753069	0.012258389175277072	0.12161571562134926	0.26355404017046374	0.027371753301566312	0.014020314639812258	0.023583108869716263	0.008406861779059603	0.0029119185280400066	0.01926442257123607	0.09813323968446439	0.0065674544694504025	0.11723262155170747	0.1871847293827249
0.08724742878601308	0.09341546145012004	0.005885455778863737	0.11775285253068055	0.2377686979092225	0.013736783508049716	0.005795620530126583	0.014346618457450088	0.00947580459242633	0.0025474707568046515	0.016810504727703863	0.09565113664114466	0.008472401221316673	0.0927409557720943	0.15452308860761554
0.06938778561461917	0.08002048627479764	0.005715755715720236	0.105827101935089	0.32630612449816776	0.011586476744796357	0.009050673586892785	0.020611620657000156	0.012420963064903102	0.002473259537150137	0.02076408021849839	0.12054196708846457	0.004199268527567838	0.1028631818024776	0.09895380558998416
0.08741801226028187	0.0983022267265855	0.006355523005143023	0.12521576403781634	0.308072344081607	0.020423399339599246	0.011381287520104122	0.018451640013189077	0.019133316220907654	0.0023260905596439395	0.033397098038373464	0.1384871461566774	0.007426526561189572	0.11440806817666997	0.1369867544596846
0.0735083333596484	0.06816541567929124	0.007698683649500204	0.15715571788849264	0.3270908460737561	0.01787069120943657	0.00998129511241581	0.014103378671956815	0.01241160854465804	0.0025905117506837844	0.016795812751883448	0.14265572260426257	0.008517302614137159	0.14546020517447056	0.17005276604471484
0.1065751268511367	0.08931761737394546	0.007652905116894176	0.10826644332814579	0.23998311396490832	0.016793228558276325	0.007268148947155699	0.013355949283288591	0.012770927169753065	0.0014996421639110963	0.03380098098564219	0.08118690337709487	0.009154303345447963	0.08295829371543578	0.14681009984223162
0.07115476822978337	0.06896410975619788	0.006206455942397774	0.07755181614851021	0.22762949557946183	0.024430033363155513	0.018987068790147447	0.018597759999485215	0.013664287933502979	0.002863965069566587	0.030516754681744928	0.10907317464933482	0.004689315470371546	0.06351876934067328	0.09386955361334477
0.0678469128126707	0.061959888682735054	0.007109552788364114	0.11388958361089503	0.3113901487101612	0.022164392856561656	0.009012170304372636	0.017798384127390186	0.010274583462531834	0.0024785621095171	0.04307592427244899	0.09313885068067518	0.01171357454682796	0.11514579543417754	0.1676133498175532
0.0872371540099332	0.07995761469924637	0.008068090701530467	0.11927494105766497	0.2819252896869533	0.025451659821093865	0.008980897489996262	0.019609999213879886	0.015809302182832444	0.003870003310907555	0.04034691292900577	0.09471741657337986	0.010722605672198788	0.11349741556598948	0.1257366220776911
0.07121729655476366	0.0648434924075964	0.00659912107875008	0.10099463157961698	0.3548992134561117	0.026838632691327326	0.020239698394836806	0.016327305250241984	0.013025833512963861	0.002189288537173937	0.026466793863121955	0.1883964459869215	0.005199155711515718	0.09675739108204919	0.15897502204148942
0.06111787723266544	0.060434268601840944	0.006279365735048809	0.1303750544910567	0.2665380761376514	0.005917313202748617	0.0041701493506969365	0.007656218279958322	0.006300259795210576	0.003649170287563955	0.02488043292635137	0.07685778203208443	0.011459218950523162	0.10684364959207146	0.13613902215224005
0.08238264211308174	0.08216706748519281	0.0059176394713492345	0.13808131239924784	0.32958360466091163	0.009112824117782893	0.010683897127931358	0.012909200330619224	0.013570975463652426	0.004112101081500478	0.02819791815483476	0.10475185776204311	0.008613101463786719	0.14169198131578029	0.20192420253806406
0.07027354100503529	0.06375710302326541	0.006540804803314459	0.1227289041584406	0.269035623535835	0.005613308253806781	0.013356375897305236	0.011821884098482558	0.013452349942677466	0.003584767332253938	0.008466793792338022	0.10947162070233904	0.010079788295262189	0.10105659481651143	0.13580087586507508
0.058947264338265366	0.0591867345961674	0.0067863973753310505	0.12233003060455168	0.36562815601586823	0.029658988028732246	0.021560166656559212	0.031024625688522538	0.013690209131238447	0.0025457504247913443	0.02000280811319719	0.11808209324870965	0.004019007230110051	0.12234958171835017	0.1345505109956089
0.08767984748526995	0.09289107481025052	0.007720835618206074	0.11903168024939953	0.2903945060233626	0.027517420531039144	0.014188595891557333	0.013554065840153128	0.013256935638133162	0.0025238979321040734	0.023436960084828432	0.10929640950187644	0.0035869054381108606	0.1217985685275761	0.13556194487913917
0.10500379382039056	0.09687694549030258	0.007098655413546115	0.1335164307355694	0.32225825936487895	0.017639187538698753	0.010594259411637092	0.013311016561540984	0.015231181779042601	0.0028509913848625487	0.027548204537931515	0.124728221387565	0.00562631090975646	0.11350673311098694	0.13342988396370645
0.08279274848926438	0.0943190248764148	0.006846104117126549	0.1438194975223871	0.3583707503170035	0.00889750746968139	0.0037492523537581484	0.014734576267131778	0.009344191378852288	0.004092864374739925	0.02598012569025694	0.13007431940194958	0.010767253264854264	0.13562738580763078	0.1377902782049626
0.10113434266372415	0.08718887854536364	0.006286293802765257	0.13512932172389558	0.34367603124026574	0.028088998299863614	0.004249864909237217	0.018223522098606545	0.006317374047725459	0.0035018897907425576	0.029006785202344024	0.11525933536774315	0.0076560871401878915	0.1461100407727643	0.18660758008178993
0.07778251499042482	0.08329782863603026	0.00492388470920701	0.11006388077976596	0.28295382370542177	0.012831219721807072	0.017154376883771978	0.016963717775599404	0.018204914521953802	0.0017078504652971724	0.021313338511474992	0.11747975798419846	0.007330318784692805	0.10218785143627952	0.14121560944080983
0.057979318721339684	0.055411843774185475	0.007090655844046523	0.16302318065329344	0.3712940501156923	0.017223967773649485	0.018967440501167117	0.01431510642141877	0.017097390713242348	0.004903019557637761	0.013883345253000667	0.13234141881900607	0.007743834955081326	0.1222737172030535	0.12640706137305716
0.054175061131104686	0.07077186558589196	0.007100849466853533	0.1734032175499123	0.4301630941774393	0.020358663791062583	0.010391612122836288	0.012977386035082175	0.014279458686526742	0.004226611044417405	0.03176141405165288	0.14922338958624556	0.008284331862501423	0.16513213606807384	0.16945498216318441
0.10711153704849445	0.1041525976611831	0.0062474013299727545	0.13476930586709351	0.3539749844927724	0.01098830728486171	0.008412554750339578	0.015279586810892105	0.01685708616566906	0.00416455515973573	0.01588456819648327	0.11173599647768317	0.008580397071599731	0.12547956436977548	0.12114245419664846
0.0600195819196662	0.0774905976235281	0.0074234044351961645	0.08003309499996882	0.33174949100792733	0.015773033724042377	0.01629421170528383	0.018003216084798046	0.018519209608866747	0.0021140716947077092	0.038242484822666276	0.14852282134132785	0.009293475220862627	0.07751530752804198	0.10824113561022633
0.09050504789514398	0.0782145468500534	0.007539235602705601	0.09793079282179468	0.26465197635963816	0.018054298321517313	0.011871495431659515	0.016768909334345872	0.010617997411574622	0.004482019608584805	0.03858392992637947	0.1202319778691813	0.009170413533973607	0.09285739237747444	0.14120997825011547
0.0649273451489666	0.07120061285921968	0.006173714305990786	0.14351892779968434	0.24631289167698966	0.01626638755132716	0.014311846136678252	0.014514009333193006	0.009520084861868422	0.0024859867963068277	0.03145908478986671	0.06113385672469834	0.007035736869848476	0.12569432187518947	0.15156184697621986
0.08528343307198874	0.08355002827940941	0.006967293022146983	0.15701678019829257	0.275347456810188	0.014721446199322143	0.00986579916605447	0.012642179949363478	0.011663802619289723	0.004210412262701441	0.020809989140828256	0.08187984747514024	0.013665706361987587	0.1318857798197987	0.10485885001727183
0.08595819419807295	0.0856290431922323	0.006870808932721073	0.08998205416037612	0.2283810118535346	0.010475746861916694	0.006767076022548284	0.010499649500474707	0.011595687312826517	0.0031012379517594926	0.030654425828804337	0.10353661785731026	0.0037922767012985104	0.06543196716559788	0.10392142467652067
0.07863513118588678	0.09069082427931392	0.006215981750600653	0.10491453386709135	0.2277065615514335	0.017543013497128883	0.014004238220255615	0.012910562243197617	0.00794501021416682	0.0028084046695634043	0.032231275136758435	0.07394938089858374	0.004916534486342312	0.09467060532193625	0.1329401017653559
0.0849445711007677	0.09332507702536912	0.006691203083665754	0.0780371273311113	0.25555882361735305	0.014021971401635983	0.01093669803047473	0.014386147519962672	0.014324917974994234	0.00199140970959747	0.03297419363727414	0.0962611031936305	0.004847465761346968	0.06950722610868607	0.10481096005374176
0.08532670749103843	0.0876251004520156	0.007901317974610187	0.09917810355860193	0.2787446001893213	0.018679888821478155	0.011588941526380715	0.011971137723726802	0.011048749200141995	0.0019834833069873187	0.0194879779607103	0.12879366610233614	0.0038345182121020276	0.08403025691540268	0.13534234423171382
0.06945266236047126	0.09779432402057024	0.007330988564987671	0.11281995173794168	0.2837506270560708	0.017248771913153285	0.006397706963582293	0.015138826192359919	0.01259895403509655	0.0019376593795119035	0.02863857503441363	0.10048413910964615	0.0068952774262032645	0.10634087383391302	0.10033271649304845
0.07848141023507556	0.09181004218510476	0.008429127216903979	0.12897451591948475	0.33565012897297897	0.03398051890615425	0.017841634908523807	0.018341785454273066	0.011829661634439754	0.003047644447469641	0.024166898006522636	0.1566201406425329	0.01108796465460093	0.13353590571746807	0.14463197860351218
0.08069274856380079	0.08096374115579134	0.009482341712812523	0.10504862525827437	0.28247267586827624	0.011204925835496088	0.00942273449333568	0.008566219116216803	0.011059556479853051	0.0020575714645396075	0.022267093387956016	0.13428340568410663	0.005373793532651754	0.07333114825575499	0.11584260650291836
0.08710390871009681	0.08622451286756963	0.006788281920231397	0.12380043517684253	0.28692646860752863	0.008190311506053254	0.004330424914567083	0.010902424125313576	0.010897662007014993	0.0027019723920746444	0.041203910946258505	0.10148944500598217	0.003951417771487083	0.1018236209100654	0.09888136713697933
0.07330305051724742	0.07750370209083685	0.00631928238752067	0.09940921842539154	0.30554841289499235	0.016998537226923828	0.010442768096039832	0.020980293118269263	0.011668121261525298	0.0035470199011076098	0.015415029874919448	0.10601876524923444	0.0023132010691942805	0.09898444583288607	0.09765198570700628
0.0975394843321641	0.09167626415454297	0.006000609611350029	0.11579431807746342	0.2493186485326922	0.008047948141091736	0.023452019862476782	0.016229171910587457	0.01803488850727625	0.0048416010490823945	0.031126746273951778	0.0997931158702082	0.009765821362394312	0.09638239963543212	0.15966402838871488
0.06246147131030028	0.05850087326151025	0.006711216701703608	0.10455292957778836	0.3065265343702596	0.006244393966693376	0.014626857673100896	0.010200733414296073	0.016231730712479017	0.002400605101876011	0.03595586258763249	0.11225218631220178	0.0034711971928126305	0.09041901353073031	0.09525032813697823
0.08110679680962954	0.07949276727735018	0.007390028087560713	0.10872883360445204	0.2837170383266309	0.015752653091429883	0.009975649107738174	0.014386238447188702	0.007484720682853072	0.0029657003979347775	0.050243374290436585	0.11071767719577603	0.005197686959490727	0.0918755541526189	0.10279082602093444
0.08788873843779355	0.09311956406160996	0.006133014942531254	0.1255420642561295	0.2922082388273944	0.01861400464912369	0.020240090018584386	0.00784319748510947	0.013455930724366912	0.0020134968734890463	0.012751362342898394	0.09727362149682943	0.005883263456618612	0.10851683483716652	0.16742839511265084
0.07150830251218603	0.08370260288709447	0.008542965626113883	0.14407681514785686	0.31200655387461906	0.015430774092874527	0.009375753765683026	0.01617200177919686	0.011402568213342245	0.0030881533511815796	0.023473975957567356	0.13260349067613705	0.007548846099722642	0.11691513181490674	0.17197814554728585
0.08811945182768727	0.08324886850951153	0.0067952805768753365	0.15993089649027006	0.3161811587339629	0.023818980902306722	0.019910430948980897	0.011497693916129974	0.009230557520667503	0.002488623807039384	0.03342210937127274	0.11002953264676592	0.0069867671218205715	0.1554751424981888	0.19270920341758402
0.07563260625021653	0.07633229221520552	0.005915260192853457	0.11266823767793803	0.2943312660154266	0.03312624501986862	0.028094897879748615	0.023047330095717484	0.011024649188562389	0.0018385587631152339	0.03661387632160334	0.11224958107417114	0.004365173008080122	0.09286449319174298	0.19602838148089471
0.08307353060854207	0.09009308978276157	0.006090916170147625	0.1352636761999716	0.310632187151749	0.03098805768393884	0.02126912188853229	0.016906053314159983	0.010261134992292803	0.0018624475509132399	0.03541993760225165	0.09963799914355134	0.0028887418564590324	0.12279081426186735	0.17496368976430762
0.09763974217865873	0.08083266353455756	0.007245318176443414	0.12135984808470501	0.34755259527515414	0.01423748746334771	0.009054475565609364	0.012546161920801137	0.008647443642518175	0.001776927524420713	0.02357849104882171	0.1295803309247563	0.0038138205926367577	0.11369453331548429	0.11337087450194676
0.09635072345474022	0.08267015943439815	0.00745452303911645	0.19170226565846	0.3813382304259285	0.010169595991849165	0.03641156731572137	0.012897062364282208	0.014346347853696265	0.0020758401254421695	0.025267213568890563	0.1660833716893058	0.006018249353065745	0.15938603123204648	0.16826465778849367
0.07979660823215091	0.08457158381527859	0.00905608475950776	0.13112409474171333	0.30084984771252476	0.0027847286882169303	0.01892017584427788	0.012347046226854569	0.01631840218042215	0.002876369750399956	0.029283473256908946	0.09918291581488838	0.0061874057546872025	0.12215237257126565	0.1479710182824164
0.0825066014514428	0.06343194261605122	0.004970002803266491	0.11469898448583765	0.2655480448094703	0.012669551917507009	0.021257161025943782	0.010300716190039296	0.014051070614020443	0.0023094146922071367	0.027785070217951145	0.11272948370208237	0.006192878951094978	0.0838599463356885	0.13123969561506474
0.08171741738697007	0.09373610731404507	0.006109267478183676	0.08471232116241371	0.2325387820929385	0.013942091262564026	0.010254327418846706	0.010505886267307533	0.010936602435682695	0.001267711752046462	0.020983865942723452	0.08871521884473636	0.005930471840282133	0.06987927065545442	0.11480707180443939
0.07548006999590337	0.08745465240570964	0.0062793026679826515	0.1215637530603264	0.34272702655119436	0.019361048153435725	0.02086146424222126	0.014682800142861116	0.008469340259167285	0.002605110492501557	0.030951026322531477	0.1432487925414469	0.00966518496575687	0.09680619284969	0.13181736998203758
0.0627436513474866	0.07287918280177952	0.005486914117736098	0.09853704453529312	0.27228555768367696	0.01838047826325604	0.01752738370749612	0.01748211864685086	0.008876959558454994	0.0038836406863159553	0.0310297602149265	0.13764871245769533	0.004590354932448135	0.08348719327501518	0.11185219847877527
0.0739449776948407	0.08531191749535882	0.007013841684494434	0.15554907884317662	0.3821047277253713	0.02913846121621385	0.015035724023946888	0.012611529386307066	0.009085044586181985	0.003223194168943211	0.03280627240267374	0.13902186380288753	0.005176108858387697	0.1505767162427143	0.11350606462114109
0.08972240380121026	0.09114650918364386	0.00631313659597829	0.14112048123282012	0.30763362819547674	0.008685966864180827	0.0065835015431320535	0.011796086041558665	0.00961720703087939	0.002981874937661579	0.020301469866174076	0.12040021089302202	0.004474967170107489	0.1306230785144398	0.1520170392539723
0.09014956614914783	0.08284702321942684	0.0046810173663105305	0.11214588732791445	0.28529158315572484	0.03658062808722718	0.019098992157504217	0.015494946313937328	0.005357242693580295	0.0018141350797622165	0.014656759750923629	0.10372343012784836	0.005818523062827214	0.08753490291913674	0.1363270590234512
0.08309167914287482	0.07854245115481961	0.005066190116326791	0.11467221079972535	0.2823541567847747	0.0113071700725165	0.011669251433800898	0.011503151599381482	0.009196576496509325	0.0028509667707237083	0.026178946452670184	0.13328363730211948	0.004937476893263448	0.103140720383811	0.12905726391637876
0.10544746419356582	0.1036453412475604	0.007968063868342338	0.10876687891029514	0.2935408653692845	0.018048551442391383	0.010861474456045095	0.014302714579539764	0.013372461184315607	0.001928239399441985	0.03246427187582884	0.12914637211681615	0.007126441981259168	0.09753234932323195	0.19559313616959484
0.11589620725026945	0.13451742403233455	0.0061541497544455245	0.08689136203118807	0.2727761954873675	0.023620884771705822	0.02592177092520667	0.01724806395047055	0.012830581507412496	0.0026613908966669686	0.030195769578986544	0.12543712562703752	0.0066754860211988825	0.07346252664817185	0.1501395211805949
0.10873653697956216	0.11671055207074292	0.0059636852677405665	0.08873003612393715	0.2822223062656314	0.012600508009413841	0.021065600000685785	0.01566792206542194	0.014240676569095383	0.0023169473172518808	0.020902846475227978	0.13061386068903927	0.005352880374494725	0.07474413597056387	0.15384706015655447
0.1147321421307842	0.13149538496064994	0.006230416509936015	0.07152861834482928	0.27169398159066593	0.03217538034143157	0.017339537834751083	0.013266550578302672	0.017022183042036586	0.0026497265371512066	0.03512196111269441	0.12751265066673045	0.007865175057579263	0.06059184986161677	0.09241025146567959
0.10194950085049982	0.11950150141929332	0.011087261353490831	0.10940341509488338	0.26978193843056725	0.006743913217299602	0.006067063487589654	0.016863354862582603	0.010973199022971506	0.003604962100741822	0.014044617780028522	0.07103519033930655	0.0038707291125462634	0.1141045840669325	0.11881931525816594
0.10406353806172003	0.11248820740586106	0.009769930679686283	0.12147177604118899	0.3143799071517572	0.02165241045019721	0.016916396875525264	0.016340490975502137	0.012502616079782104	0.0032474208615559806	0.012744119003160711	0.12878338228253242	0.005643787623042011	0.10969490368073513	0.1828695461038148
0.1277722167760579	0.12726987103539994	0.010690733854405781	0.09885306684054049	0.294034748803063	0.03259725262861233	0.015318296484574482	0.01677010918841486	0.012876507369379748	0.004258439884205817	0.01944899379303501	0.19229130283703327	0.004457287316473505	0.07181195648393672	0.08587760566437798
0.10560144903825945	0.10880527257259417	0.00656592997410742	0.08718800737657158	0.30341856276132295	0.0020036210116743417	0.007353376499758158	0.013190457206726448	0.014777713025314838	0.0025445709776807	0.010874693461678787	0.12879123052735691	0.004896013007297312	0.07190259195248022	0.08160277268038524
0.12768115463879465	0.12455201289526305	0.00669950541552027	0.14389681125041862	0.3129487827144818	0.008848280362967437	0.008442412903388003	0.014054669092654104	0.00769418196366281	0.0038321172692292334	0.02325761168589113	0.09433092366489199	0.003248441409285911	0.1435275228996845	0.23336139363722633
0.13148018062246886	0.12784804326313526	0.004793158694229309	0.11984749610505997	0.3016798026752041	0.01770349568488256	0.006948742256859052	0.015104374937394345	0.011307807792631392	0.0032937549383272712	0.022460857553782663	0.09182113800109504	0.006088169641513394	0.11049333736032069	0.16329448694254295
0.09340326827269414	0.10495690259205079	0.005960632276205287	0.10914099923674202	0.31192923360378366	0.017781390796805033	0.012103110355686706	0.016333379772576342	0.010225347027631147	0.00406989273807677	0.03278789110876792	0.12478853479449059	0.008902127332702119	0.08487832590460619	0.12307949063140576
0.12041982057201177	0.12530340604789914	0.0054129458075154605	0.0914028105377921	0.25537512755864145	0.002523366240950518	0.010235138194494639	0.01377833485186272	0.01347433657390432	0.0024427340440966107	0.032621360510396866	0.0763624440558017	0.003763159880907889	0.07210480234688345	0.11153309556016704
0.11490505844808309	0.11381212785280577	0.009595208505060302	0.13507239605469828	0.2760683271804027	0.008959644834585808	0.008976505465374622	0.011348653978010458	0.014102533396667326	0.002017320313023806	0.01058654324488718	0.06807017043059826	0.004652792047450642	0.13144316982810947	0.16009103965469867
0.12429296074972838	0.12108348343081567	0.006145717212506717	0.11986963986054311	0.26428378626117954	0.01157197710390513	0.012045183628908572	0.011531751401810272	0.012659622311693439	0.002688501555299923	0.04507643470489949	0.10595849634690754	0.003076048260715885	0.11329533583497159	0.17895422978239442
0.09531841735709805	0.08540758474429223	0.00729184871920696	0.13700187172675796	0.2353819988111589	0.01841322514708017	0.013778264827933429	0.012704236734640568	0.007483223093202744	0.0031405336617153696	0.021715845357298685	0.08300116181315008	0.003892414989294349	0.10635397056381833	0.16847386232141348
0.08899865494505865	0.1026180096290495	0.0069849304038147346	0.13658085709093307	0.35182543910248637	0.005333970312517722	0.0121664159572999	0.017228397091241993	0.015622351073144428	0.002942545541226963	0.03479867740049465	0.13642358190511278	0.0034005242052937254	0.11518577826220554	0.11829861259473483
0.09493929807217275	0.11756772607533282	0.006489667161199886	0.11524920361211592	0.31431368935968435	0.013918296738206335	0.021541282607868303	0.01576609646168862	0.020319052418792775	0.0025011863297140606	0.032178020167729804	0.11299200711542634	0.006457231322240312	0.11487496479831087	0.1769324313725985
0.14177718335929826	0.1340179399388727	0.005864353367540378	0.09959460772340836	0.33314909198417003	0.007542246247535236	0.007341611798986501	0.011551906571638612	0.013386571246063683	0.002671727173295831	0.04631263469602458	0.12202511483153797	0.006041342985362981	0.08861024508506381	0.16425139778120698
0.0996943783830367	0.09511851641809448	0.007283430887097943	0.121753463145086	0.3269033412396896	0.02394390848141611	0.01517064488982708	0.024128144574277043	0.01436520026039951	0.003001014657174515	0.029302289894383368	0.11832114362272236	0.002344296619792752	0.12141944756138785	0.20133588597836363
0.10800080135715487	0.10449243985510247	0.006277055273606	0.1034811536935641	0.2924996920827189	0.017181046647868105	0.012439030801917886	0.016166759659175526	0.010093343496328648	0.0019116642545835164	0.01654791308758726	0.08494159731057567	0.0045557221549525255	0.0953998623004734	0.13820421681258743
0.11345801555128526	0.10508138939372336	0.006746866811400499	0.13595096324562936	0.32585972164232907	0.014550142533233406	0.011231163988866331	0.012948274257529601	0.01750884711179756	0.0030124590515073764	0.022130659311724265	0.1136955481034235	0.008100608285532265	0.13276885037827788	0.1514737733000127
0.11052562047206738	0.09675368649274396	0.004770357204634453	0.10490265924189218	0.3330100496293558	0.010899133315925435	0.007781038306354081	0.012972662416364343	0.010205114169225028	0.004384880892205044	0.01611740630795389	0.1513066552071029	0.0049051080686831824	0.09188930920020374	0.17850890342937706
0.10851778223545272	0.08881589811290826	0.005761083158062834	0.13226305821920878	0.33907994384179313	0.0025670346068871757	0.006761746327047118	0.014859369840973235	0.013986479201631883	0.0019833603773265125	0.01383586339479034	0.07629964575660408	0.007375823589036035	0.14043146225355152	0.11864442148726237
0.10869048809855053	0.09450533162223977	0.00599207863664448	0.12065361890259504	0.34614056729567394	0.014282512140128165	0.017447728168208866	0.014736039093729506	0.011709288577828337	0.003468143085004187	0.01599453384318622	0.1494809664967888	0.0052109762454249425	0.09011400918145876	0.1158429709275709
0.11778077484348422	0.0950661577768697	0.005342820886582053	0.11741956266700916	0.3285885675413051	0.01214967168531945	0.014805568477159133	0.011240122539871477	0.010551801587332281	0.0020620704831854934	0.02141790233176451	0.12323558952147166	0.00511082701779601	0.10580757919557038	0.16847799502699395
0.09043222017810067	0.09096019585442043	0.006026956083138675	0.12343022478022794	0.3236249850744973	0.01911448432506007	0.019392972134079096	0.01813691629377393	0.011760582703614124	0.0028655270228525385	0.02452156603787021	0.1416633453650197	0.0030286679921755055	0.10920819116701429	0.1088842699877922
0.10942591219335547	0.09984693480704779	0.00890832735702749	0.12428657043696971	0.3379158802509502	0.0055192334439828844	0.012227831129991887	0.014943038560665024	0.013605387456694198	0.002105629282012525	0.015135077098730633	0.12462855492363188	0.004706342864014648	0.12786557257380973	0.17857716485147732
0.10231938291516755	0.10684579335408798	0.004543402407187057	0.13364780986604896	0.3166213304058693	0.015811551017329603	0.011337784181610609	0.020872470306409065	0.01381433893330919	0.0027233167381264713	0.03902473019753495	0.11199104182568718	0.006914366528424542	0.11684314283616015	0.19177216610419592
0.11536241289351237	0.10628152374504933	0.005933280469265317	0.15408136460430427	0.30731216062202366	0.007895929760555183	0.006804648676195699	0.011355735727153333	0.010918801558965126	0.0040746987913531495	0.043794743142360475	0.10206503176865046	0.0023320525203869417	0.13304376262761614	0.25889799786516476
0.09900797155641639	0.10037700113016801	0.005937722328292386	0.11038728743679792	0.34753773477908945	0.005716279948259127	0.008919952220415965	0.013285647994409401	0.008663799824599269	0.0022983420385810803	0.029020503263478093	0.10453205670209682	0.004694126869652301	0.11025077711849701	0.1653053031163676
0.09877696697825564	0.09084240592711315	0.006491351855737982	0.10888572498775051	0.25046271708097095	0.004526217036907151	0.0053702225418340325	0.01307440058885536	0.008771787458898068	0.001923926491825792	0.019727035842209067	0.1039773597215002	0.0040955947823429	0.07661672673834902	0.1641442101285015
0.10291936041230423	0.10659022706008982	0.005208833543478194	0.12196483004213912	0.3006731629146518	0.016962518921764484	0.019752455868956617	0.01256649121379365	0.017963926081182635	0.0029428401668432176	0.028009602011927936	0.10601712456846311	0.002527242414676114	0.10984586136997186	0.17284142013882992
0.12324924473790794	0.10346653716103844	0.005404804907125522	0.1345343164188087	0.3119985470580332	0.010622125732760678	0.01668648732133795	0.013132046748568951	0.019773125926042367	0.003938323424327433	0.020771443372808254	0.14562109964009934	0.002623203536362758	0.10195009911158256	0.17311010294130885
0.11395792799778286	0.10958811858351394	0.006219269303601526	0.11167000225357973	0.28375620045781347	0.011239451920914419	0.007281166685338769	0.016005929848056648	0.008442868876601279	0.002570173836183369	0.041497161795324825	0.12386884154279548	0.00391448725890962	0.08184894031775125	0.1536765458680537
0.11057835919237498	0.10122000683794495	0.007497488930629237	0.09896084895678686	0.29502626372996943	0.012031737028800622	0.010703092114996583	0.013052470647608956	0.009958743513334273	0.003584513040019559	0.03955923585809828	0.10410027427372111	0.004225957120720274	0.10185142688107143	0.1305644453441538
0.09656514890151298	0.10250145316262654	0.007566530200542319	0.1005707778925673	0.2744497734352478	0.008433979492406955	0.009404703833524326	0.016538100926207097	0.008921188992701405	0.003173531176820685	0.03437690442870126	0.1235470645114052	0.0037486025044736063	0.08628397908245379	0.11341440764436714
