mass_1	mass_2	phase	time	distance	a_1	a_2	tilt_1	tilt_2	phi_12	phi_jl	theta_jn	psi	ra	dec
0.4299833334358753	0.22502416921652088	0.02206868938089066	1.2317352366165888	0.2103523143202668	0.03387978870723311	0.01702387975093344	0.03213224297461248	0.02275842570572458	0.009885164170449264	0.0142246082350889	0.10494346975930312	0.01096420831118689	0.8409499494077107	0.7859254231171654
0.12383445435828973	0.1392579666947134	0.021880472498524352	0.5058267910181071	0.31803650457939714	0.03657090245643511	0.012322122526644745	0.026829298848283258	0.010057416030037746	0.006909834874739942	0.019570241771285014	0.1221509916835556	0.010345988370547189	0.434940574073636	0.4677653280645966
0.09554200668199198	0.1265060906405347	0.020943702853630734	0.3140685643349098	0.3286387170370893	0.027043935595875545	0.007284317338193019	0.033257284028261815	0.015237168195321995	0.005456018214812125	0.02172245068916294	0.1670327710023606	0.009414972183235594	0.29985975379054525	0.17492310274944267
0.09907262201884337	0.19856730575140374	0.024720758454906108	0.2281933876725883	0.1658635738190397	0.0318895930380911	0.015556158589672962	0.03382287961214647	0.016190997410191022	0.006754354844840854	0.024126619128311447	0.18474149323627492	0.010246214596451784	0.20421225653159802	0.33718416584004984
0.09169755188846809	0.15655422987996812	0.01768755169484598	0.2865686549012983	0.42963715397529484	0.03525961872099979	0.012694452163492138	0.042160690401620134	0.012995166539388035	0.005766468147395939	0.01845401544164069	0.1264043062818382	0.013715332236651133	0.3106350191517316	0.12169430719494477
0.09281991988709465	0.09498256740286054	0.019809090539949677	0.24249428740904216	0.2753924154495811	0.015358758309820168	0.0037789352697504483	0.03657294128330546	0.010997219065869679	0.0065379431765591085	0.016783634492826844	0.14124448420535082	0.006273105739184822	0.23508739310424784	0.2742842030625193
0.08433856133808411	0.1121243146081205	0.017097202397814083	0.21364865196362282	0.2762064397907662	0.02100299711915583	0.02296268933420675	0.049312561995332745	0.016868984052357597	0.006388843400896359	0.008470913319157935	0.13009877598016548	0.007238708022194597	0.25247666450896095	0.0880350839862452
0.09805926727145253	0.15578142315596924	0.018476302598703757	0.23503662193460476	0.25923215069477484	0.02365411434859765	0.0064901353383246384	0.03789658671795992	0.013092316276246102	0.005523248358274896	0.008773065783132767	0.12137042713473976	0.006394492436496863	0.21226922104696958	0.16495036883712022
0.10251544804773932	0.19164403678673253	0.01809815013967493	0.2976713964221272	0.3226367400032688	0.01667729524441257	0.014676302924672221	0.05679263327563843	0.010331950607622717	0.006034015429569971	0.028806665937867498	0.09348675138990273	0.0053252143579570485	0.27310216092183004	0.1776362062916328
0.12339644505020178	0.16578885190221568	0.02007877267551992	0.28234829561742864	0.20885294690917064	0.004832827948830936	0.002909066541995749	0.041716945191790485	0.013737565799123812	0.005968929154042287	0.009368785570541221	0.0878880689826684	0.009688045322325861	0.24666539750792363	0.21578048214070908
0.07920086241711323	0.08270632250310093	0.019314351972163406	0.4633787356789262	0.500425339755744	0.012468094071761597	0.007208515000975195	0.04024298155914058	0.013020048027565444	0.006419424110949237	0.010666480940708743	0.08972310597491251	0.015998943991856994	0.477642855716072	0.13927420340633698
0.09343910590660653	0.1666522557736088	0.017634401324397975	0.37727476764909995	0.3651609275663895	0.00953357020699848	0.0028100198615805734	0.04510800359055492	0.011723132549883854	0.006495096546934726	0.008532263002519603	0.07690935769334976	0.004468300077836254	0.2863158038950696	0.18175834471085678
0.06295816529298784	0.08430404869444315	0.023173375167466707	0.30269660680649524	0.3368298972103616	0.012767714819306861	0.009194894677303795	0.03375867896674663	0.013812851887991586	0.006693467577334221	0.01513798569412938	0.11424573125567729	0.006770572966499821	0.24580728043805325	0.18029467954944653
0.14150098586307952	0.1266852684788844	0.020728259817055006	0.34472989689008016	0.2665696281589409	0.0039931090263686025	0.0035019188817899363	0.03354586588189408	0.013535134130016394	0.005893578427434074	0.009876517645835753	0.07547227543008232	0.007367250694403405	0.25456542448223757	0.21975266557015022
0.049992425152070134	0.11699028588632639	0.01975579629885661	0.39134876990783896	0.26359596798769425	0.01908438545665809	0.005456091132546316	0.037848955921322196	0.01997654654554435	0.004771473781156119	0.009830021161959765	0.09321824110425879	0.008659262423617324	0.29820804208780693	0.2391741682921898
0.08419005635740748	0.12976772948879792	0.018781727986399165	0.47251699483162524	0.3808178266565871	0.01080910772838261	0.004375306831816195	0.04312949811260144	0.01629549518967628	0.005729167889245282	0.010427505727183883	0.06952391700377715	0.013817780394303703	0.36799488665753016	0.16801623934516532
0.06990779868019727	0.1238266332197906	0.01857867617742258	0.4205686149855336	0.3033239860790628	0.022399597055506783	0.013592696429913374	0.03946940699501059	0.016056209291905377	0.006849231679946436	0.023252657363683787	0.11346693781329334	0.007047362090764435	0.2547609803935304	0.09381970223503065
0.06798258717619796	0.10767242994558811	0.016950428120415997	0.34347090870216745	0.28614301496609496	0.027397290685747578	0.019889254357444437	0.03902800730986397	0.01853246356404217	0.005159976364601247	0.016886495934204635	0.12951760381090405	0.00857852843283979	0.22881264278556832	0.11106654909806125
0.054007576097272594	0.09859721222235272	0.020910123616060088	0.3779406047473409	0.3373425565673661	0.02442051835546292	0.019528981225061047	0.034603985264837114	0.021282288751547043	0.007288725327501945	0.016997722146747805	0.1347642276874691	0.007702877754940581	0.2607213850136889	0.1868768871684837
0.08965856889555143	0.11753787652748743	0.019222462595394695	0.40278657793040423	0.21771465062563977	0.017768621660378854	0.010835416052245361	0.034110915576789885	0.017270468120869298	0.006956515976437611	0.03430329936861653	0.086569622722188	0.02232271155053227	0.2330033560465951	0.10968894206232721
0.0680462169101287	0.09470847483150935	0.01802933604436058	0.5027986457943442	0.31067208353875686	0.01170070178270412	0.02056891068596634	0.0347796188623951	0.017274489930408702	0.005018938339120809	0.028644395347829903	0.1000117862353802	0.016950156003061496	0.2653469621974842	0.1372606906464167
0.09729115604643349	0.14583321699763538	0.01718878581961506	0.434166198801231	0.3243389639514685	0.026489048805793457	0.015538153714966026	0.03902134613114007	0.017251682662427843	0.00510020516276854	0.018449064073821266	0.1499105004464112	0.010012859221050876	0.24604739137243703	0.13922737495017126
0.07739750017405353	0.10536791756613119	0.019683584008299542	0.45561455004250767	0.3546013430775564	0.03217409968298872	0.02590828010878061	0.03462854469372006	0.019961990612625772	0.00719946760473155	0.017486702189105106	0.1373011731326094	0.00756545840584415	0.2488393430911816	0.24941133598198287
0.07554893963006644	0.1680396967202839	0.018204539516259076	0.4971112090022495	0.25968135829906414	0.030025745807311346	0.007844915545410126	0.044619565972808584	0.020756505839580646	0.00489904547281633	0.02648663470614045	0.17689264741062732	0.010171392765000937	0.22169898726743167	0.11480718964165455
0.07870097640125968	0.14245687270664284	0.020118537766694547	0.43356811980638504	0.26882302472420055	0.021575719364604246	0.011149374522227038	0.03415412169983007	0.02056287159818799	0.0053850536561651586	0.022832903585156314	0.10855367218217497	0.01060206123658296	0.2706092781421963	0.10867466985129721
0.08524099493301526	0.1227603904258949	0.018067594594286678	0.4335934410857038	0.312394399336165	0.025907175326423525	0.033159940028176065	0.04796153168203319	0.0128788822833532	0.004869530866397426	0.04556760653526363	0.14454061134021937	0.006431433853502372	0.28193678658899524	0.1468356211330547
0.0874961658836275	0.13652109189708947	0.0196707347476848	0.4441982712225734	0.2897497013045381	0.041602164554064146	0.019032355489607314	0.04218385206493562	0.013830640287415706	0.004696896981195393	0.0666336977226697	0.14360503534545602	0.0044877385625385485	0.27919946075321533	0.11620446430562692
0.07383027782880601	0.11960474989146802	0.017388267586532787	0.5784045795981982	0.2467652214696152	0.014790925886730531	0.011656354889888941	0.036444665011465475	0.013770155805013853	0.005030893146615927	0.023575794552046787	0.10861492775228573	0.025466047913770256	0.23358294346265507	0.1284648985759563
0.07717751386899949	0.12393255623411709	0.01838994087841643	0.43409321003354534	0.25367145454241696	0.017146852036077485	0.029182661094425938	0.02883262934509132	0.012064742395760771	0.006571712736815345	0.016249315352900993	0.13887860715246278	0.012219500119093722	0.2095206130436817	0.13140144631189699
0.0660499366179458	0.11596379205762966	0.01766692363679216	0.41021672040222734	0.2681352398324504	0.006437238118356436	0.0049302078986308675	0.02467159655400849	0.024965879922060397	0.006532267875091364	0.02072382016203936	0.11168587683118382	0.009929000084015127	0.22689766235223505	0.3381152945223113
0.0697226266294979	0.14202326222746045	0.018745438040078197	0.45163695567774875	0.2598068678369367	0.01772722093632321	0.012484549483381666	0.042813345082368205	0.009437900836417696	0.007140331066572887	0.044404527789847915	0.1157194796248396	0.01158954705697415	0.24208343443974886	0.1504578438411824
0.08618046802643707	0.10182179328988042	0.017967661054128465	0.5205494899160675	0.27078977458726927	0.019127487850247503	0.0054568362656767086	0.0292317945244964	0.008967097917219261	0.005491095079226756	0.0041574537667466325	0.12551022048700952	0.009282386730503108	0.23648460166502636	0.14581289460337463
0.09485936333576916	0.11022641665886984	0.015191339880150659	0.4538484331164117	0.41218086480979493	0.027696316120340913	0.009708728001866517	0.03363864944548983	0.00875822628853339	0.00539428512366604	0.010610923334699537	0.14358885028535692	0.006225381782284217	0.2923085153582078	0.1239178008295395
0.0884129175822645	0.1205209833027434	0.016361424781348735	0.47656105458143416	0.3281668980648909	0.03464089621193191	0.02245723345996092	0.04251989913041287	0.00831765575457	0.0071267541917318334	0.00743042664863403	0.15035363168636287	0.005066915643074112	0.23612612527690657	0.15629331616281825
0.08681912922274379	0.12390843590125196	0.01880516611587136	0.4673940996346214	0.36004046601166945	0.03397810052279156	0.021471783113889673	0.03164077121295563	0.00934184877953424	0.005810307231735277	0.016747269329102237	0.17821330028418875	0.014555076495494921	0.25705293780832333	0.14462185492224452
0.057791905392914886	0.1252576699592832	0.015751734378834592	0.45098806885470644	0.3449470339168427	0.02364711932820525	0.021672439937353308	0.04060249270952064	0.00920473603415102	0.005880753018179561	0.032706029267752915	0.14901097787910908	0.011226229669168766	0.25233111515464357	0.303232534661961
0.09625382698693066	0.10669766080621391	0.019103745896366903	0.5181212945731076	0.5093423028958217	0.01844939232025694	0.004171222327950848	0.022856200987672357	0.009114179033856574	0.006344269125660537	0.007963279051817583	0.10886662188722449	0.01195403036586945	0.33992436287859423	0.2240577861139627
0.07146096839372905	0.10136416585938766	0.017229782882133268	0.528983092955927	0.3450350256002632	0.018943012475641827	0.008300760161196312	0.023690899573030146	0.007644734516432961	0.005622055018939492	0.01869898126381076	0.1501022452051972	0.008164484839203413	0.2768677110616128	0.16166818708354103
0.09092128055088278	0.09460957796044296	0.019213142312827995	0.6053790374893843	0.33414438069508573	0.028342164404306914	0.019677185476657196	0.025409079707244302	0.00845134528705122	0.0058537312620833976	0.00882040470190882	0.1420587514874923	0.02091197331681005	0.2994491103429785	0.15078889366129355
0.05309023438710852	0.09039457995327804	0.01797460540146204	0.5423925169821009	0.35073958373418157	0.014317350507458573	0.004556332122686249	0.023025996435143713	0.012455754323276795	0.006548870115889395	0.03063082379304257	0.15968436249455006	0.009059134605944534	0.2540969656365422	0.17823308323266174
0.07259153426274015	0.08131307091208385	0.017019702322951576	0.34071500006442124	0.22085836846388526	0.01527045336737445	0.011896649338533825	0.025399487614435834	0.00971422353868179	0.004857895055662054	0.005782826976677482	0.11050879049894136	0.009775201598120089	0.19376519143690477	0.12878667281421022
0.08099327289042398	0.1264823041381008	0.019724062732154928	0.36163758642660926	0.3543838415815028	0.014861180838693533	0.008584583988538994	0.034032760730388946	0.011353322281996895	0.0043599024647032894	0.018849471520471867	0.1530585270598158	0.01234064209979331	0.22894784003018262	0.1529411081723302
0.07586211890690017	0.09390859992770294	0.018433775980236832	0.46387137380021326	0.3188364277455451	0.010416591239870023	0.006778603169775143	0.03072310838613143	0.007723661956530695	0.0050183055971984	0.0245971288142999	0.1340382332469115	0.013275119926137445	0.241977804922838	0.1848810988058829
0.07672807222196863	0.11187963400716153	0.01991848600114478	0.3775685539155603	0.29762380179869946	0.021142368263088497	0.008700914122485746	0.03301753079436639	0.007336918876086938	0.005585107705182187	0.014697628952942974	0.10996977888369067	0.008399099034182084	0.2340414871747197	0.14476674234132691
0.07495976436909235	0.10664462948804773	0.01684817703156148	0.3260450344234987	0.2232607674162486	0.012424891355514885	0.004009679772727908	0.02650147738844448	0.004789799599045048	0.004553182310947595	0.023578187588451583	0.14812829091344587	0.008574533701194475	0.21117320294556305	0.11072656344501977
0.06499070147738004	0.07427861177011025	0.018019492084946687	0.5500897798803497	0.2952299656359366	0.019774405041200604	0.006284246940565901	0.0338755811880985	0.007207992144406868	0.004557193741672263	0.014333781114961617	0.12438846060726609	0.007852569734658355	0.2447535867639231	0.12410115870236514
0.06576557810873414	0.08912230088232359	0.018818910583935717	0.45781438640788785	0.32718102763350976	0.016191243963036853	0.007811789880322597	0.02506918968099895	0.006948992308204858	0.00503253819770064	0.005594040301281804	0.1608328400709279	0.013327995620340954	0.23169901246220695	0.1566881090822977
0.0998146385177793	0.11780940847662288	0.018012134589711175	0.4902701227321895	0.3128394904567783	0.024390606227144725	0.00863252880410542	0.030079798092826387	0.005680110672297534	0.004333159207109093	0.016580873868547296	0.1702113086788331	0.012634276594905822	0.226215291181551	0.1415187011179018
0.09224048169541038	0.11142639641439643	0.016997261171854593	0.4619612153205673	0.297205248110239	0.010709858037026483	0.006203396113844222	0.020384628096433845	0.010340190986654918	0.005027953020942162	0.006644373033460154	0.16888423109904438	0.014705429010637847	0.20877620232459954	0.1369346389726174
0.09737110149064618	0.09653214928052031	0.01615886908915211	0.3029407136486014	0.2888588646091663	0.012698576479332431	0.00607087857693706	0.02133647809451744	0.004813279319671021	0.005891689003002796	0.023943085071993244	0.15436326040657095	0.02144058099795129	0.2027689753938092	0.19794635613041656
0.07254136043846418	0.1351845853135488	0.01787965025151176	0.32427463848850535	0.2791651557453581	0.02674454364626052	0.007071113764851845	0.0298779598817354	0.00819210558804812	0.004373599554799347	0.03493561953689268	0.14114394968238847	0.034059381413048394	0.17692629548819871	0.13759973985245658
0.06290508190224989	0.09942473592104406	0.01923307453598641	0.3846983862048384	0.26773131275042167	0.006829388203500347	0.006721417531299209	0.03270479123557065	0.006848713871561025	0.0057740426205493325	0.013596274099807942	0.12277753409862259	0.012663248053276618	0.18173005018340793	0.18241756426642372
0.08472826543116221	0.1189428355989163	0.01881190457977827	0.3192326863212143	0.3465067601404814	0.023956251476580193	0.004299459012190882	0.026599366229339293	0.006186178451184278	0.006215617816765334	0.01686033230594295	0.14608141662568763	0.008352656722851971	0.2343548114028722	0.11781802730072821
0.08178822126007305	0.10086111434025916	0.01615141831512126	0.35041885563723196	0.2858126834617463	0.023297743727967057	0.009968425003995734	0.026014215287686035	0.008082145531325304	0.005401074412597062	0.01164546993509491	0.08624309455974745	0.013950558624814011	0.1843277062916977	0.17127528177418125
0.09483527400244246	0.11031268579196887	0.015104644225008502	0.36707045510626896	0.27546353845142274	0.02779350977249614	0.010740572752022231	0.02609360232845941	0.011437001962598132	0.006287410693716689	0.020534283528592302	0.15558103809824914	0.004921546472656847	0.16975139358963892	0.12910537719604628
0.07293629462931454	0.10588182617905012	0.017299556768988124	0.35743765756271373	0.3642088101394838	0.0234597113627592	0.01373759586738358	0.02558808549302905	0.007151955493139348	0.0062197318429964565	0.029098392137069592	0.17680743545068864	0.008502099377690319	0.21146403653429227	0.165437420006448
0.06344991397392064	0.08630954249014872	0.015841654899128803	0.341306525507771	0.30526267182538624	0.029882297528206505	0.00967624750090376	0.028713448579851166	0.00551593472861181	0.00589868028140709	0.03539134417160701	0.13199331986975804	0.008652424274057484	0.19283895810252866	0.16031236218303002
0.10166027996577315	0.1115561634370227	0.015349451716663564	0.2610080535807823	0.25834668557573587	0.023877784159107344	0.007195552632447743	0.025964998270827804	0.006235585513097592	0.003912566858578282	0.010923252136274049	0.09045905322772954	0.01865987063640103	0.183585011162399	0.12146210888362625
0.06374032078508199	0.08600678544612383	0.016820696624621885	0.47803596977013246	0.36510770934518627	0.016543727835793404	0.0016408009404923973	0.02572615649071714	0.007173088775103839	0.004036342300700312	0.04322500963785799	0.11149241214220602	0.008677852555246763	0.2290504283902325	0.16343511832363372
0.08791047361027444	0.13759415683865867	0.018039236948315503	0.33537835846961117	0.26705359453795935	0.00988535718699367	0.004834183560976636	0.02545270363911725	0.005329016619855824	0.004885446267629723	0.0208276701091113	0.07278576506432284	0.005197403137115629	0.1682996348529066	0.13904249209471
0.09647397534462071	0.10912104934490109	0.016668440398537116	0.3373137804438583	0.3166859531435929	0.02023302006825363	0.008421944463361107	0.02259689690590016	0.005986241010011266	0.0054780376508183366	0.013742148429981461	0.1095263298785357	0.00723634135067931	0.1716742532789993	0.10359956754234677
0.09842080224361517	0.11030728255193835	0.016202085016456355	0.276707821121108	0.291582353028547	0.018294279604515754	0.00602730006162303	0.022574883744003623	0.007675189834726437	0.005131620890036051	0.02763094736398729	0.14353091089933223	0.009432721048018847	0.16872224563200905	0.14505196263198633
0.07688177416592269	0.08789909008384462	0.01812007487132685	0.26231367866980004	0.3098824249128606	0.02805585527303113	0.008873700059298493	0.02026882892796465	0.005615094119220497	0.005090016923656284	0.017165421736071523	0.1450933619219663	0.009427426831606899	0.2011592274585322	0.14920306773439834
0.08019202654021441	0.088191352629775	0.01868426653044727	0.4065254117366993	0.3735935260662099	0.010258422406335692	0.006226893903588856	0.01854277610007611	0.01092985515025562	0.00518170390321674	0.016299024049085183	0.1308171436883994	0.007967031074173658	0.22110801769199578	0.23368494452376254
0.07012041297528768	0.1054022307063505	0.016339866999442672	0.2516013670134117	0.3316775886664777	0.0266987555298286	0.011395522242329712	0.022825292838579314	0.006295435497358273	0.0058477313707295695	0.018108969227492583	0.12012189639433411	0.006620151012780861	0.1934562956205567	0.13483793618793552
0.09144398994570298	0.09976579908855349	0.01776806588001457	0.2548028764585988	0.3079477494481465	0.008634773891606613	0.005486109731232565	0.026271567486294726	0.004401877423416618	0.004924180355469271	0.016570395284001962	0.10855949556460105	0.006990007573114553	0.18352117889631725	0.12994350897806423
0.07756764803730977	0.1064810796636879	0.015092831776096929	0.4109822641482111	0.3090214719345254	0.010624039524361513	0.004734673194037189	0.020729570724796812	0.0035482362051358265	0.004837041749690636	0.010790896213513177	0.06900955744531817	0.00816044492456552	0.2096174421901617	0.13293503333768758
0.07818133459553508	0.10337215224666739	0.014652243837088262	0.20658973159982813	0.2839988673718966	0.014077824782882699	0.004864550230993475	0.019514268321061186	0.006232415041377157	0.005833720641406712	0.01594223577156606	0.11081258323571327	0.006188881155980092	0.15157058107762442	0.12920181505517944
0.07975871396542311	0.09152715868024833	0.015062045297272003	0.36150523531879336	0.22687450759520564	0.035909985515256516	0.006642960543307023	0.024269469458704493	0.004428597634817615	0.004553404274236372	0.01927696483578163	0.10843259398290467	0.007227487406007476	0.15516817236817163	0.10879339195378951
0.06899432196101186	0.07773026227982016	0.018582483339955016	0.30982828113328126	0.28503964541145493	0.01059247224654195	0.0031563368942179645	0.021568180768011338	0.004690768525971477	0.0049204131164515	0.015016349933347451	0.07677399818786747	0.009114643381844114	0.17527613646287166	0.20975448860268267
0.04796072545321651	0.07893863796319775	0.016745346551419387	0.27133345329612085	0.31581747972111784	0.025684438719219903	0.01357515164318435	0.03309553926323446	0.00462663445187659	0.004965793854911513	0.03516587471049452	0.1025044293718829	0.006830077883664507	0.19876258034619332	0.21598136568772533
0.11026745764483242	0.14073556406539137	0.018373052656414916	0.29923037109971706	0.2627283788403962	0.048417042056314114	0.012711680209174547	0.024983847699209253	0.00573850570616526	0.004226480091298082	0.016829997719704212	0.10656541424749759	0.006195338428701936	0.1537830934944924	0.12077245362416912
0.08985600160549029	0.10581753588256892	0.01798645135958175	0.1726911160222918	0.2558471359565234	0.031600400481943035	0.008038610106951529	0.02643841172795543	0.00470121836084669	0.006199036575392447	0.010858354268180834	0.13635222257941174	0.009494539352813542	0.12922821275514512	0.11752821996680783
0.08120444450617105	0.11658234581853152	0.01745138934292423	0.2852614205631889	0.2656186631793709	0.04647050011850149	0.0176674613464523	0.030482852715169775	0.004606863716855563	0.005840835827312426	0.03453664296971522	0.149370473581061	0.01198050218998033	0.16907859685109763	0.18345238830829494
0.075777089922843	0.1254311174294005	0.018795668581495346	0.1849237978984366	0.24616401530956686	0.029921819939773664	0.01821534139372313	0.03509584950256351	0.003917153024333713	0.006113101243699223	0.028975431282084855	0.14354130898581563	0.008296434008298818	0.13329228169010335	0.12714718946615763
0.11431296715664559	0.13229469036074332	0.01652365511889875	0.21758214044291324	0.2814415547556092	0.019265050479052095	0.01072342115093575	0.02930661159686822	0.007006099017201549	0.005399152627854574	0.02223071038961375	0.13475027923532068	0.006170012736299241	0.14577422003102383	0.16425603508090983
0.09485259270674617	0.1330192983712116	0.01291790788237379	0.21990323571246825	0.2938243663942709	0.03059525783131291	0.00867163975324936	0.04161759202831863	0.004547420997048956	0.005337647781301522	0.04308750893208462	0.14853131831790956	0.008640095292527291	0.1366450892667082	0.13883967279400805
0.09245796967353753	0.12995058247830052	0.01508009334135742	0.19556739403735993	0.3095786389234998	0.025533455845479554	0.021429863818543334	0.03258626149336314	0.007143316439382935	0.00395763334956446	0.02688273193802053	0.13501903475667643	0.007922057765896821	0.16183955539672218	0.12004159907113417
0.10377196988744361	0.13767087952359852	0.015583943376811137	0.15992866351456025	0.24389868970784623	0.039800472560837366	0.008660895751249049	0.03149311590938935	0.005028444328956291	0.004877950461121338	0.038606337400418786	0.1205986746367378	0.009444759646100838	0.13080411942735642	0.13340030885130844
0.07341115739125682	0.11550633022426625	0.015193299811348936	0.2398879558192852	0.2996123243374517	0.020217991257851783	0.006936240155754542	0.03271865562684246	0.00335612066713201	0.005101782173749938	0.024253986832753982	0.12592288058335005	0.009942121843250959	0.15280071498652117	0.19241772406676208
0.0669689583250445	0.08195214309133968	0.017800958040797486	0.2003442417224862	0.3182684986820844	0.029663509337425162	0.01007253287215513	0.019525516637311495	0.004919257358813559	0.0048278177688925355	0.023434600120709748	0.15038604514478204	0.00406831412957444	0.14010552723952932	0.135369108218701
0.09570656233870334	0.09926411583987801	0.017442494922891256	0.15002148345464628	0.2562520086965485	0.01800913583157874	0.008704234158753075	0.020900039893054573	0.009825679895852925	0.005354558183978084	0.024299549140731087	0.1304697856268464	0.009462684796497707	0.1282480860624554	0.121345567656582
0.06854863888556782	0.08545174625962762	0.016707941493767066	0.18905812529154464	0.2654756351174541	0.02665028462505926	0.008634728149474817	0.022364051070625886	0.005023828306218984	0.0036998584180483783	0.02117484055680421	0.13172056965239737	0.005118706294796277	0.12559400848091568	0.09295490080668067
0.09677682581393104	0.11361896174311323	0.016733839966120514	0.15725874504476284	0.27258053326142756	0.033119028008305254	0.008616462983531917	0.02580064289720975	0.005595390388919343	0.004457674138776644	0.0494923048492342	0.16909428011874528	0.0075273300797023355	0.1319192466644455	0.14628760292844167
0.0701458673446085	0.0787971162418202	0.01765996301885556	0.19360524775236088	0.2452921557444043	0.03989110591123247	0.014607407673754512	0.021929199423086177	0.005057764737739537	0.004700030442802561	0.018548939449038133	0.12379897791021781	0.005581335049880144	0.13027996554429475	0.10337496125589457
0.08226273833424512	0.09777767161708209	0.016004491346851394	0.22621905721640176	0.2958732933830675	0.022100355027522636	0.002997505850764326	0.025357112267291693	0.005510949191601916	0.005435160590285303	0.026421800666888578	0.10996106667868685	0.007254630371406739	0.14235697278956	0.12034682685946102
0.058342549939317444	0.07785078481675711	0.016935418059630322	0.20595574864981442	0.2824448283213759	0.02179437292613362	0.005930900776140108	0.021548551606616832	0.0037957990222424183	0.004062143321548972	0.021010569128264298	0.1488483303799449	0.014477622741338372	0.12810177879108967	0.134584310310583
0.0633288690469118	0.11584202392537145	0.015640277661784965	0.1395294163892558	0.2906313509735811	0.037552236225796266	0.010744754646480944	0.027481335330958003	0.006527310702522149	0.004461647981994696	0.0157407357849213	0.12795802067957032	0.006048326775346382	0.12358996812143509	0.13073293101040434
0.06993312520144356	0.10316174781672033	0.016084580915441182	0.19174370092169846	0.23244615891107903	0.011760685097218023	0.005287499885093861	0.020482140034721083	0.004354874064908338	0.004532393985715222	0.016738039549749843	0.11376992335338997	0.005495548361381245	0.11707453530580045	0.12739403341639552
0.0632092537463029	0.08719495914702387	0.017638003712616947	0.21226032880629042	0.23253154037597484	0.02633372615607037	0.010631176187560315	0.02847048392956166	0.005510576802695942	0.004355165648215444	0.04648321983284296	0.08890844090784568	0.012598226274203072	0.12358324925803577	0.11189991865491203
0.06374172160355117	0.1197884041611543	0.015846238951392307	0.19025192461814214	0.22237483206862882	0.014446619780308772	0.007557478877257215	0.022295656128779727	0.007954539942559657	0.003872339238496649	0.043596976870911616	0.09934575918826942	0.00793173898012875	0.11891745580566376	0.1388355663230846
0.06765637668639418	0.09290658619452367	0.01655171270795796	0.2393008223445423	0.28273078786423345	0.015957785275070826	0.010548875969837414	0.020928286418581542	0.004491058814377301	0.004054215400782897	0.02606047481878111	0.14297364985148264	0.005300069196745653	0.15703950235353126	0.18748085641245604
0.08262744641312794	0.10600163493848133	0.014966212208725295	0.1495216134694521	0.25146011750148756	0.01942229324209559	0.01725260241287701	0.024528132119793565	0.007252311969011778	0.004622020478226552	0.04794992668646249	0.13505604926485	0.0074844141349370095	0.12893835080876112	0.15038269310079516
0.1094574063336659	0.14673753723312977	0.01581037504961673	0.18893239498661937	0.2691617247210697	0.051745081566701066	0.024524550253038332	0.029882079606088515	0.004986687058495704	0.004483659567383665	0.0783661529008401	0.1617474592466536	0.006825314696953881	0.12328090777955845	0.14581721065007716
0.09653979189455845	0.13498660956658942	0.0155182763004951	0.1410261189187652	0.2539811244125753	0.049227291943618974	0.007935439161730121	0.025808314341623888	0.0034008162729901805	0.004808562468998194	0.031492937521844254	0.1464377532077002	0.004582990496490888	0.13750640538107384	0.21129237730968783
0.09718118515256839	0.11266111557484404	0.017986701427741548	0.1692134460618497	0.3593552520540427	0.029162515359463608	0.009977928742903036	0.03126041748840873	0.002937014190141761	0.0041931150905760665	0.027353117271973308	0.12393072857378501	0.005309089025590679	0.14266161103324132	0.1670124302170715
0.09980933641922982	0.15214294277382628	0.017500112387586888	0.17394702000796758	0.29661053304944435	0.046983686686997574	0.010297610349131918	0.022868827059123884	0.006628744385001126	0.004155736795802508	0.04408126101706255	0.13001602785106947	0.005811600531868484	0.12981616018736375	0.13408686956403848
0.06269111864233579	0.09724515758311181	0.017208534611720918	0.12604994118070975	0.27246950831204036	0.03140536652271458	0.011891515852329905	0.023560867315649135	0.007236209490505	0.004670447391090173	0.019739249901341963	0.14097326718231698	0.010605588775160168	0.11535903233512657	0.1384451406470494
0.08507907343102386	0.0830518215225754	0.01692398974436427	0.17924076818065093	0.32282131678598464	0.01686111479556829	0.006289517354796785	0.02125313735302798	0.0050789356261596134	0.0037593198456021054	0.04600101019156913	0.1518790943179248	0.007174071914647329	0.15096747572966715	0.12845504140364447
0.08230240887770246	0.11385430020565174	0.018699391679701808	0.1661290328666738	0.29728739084667233	0.02310609448270394	0.007510241883357655	0.023473345741630045	0.007275350341420915	0.0044529743872107905	0.052308389690973414	0.11125129417872628	0.01170641273690636	0.12004572959584553	0.14936303250228072
0.07616603961299473	0.1267284598014719	0.01849171728390587	0.15742513884804343	0.25417171597572585	0.009567238033513238	0.003774790839657167	0.02269475727554827	0.00586261566718788	0.0046158030482982325	0.04401624816679132	0.08713773553130523	0.006523585836644076	0.10882886279429956	0.11853861721953662
0.0884084296509274	0.12003334825283869	0.0167257039025814	0.1531329992766931	0.27264931458016656	0.035860703564523796	0.00995166429189828	0.01965869903704206	0.006178836750845692	0.003202667803825897	0.057292519469071546	0.16396131289675162	0.007377862738155314	0.11484586914776572	0.1532287579428478
0.10593575352329272	0.12628406012922067	0.016022193916082277	0.1282455394834225	0.26732975442482104	0.032686091331475375	0.014523355223458932	0.01788738691780289	0.0071879645093629605	0.006563433815623236	0.024466673347263247	0.15254173828700437	0.005659514433973352	0.10872315058505405	0.1455428063728341
0.09712386834941734	0.1170103708261157	0.016259780895061866	0.15221811196298526	0.2997889167668625	0.018104222590529052	0.010797994324423748	0.023248578420707888	0.008734820554352029	0.006327187129116474	0.04055204905660341	0.09090574957699116	0.00776349042032594	0.12096771341114418	0.21217683747429686
0.0623788618345509	0.10219718786379545	0.0141508463041505	0.16765940997275547	0.2781586388136681	0.03401787700032919	0.010777303610006134	0.025636213223145313	0.009831926620409876	0.005364877239010461	0.04833027318102673	0.1741639141554395	0.0067834503318511844	0.10594503385903381	0.1253738011034623
0.07772375406696408	0.1093535486167107	0.01650296207968418	0.14001574300597544	0.31037847081743064	0.03819790072747699	0.01031960505858242	0.023835199514115998	0.005363523474666251	0.005101346851662144	0.024404092177278906	0.1328056362264611	0.007509866076683364	0.11554704593031531	0.13758029160371915
0.11823340304932711	0.1327089491958442	0.018911623037638693	0.15977225690143315	0.3155134732549838	0.02797544692150482	0.012309051015427999	0.02281476527118828	0.008577348780403702	0.005278922981695221	0.029012280408418342	0.15862927156576595	0.004583569344040726	0.14718966959512264	0.18357872164135744
0.1332169654616762	0.09474515461889148	0.01752132455543013	0.1781920868520643	0.3483613313690999	0.01851356776759709	0.004110521069133772	0.020212055833923544	0.0049608336542599695	0.004325997068594686	0.045816139982551976	0.1036717029125581	0.00768853423146269	0.15445730714336275	0.12412218756945878
0.10764061165274764	0.10720165930004628	0.017168392496735248	0.12742987528739133	0.3041405984382711	0.022250772466734323	0.012503307190586196	0.022994757840754734	0.008222648713011838	0.006010676111044412	0.028739609240134596	0.15094469189400236	0.0038028051810117566	0.12448217551629132	0.15754073035245453
0.09849914128341851	0.10727107684238707	0.014512672080750653	0.15815788174715273	0.3173875832148503	0.02581480349205037	0.007196751878307043	0.022252373140213715	0.004729284795775521	0.00406342362430389	0.025198133694900725	0.1284707892746093	0.0063985679094108955	0.11780627487978423	0.12273737303535405
0.08460715531648448	0.081895961954258	0.01632321737879699	0.20049520633890408	0.3159555431246149	0.0228037153979691	0.007869301464300522	0.016525203619859357	0.005642795702287168	0.004835235766689779	0.034972309287013	0.13418513936059245	0.005344502658706009	0.15080671046302735	0.20095516237609642
0.10993242389395594	0.1274396058409883	0.017807840380625946	0.17781303228018916	0.3551234169209097	0.026613238771202537	0.010644023873351546	0.018058139009923986	0.005038497199240307	0.004759347431253126	0.04075880749654132	0.13725335392394503	0.005408695992438249	0.16491203008837216	0.13665031765253788
0.10869808907758935	0.1264545069473704	0.015606086142534533	0.16606305413442596	0.3475180582048871	0.031537600865065345	0.0038694487498681213	0.023491572020452874	0.006998014546509389	0.004642297980488824	0.030594328629717418	0.14881556749084282	0.005195638488332308	0.14664476518382658	0.22389635249324483
0.09039471763179002	0.11759821188141856	0.015012839883714206	0.18122994918270316	0.3213336598845038	0.022012321397079558	0.004158631021583391	0.01733907198094684	0.005385020433248989	0.004827143728097138	0.030591923679299922	0.09041005908880594	0.005602196759933248	0.16297604744499275	0.2203425098162359
0.09152413223416896	0.1303696178850035	0.01672434515353398	0.14266985418721564	0.34218248095828135	0.043490559704669	0.025185022614227566	0.022531188691360057	0.01210610947625609	0.0049520559973456005	0.019901735483835604	0.1799941609269925	0.005750639450225812	0.12072843975057478	0.17488683757674592
0.09306446704738794	0.13477778362053225	0.015773555814212404	0.14961994982048082	0.3089844542574384	0.04073527806955482	0.020317640888577248	0.019118175023449556	0.006819942429563536	0.004780303267287281	0.04816103935227208	0.17624042933011905	0.004998465998537285	0.12912680076240088	0.144260764090237
0.09564480054836921	0.15915330849935277	0.01596204887828969	0.13288364645111128	0.36399390068362764	0.05893563304251618	0.026110806480106195	0.0267374756959021	0.006562004056422116	0.004155669666717732	0.03479361884721152	0.20948190180918194	0.006371602633871155	0.12369330119014185	0.12450103547205861
0.09773100701585809	0.16059441233090627	0.014048396378155054	0.1762975720986283	0.3613667230055375	0.029795076742348894	0.008699797085987325	0.020713692518631765	0.005181443606962404	0.005350544489697345	0.02420207552288918	0.16008586171486722	0.004176709805900216	0.1506377894698736	0.22162237158009193
0.06867708947028113	0.10553479656424222	0.015253301371896484	0.1699286387587684	0.4007761994747133	0.04788110699716022	0.017817382159095122	0.0209800619498197	0.008324385182867778	0.004742522906114548	0.019371927836041743	0.14604501587596233	0.005432726980554027	0.15419181309345184	0.1888780795991682
0.08926106354939506	0.13730991022537611	0.014738360523700611	0.1758301920708519	0.35680755225263044	0.042469541227680756	0.012930818479139055	0.019743524843384503	0.006092628877278387	0.005362770773847281	0.03074827433126922	0.1436161444145832	0.008838204746401897	0.14989757612698631	0.16566093983278624
0.10025794147003489	0.10713527789368538	0.015048700348164483	0.15814481213748852	0.3385819739922119	0.03251183818471639	0.012496907115581983	0.021644597711667123	0.010875777288280429	0.004798580733367263	0.03383016106580391	0.21370538578711415	0.006803707017410545	0.15366265855179423	0.1612506390693291
0.10066077202373143	0.10950207483002221	0.014254530180813792	0.13535372874958876	0.27846312063167844	0.02339455798441616	0.01794613710053034	0.013413934083076992	0.007541357359379819	0.00425237417541061	0.01566458681515133	0.13177643540403491	0.0037589301866166364	0.11957769089239322	0.13074400203926723
0.11478525662500477	0.1492406356381428	0.013908249174442845	0.10272205308522467	0.2726290548054606	0.025402449725092695	0.007880199590512256	0.02263423855025312	0.007515262542818477	0.005355331745416347	0.02621453671149295	0.11471341701414521	0.006327091612527085	0.11856753255512503	0.14928285619406548
0.09492578117318425	0.14058677951366452	0.016355063539085276	0.15910706404227892	0.3265612272257136	0.028687955189985136	0.006026217831430588	0.020557702907243354	0.003430490903521169	0.005788995422114156	0.023522828618213826	0.13734933589197543	0.007447874139835948	0.15032632762016485	0.16419313810788172
0.14502205669930637	0.1851300000583838	0.014414661127840612	0.14245214325690853	0.28156273742115023	0.03149676909324111	0.006556068658477045	0.0165331105743008	0.009518911602859382	0.004981116309936776	0.02916800487139846	0.10691870481692377	0.0029155872383137198	0.14466638443245572	0.17195975796776425
0.10643671091523789	0.13194213750410722	0.01395963826720871	0.16850467285031875	0.3056898641499887	0.008492417396082436	0.007814381998522281	0.01757709414236535	0.004837344563398481	0.00454431187952121	0.019885074391835227	0.07827743291716575	0.004259387884160808	0.16264706011453836	0.20317655969294418
0.10664631625025871	0.09810370170410856	0.01461132125086614	0.14739844861811	0.3090736674734113	0.009340651852937835	0.017913134722946127	0.018215248082433154	0.01052539286429819	0.0042950487034536106	0.021138057480709512	0.10574024546974847	0.006113590666731796	0.1367770946819696	0.18688947349315368
0.10720473693874287	0.12404088136965215	0.010649899442185053	0.11972696511138503	0.3098905075991688	0.04122767719823767	0.01968666508151211	0.016633380959225806	0.004619969536461235	0.005161826522376487	0.018860686273576507	0.12430649210889798	0.006382935060173693	0.12679352256790688	0.1256639195500783
0.1008440099131039	0.13030717978964604	0.012724059577594371	0.1294708439821037	0.32252828210562223	0.033371862693944286	0.008062595142385864	0.017457496014344476	0.007394638577541121	0.005335140291323689	0.037392487465685104	0.1610998626452736	0.005187169769874612	0.12342263147190333	0.17870812996044935
0.0805454194066166	0.09253371369521243	0.01297546487278803	0.1485717733020952	0.36365217272669015	0.02492102603194893	0.0036415453251643966	0.018505749002200873	0.004521224946622895	0.0040776766574587885	0.03314769909359496	0.15861565834512437	0.006105713713982366	0.1485914217922964	0.24543154657545915
0.11072439455303236	0.12305346210085898	0.011862103403747944	0.14190430991285044	0.2921879808768523	0.005169177991385133	0.0034822664672268635	0.014877926363574377	0.008546938050079054	0.003787420542281271	0.013646769172231583	0.06986761022194105	0.009679539295915121	0.13597960257456138	0.17070006755419614
0.09390476598200248	0.11979094470129009	0.013227787276710272	0.135122687540897	0.32525779024092794	0.029541123742067726	0.010241948906645912	0.01583648321341075	0.0031242018402472867	0.005549865228103532	0.02085823825829294	0.09842602111287901	0.005617458935071206	0.13216537867388245	0.13525197495481983
0.10529671702525996	0.1213437643768425	0.01424059077011093	0.18654158281488262	0.4414938940735499	0.01912654761919665	0.011371372989188805	0.014914684097388445	0.007366589476671317	0.004750984660279601	0.03633268041495719	0.10025916009760494	0.00841868710338102	0.19281324822642507	0.22459021213188937
0.1378120110738143	0.17571381104256653	0.013860533358502729	0.12449514446320198	0.29447370066108713	0.008993482389307474	0.003592579231244123	0.012007466419525499	0.010035553906346745	0.003665195696010591	0.046610701084762056	0.13258305759369604	0.005035801634713196	0.09128098171339945	0.10670750037061104
0.09045471306579021	0.11783317859041341	0.01579118433491468	0.11373524183928475	0.2650090304789556	0.007472153855290548	0.0030516391054143744	0.01601908746241937	0.009016305244839228	0.003820179745608692	0.018993644051113777	0.10439225661663913	0.007755240272709089	0.09453273585951194	0.10058129596009466
0.09047440425986393	0.11016057049796411	0.013662603202484538	0.16215544306940682	0.3410583746257377	0.011654651238399564	0.0018794506185098533	0.01727772125231871	0.013947179099531515	0.004036064976474884	0.0300342263756507	0.11237169518739781	0.011948140186055854	0.16951394968985284	0.17806103050288621
0.11830227294132896	0.10454354868027037	0.01111320614427053	0.12170296419536378	0.2979968787141879	0.011234032374000943	0.0031993734935525995	0.013031454705850124	0.0069762439971763875	0.0036223054465655516	0.0101988970065098	0.09400083588523665	0.0064278811748846735	0.12276116206226441	0.17417167385397206
0.10350358837511654	0.13269799260854115	0.01525137147958715	0.1400028295007227	0.3069075005044945	0.004313541200329165	0.002798597309367096	0.014769831082290158	0.01093004169942931	0.004987686616990149	0.004412317348557715	0.08423625123790748	0.006546753852327967	0.13550597628527974	0.15358108107550533
0.10511008878801459	0.10806756197498345	0.013081579729769009	0.10974227893121677	0.24609099868209927	0.015406978594178665	0.004655052148655631	0.014564485201183891	0.008822361553635711	0.004778162765750173	0.016393337572287416	0.10239294605524213	0.007937591829029542	0.11684028233088872	0.14383785394375295
0.06827114244413195	0.08740056997406495	0.013455581127508599	0.14449219621241544	0.3122273488917526	0.014477215406913152	0.010841160531502235	0.020882816767760895	0.006708996168241499	0.004928601308048381	0.01878096614371007	0.10253503085397338	0.005090406102979439	0.13941637743789959	0.1786436398659739
0.09705743917366591	0.10216907940342851	0.01401155495671004	0.11250611905266081	0.2443555608569745	0.024557705501782046	0.0049918537629699755	0.018685674929434598	0.003942315456642901	0.005876800229011132	0.010985948525095993	0.09002570387449353	0.006232934258633227	0.09817557068471851	0.10273155175976015
0.06993995259331434	0.08137986843692109	0.012648034956567532	0.11356460801699754	0.298584895654234	0.01609905047331116	0.006325345539032478	0.013355082240593227	0.005788982460635194	0.004857520100490017	0.011185643304520588	0.12316115092738472	0.00464253421136661	0.09919973959837823	0.11278344442172077
0.11472616523839112	0.10989401673784067	0.014726464301166671	0.14519377838503794	0.33286027072823554	0.020098756766733512	0.0074052285741485705	0.015105856701620637	0.005654746230471952	0.003708845417823316	0.034787785448292405	0.1208193279870788	0.009054259051704516	0.1349536616795471	0.1280855411059725
0.13753459349380057	0.11192237452689062	0.01221713590410424	0.12409497741996278	0.34713912404705194	0.017653438643480148	0.008723737020431227	0.012013468469890026	0.005531547644560585	0.005337267516814886	0.024522547077280517	0.12486036605168076	0.0132751704687942	0.11302003430980795	0.13079536581149473
0.07786188215287504	0.09845416647292572	0.014059184951000428	0.10542539843964985	0.2757003936130388	0.017281350684039732	0.029018405390807623	0.014665645055652108	0.015474699945838903	0.0043042536190988825	0.041952639614187756	0.12705289729932295	0.009329685367831044	0.09352058937054174	0.10968519704515219
0.11505864738776919	0.11251034659034012	0.012732516212957191	0.11304119587266838	0.28604052047450235	0.012914976370051578	0.011143407143227127	0.01765316063954182	0.009216732575106943	0.005804678991804483	0.034457674035235336	0.1337367137619226	0.006547435700265274	0.10558945512978717	0.14711361292328634
0.09786108709551312	0.08408483511564988	0.013411138630537382	0.16683575689545288	0.41144077824121833	0.04193784419333424	0.014819767196403976	0.017609783884280028	0.01098403426324234	0.004121587455764758	0.018353468402530524	0.1431536014104263	0.014661560923588172	0.1698757739950481	0.23404362647484775
0.10493448264628781	0.11506512216730364	0.011710031426380095	0.11900938621800168	0.30058880075068456	0.019756290087471463	0.01816311972485066	0.017444073113557564	0.010345813953549594	0.00442735751105151	0.029278892364428617	0.13169678849269767	0.004634197147244161	0.10945464753094529	0.11693271505201391
0.10165741204950036	0.10890497513139126	0.012602203005610548	0.1287922266727621	0.32684561289983044	0.027068505491802484	0.010513011486851916	0.0111201536958714	0.008554996615274313	0.0043154769682138	0.04607129399841164	0.12492951852105871	0.006899629370006158	0.11859247767781063	0.13923850266491022
0.07562085313571781	0.09145122539510643	0.012438219284915173	0.1305038663682447	0.3478406348643666	0.028332274189548635	0.014075680035753997	0.015978187989558437	0.009981210554492486	0.0041306534974664124	0.04781600945517594	0.11958269603974916	0.007615919452225533	0.14108331675012833	0.14990525340724087
0.09211556751829392	0.1056235395762839	0.013409430037549627	0.08951070662937002	0.23553894358123817	0.013530336746384215	0.006435935432270065	0.019281924087899603	0.008611514955417966	0.003985478181901976	0.03196937461490721	0.1079910252130314	0.005463822703598927	0.0714571752753001	0.0912131755532332
0.07435864485955097	0.07739192067202919	0.012686589375280067	0.13220290828882228	0.34331398753612574	0.021967888551669947	0.0070322038701751115	0.01619536112841877	0.0065923435926294625	0.0034223787335182177	0.02639532245570989	0.14572311356193526	0.005287013849631317	0.1297089110401365	0.15744800438724948
0.07312413237565601	0.09976768378770826	0.01239707749057627	0.08185236977097766	0.279156754958014	0.027113873069117413	0.011734506430676653	0.020500540077631624	0.012265949932443553	0.004185699117255628	0.02487108565214291	0.10960313168514045	0.005677635494531177	0.07632316315175638	0.10514278681584374
0.10185532588856716	0.1201901391600156	0.012932787418069365	0.10930988303430808	0.25390043037084664	0.020245011218873843	0.004619799813583415	0.01510044482749964	0.009607801863685797	0.0036680603274131768	0.028809852806307126	0.14258069431380294	0.004458254001073284	0.09770299050271006	0.13996661497812787
0.11666911752717576	0.14138530940249028	0.012328435846922108	0.10314548900287689	0.29816829568300324	0.025651083814810988	0.005812723177077468	0.011514992353628356	0.01526271952402823	0.0049998427494115675	0.053188088891443074	0.13950841271150718	0.004825129709349836	0.0939977784050629	0.14393461985003078
0.09755538952414268	0.12020699254111185	0.012081867824484583	0.12495087420346714	0.3011325624686805	0.022474522122966183	0.00933211634819789	0.015136255291256062	0.00990086145758313	0.004367265023308494	0.037614796847540134	0.11446481547020053	0.0037385852499976302	0.11329198410433768	0.13829002015863964
0.08361467694362182	0.09507409458904924	0.012079587047767846	0.10721242778165653	0.31325181023125137	0.02958712003779874	0.009546840898778372	0.0158430825846242	0.0058973865369027784	0.005715495529233808	0.047499307207127965	0.12868765350224967	0.0032033123265676647	0.10529692406528061	0.10869902997847183
0.10866713785569018	0.10844445663627321	0.012871895789080556	0.13176543743684876	0.2843282248021416	0.014708279469549659	0.007587449395589532	0.015128872166301132	0.01260719676766035	0.006084997619299887	0.01160745874926582	0.11567699752946074	0.010230388001320707	0.12243516892616992	0.16078461162498797
0.08931987927818888	0.11292916117733248	0.014351052999379915	0.0934531967544767	0.27226645120776427	0.02067004355841187	0.014692580519758112	0.015692411204442765	0.0076073311385906305	0.004683334058338862	0.01617684268890302	0.12110435582083869	0.007131470042612745	0.10488111249880054	0.1380186154685804
0.07401793315525028	0.09042393668931248	0.013480544087520753	0.10356173785020346	0.324128726554871	0.038779372640215345	0.011133890132879567	0.021500118180145286	0.008836205910436089	0.0042010097815111894	0.02618407183701822	0.13739609067063566	0.010639897353654075	0.0998129618594119	0.10697706048359629
0.0761780986295244	0.11137476957858167	0.011825813194375251	0.114031119864904	0.2975872801573833	0.028726927717437362	0.00421366481207781	0.016779129495979005	0.004415894861174225	0.004677954710998359	0.02396831509974298	0.12525827306483614	0.004186589377216968	0.11974206210307256	0.16893285791182866
0.0862166675644591	0.10245752409567518	0.014498823336571563	0.12467379727164057	0.32212492825186595	0.02393837825484175	0.013294655532277723	0.015238415632211963	0.006807002875630504	0.0035638042818769665	0.027752492609433157	0.1397975141288009	0.002356021851353041	0.1183553662799823	0.1409527076732006
0.08670446580796046	0.1055547608701666	0.011008005621909178	0.09882980752171558	0.27641347231850766	0.04557110121307995	0.005932882503184004	0.018621465217917202	0.002936648445252059	0.004463464272614582	0.019243536473134717	0.1561625150004682	0.005554957309821906	0.08947114965364081	0.11209247666420681
0.07428367233245442	0.08644188225137292	0.011575133709619176	0.10812939404639522	0.2580106578823264	0.021909374510080355	0.008983993382134391	0.019444922609057905	0.005086186008244619	0.00573055294863116	0.021604113541304606	0.13968119485726296	0.008471849206366998	0.09184127932762944	0.125426386984757
0.08766987557670405	0.09533626017588667	0.01362726810055704	0.10105520562025953	0.2686115895113773	0.023539371912119248	0.006618846602146254	0.014220528307827822	0.004265159861284111	0.004512042913980459	0.023966132767795956	0.08402124667666454	0.005143346254750725	0.09857114084481747	0.10263691562798355
0.07429060295722378	0.08958410252311141	0.014725032363808099	0.10723103197867362	0.3001194759590592	0.018126113102924342	0.008699629853791335	0.01670432988028439	0.009103320340523911	0.004147151934731078	0.020407830178668096	0.13959942317117557	0.005352640600486306	0.10530581996624755	0.12279372680604293
0.08322023186157278	0.1007931315405282	0.013309646468315563	0.12973190181110417	0.3077371439104636	0.03545138283207901	0.01877156965847114	0.02280259326951021	0.008665717700654394	0.00367522020168903	0.017132255131632565	0.11358453594621533	0.008894709844873077	0.13472596254798608	0.17586793533848394
0.0681901119473215	0.06934566033982305	0.014019989611569411	0.1445728682297484	0.30389283945641676	0.027898121290864	0.00708192538172549	0.017920673434006527	0.005550159719093234	0.0039263193209556485	0.020807149674954877	0.08832994182030128	0.016576880380942956	0.1497384970554162	0.16004583051596438
0.08054836687604279	0.08780928369200496	0.01089551101879029	0.15648603156313753	0.3601371505906504	0.0522680103504796	0.02494465311545174	0.022298197482276568	0.009073629170312876	0.004206454491776443	0.02324053756855161	0.1744592444069135	0.004406769934909736	0.13576966728568407	0.15687935582987408
0.06616686383720209	0.07244179726115262	0.01011696574016542	0.09349525309642284	0.2714576234796971	0.023889728979893186	0.0063610643585229375	0.012920821938501048	0.005211375602085494	0.003767786692322309	0.029271371146150173	0.0893205953544301	0.008942208830128974	0.09664100784736042	0.08985815205888582
0.05932630334539229	0.08857164619926945	0.01209459265484538	0.09140332747882791	0.2756922834202302	0.031239459955376053	0.01813691594703534	0.017986868004048293	0.008889006025617367	0.00448170865823344	0.024519873834123813	0.15780259556234746	0.007011162226833313	0.08234382678837157	0.09832898122498668
0.08179868291983897	0.10196774125148694	0.014318215755531442	0.13630496039794657	0.3607134007597871	0.029056209033858763	0.015195911361235818	0.015636460264174836	0.008171152870368684	0.0034555340627757465	0.03220291339781993	0.1390723128577421	0.005441097690069332	0.13908394604022423	0.13573739871898383
0.08265171156740381	0.10851492048404845	0.013285140093519828	0.12655041356881586	0.3463494380875258	0.03201068891293429	0.01954881146717443	0.017653063876477217	0.01842079752813689	0.003704255861602162	0.02952485055367121	0.18024357709542116	0.007541352341776756	0.12330343026229233	0.15709135843500246
0.06589219359021248	0.0843735623521946	0.010974645680423114	0.1628976461348385	0.3532033247362724	0.023084744884123286	0.010957990214264524	0.01529823671814445	0.009276903275507512	0.00468105297426108	0.022541354721124302	0.1515875633596627	0.005240009566627709	0.16156700713722846	0.12578049973036828
0.07728027002003068	0.09511803731435878	0.010461041793954809	0.11955136203699218	0.3785825093867403	0.015963442318760464	0.007629936970654807	0.014073354078000625	0.005653405743956531	0.00400031843466483	0.03851096582280064	0.12563709981726787	0.0072755132977696995	0.1250355450697006	0.14687764397504716
0.09674245513338665	0.10271340005006509	0.011558779170495932	0.16518531397326924	0.45499238616197885	0.014831799230114514	0.00299941246161409	0.011934310575677282	0.006845641202556544	0.004171001803079334	0.02653349591860425	0.15486578575857618	0.006407321233481858	0.16619915948376765	0.1734471199421446
0.10595161610271056	0.10314242009354518	0.010419658508094306	0.16317840723832125	0.4167133612744323	0.025688047175577468	0.010139396548506204	0.015201277936070406	0.009005929871706463	0.0037757141597215276	0.022277576070002955	0.16838927741950388	0.009712575570885909	0.164193093149732	0.1534997820305081
0.11210854793632215	0.11650801742039868	0.012138468819471126	0.1386824501179389	0.3890049299094356	0.025640165582685358	0.005236901239608479	0.015957404953201908	0.009699376074698738	0.004536343184519021	0.01851937788909752	0.12839697075222703	0.017558262889033543	0.14989249566619142	0.15682651817902124
0.08511378580293726	0.08630258610547877	0.011995829253606295	0.1243413104727181	0.3775897021230371	0.028407534297830758	0.010507195274944151	0.023340168875425053	0.008327405537401729	0.003921021851858307	0.01855474861132352	0.1513557439213356	0.008666216137195707	0.1202019470056092	0.142799658443663
0.10932639993456861	0.10526444554425245	0.012235165011730971	0.11346328193734113	0.33704097884643747	0.016983918999671912	0.004987256123682324	0.013100536304051197	0.00550871323677051	0.004192644718048568	0.013661913784957038	0.1483155901662312	0.007825895310220796	0.10975529346352902	0.13890504573703238
0.09681161341452804	0.10188367816987927	0.012859792551772546	0.130770741843866	0.37608779513585217	0.0295119999569983	0.007904954902821067	0.013152567967417202	0.004594160950350763	0.003775648340369949	0.013611307302098398	0.132816664189729	0.008848762882070418	0.14247940831658015	0.12462799305881804
0.12607772875211803	0.11562033846312354	0.013172105103645415	0.10422357795904744	0.3032281826751459	0.03375848586050844	0.006947250685672607	0.01356962593847469	0.007775516653283472	0.004620314416108361	0.01709072056862045	0.1318365990351578	0.008841530976413343	0.09725149837997604	0.10572020881264287
0.10006955413480724	0.0964126116119799	0.010785145176543382	0.11216670005394336	0.279694701655984	0.02405427226835134	0.00594760037848401	0.012406202709804356	0.005779397697851771	0.003717040336443553	0.016276860160583023	0.14213456218441187	0.006828685742351687	0.09119671893985136	0.1377146244574082
0.09352202910460891	0.10020264458242148	0.012793298726722583	0.09469903454858364	0.3130267900407453	0.020739946357693596	0.006423068925294724	0.01765314853725697	0.006276628775354528	0.004513439044471496	0.02153138045145292	0.17367338332321683	0.005562020932497414	0.08610748277012545	0.12211911446586526
0.07321717509801316	0.1045544099387522	0.01173245215509527	0.11781747226436448	0.3432654717033772	0.027566792218550025	0.004996897234336572	0.01544797973703062	0.004768897237212013	0.0033008350466064863	0.020160490719448133	0.14187436372672027	0.007802348173487972	0.11805744394896647	0.14726011217673504
0.09268607716287983	0.09608470644143288	0.010557847402489091	0.11797241909798906	0.3239804587610888	0.019523593879613464	0.0031264528481012026	0.016514054952448513	0.005194723857862341	0.0033202870177759815	0.019958970159002384	0.12416652136094085	0.008311030969478678	0.12072455904700574	0.1740375154132264
0.0851808744871674	0.10019291151458945	0.01207935827375001	0.10130046846543393	0.28916306398105907	0.043482492893812424	0.018537489693187654	0.022149912168250383	0.0074085793179529775	0.0049131797716623	0.020050611742206938	0.1594420653466853	0.004578265659760684	0.09257239530997631	0.12856033201794606
0.0861549334941924	0.09777191254866807	0.01286939098227366	0.12686182637108023	0.33001765810939704	0.021437788743199043	0.010197442832973365	0.01569753996213886	0.00720283066700366	0.004804739499296409	0.018131714467872765	0.14790025451105512	0.005713297320752937	0.12238070003415703	0.14927099064267782
0.09620800972520772	0.11894319664154403	0.010781705427641283	0.13610828451692458	0.34491967509910815	0.03708814733906455	0.008303661155127243	0.023686397874435154	0.00985152504528058	0.005322273241561587	0.019609186018539226	0.12810516495537555	0.003846099670212246	0.13336809184601878	0.1381069738176805
0.09997441876370357	0.11547657511778774	0.013366276908176367	0.11183362404258138	0.3445788000154907	0.028344143651517096	0.010540965858437567	0.019007620227966975	0.005426625025110153	0.003197687648756108	0.03219737867501512	0.17839552192321464	0.003587764281334262	0.11190812630148882	0.16901433697788604
0.09505729089183858	0.09343520724956215	0.013000722924930442	0.16317479478320818	0.3803663925540268	0.0482538460361231	0.017370106526544363	0.01871250682742766	0.006758349719723385	0.0030229006041589137	0.03081664244947403	0.12067268429200562	0.002885789476159276	0.15697298735669465	0.15736964187230562
0.09161092799845184	0.10479294400065522	0.014142712033589003	0.11678673338870256	0.36465991774124695	0.03542893774292668	0.005385954958257845	0.018772260338929227	0.003969148263266823	0.0036372301662443117	0.025479680591004927	0.1397365084383941	0.007930782804082076	0.11236432971725054	0.14323540821796135
0.09975498719272628	0.09395611610187425	0.013036074267368098	0.1204688138025135	0.3207851221437205	0.015167896197965179	0.004886889887509441	0.014455364192584516	0.004736170348302594	0.003218964680903828	0.017683130060852457	0.12498033996731193	0.005177216737629793	0.1381301555460901	0.15960646158555164
0.08774754673830426	0.08990869938041002	0.01332977019328293	0.12053232603828462	0.3673461917460973	0.040076413884137435	0.014252354204053401	0.01661806008604262	0.004252576156876205	0.003646579486094045	0.017216397896973636	0.18616517565268698	0.005580113056882749	0.12180065845339177	0.16092615204695232
0.07484255476507358	0.09133111483852532	0.010557511549333015	0.15720277131685603	0.3401042062212569	0.03859113847336626	0.006634711685220579	0.02039808742960511	0.005528560076460554	0.0027043896728127996	0.0237714243859447	0.1453209953773472	0.006791451661562501	0.14263315333860674	0.18044196068316434
0.09835682439647066	0.10187650911720737	0.011541264987572334	0.10271648773283416	0.2994167394487687	0.0399543331055136	0.02258114359478743	0.0264086858099469	0.00990211016096741	0.0038324686264601467	0.024449917815179807	0.1448344313954314	0.008546631834994977	0.10289666308567787	0.14542929444050093
0.07805068070451565	0.0791061257842397	0.010747590425508213	0.11624498862277932	0.2823096474421181	0.05700763512692928	0.012969863178808829	0.0277418210054216	0.0037601523613095527	0.004080945205695829	0.03482844892458598	0.1408578911306223	0.0033033963315685314	0.10944986867844891	0.1681660837167926
0.0831395477079414	0.09016540043959985	0.012544161386796544	0.12308620698286177	0.3337890035485029	0.0368201957463985	0.013069822976499858	0.017981929202043972	0.006543915039551756	0.003982307088131309	0.03831331727645107	0.14234508656045586	0.0036443711873855433	0.1165595027888855	0.14494908609276413
0.09578808409738716	0.10735888836417731	0.01184668663785244	0.13152362335716183	0.36276443770307804	0.037322261058059206	0.024426824528667648	0.02081909197696038	0.014475662934460105	0.005374125956196706	0.036192244748842715	0.16169927797965858	0.005008098773599192	0.11152834154276618	0.16874633924063648
0.0935075843369847	0.09001705062994983	0.012027868359385857	0.1253838070090766	0.38192501743437474	0.03543389217796523	0.015582540752437278	0.018079327688647447	0.009076626186462372	0.003400307764018082	0.022817775267418218	0.18811943370445475	0.00822405916786898	0.12038327387089176	0.12825853784992616
0.09468060139183335	0.08625943500911033	0.011214025254936222	0.06308731187485743	0.2683023120880763	0.02995839928957367	0.020627071404615657	0.019743529607793495	0.008452197189388543	0.0034636833864223515	0.041904394862960555	0.1461579463818415	0.004168548791864048	0.08302499684618991	0.11192404253891557
0.0828061741776393	0.09008986388272054	0.009953918501907895	0.11707501877723135	0.35524870831841804	0.026931751055592867	0.011880167368338466	0.017955824039479467	0.010327485712854608	0.002130368398562179	0.013900255383324962	0.14773502530147592	0.003343103449495377	0.12877514298368015	0.12431302668151298
0.1320524790777917	0.11673101905383675	0.011241411228772652	0.10040801507984774	0.2801999134281366	0.04082553197543993	0.013310151934851274	0.017955408327759288	0.008513406822353636	0.004053444510902294	0.040493501683121116	0.16277741583117983	0.0061588160563140525	0.0918580831087171	0.12007746887270114
0.09751189489379723	0.08832608987274482	0.012209994911347784	0.13591345905668087	0.4031107193180141	0.022560927984541224	0.011147644785341282	0.018509664281661033	0.006143472593686639	0.003462474545723906	0.045893712581537176	0.1628846787820397	0.006230646760639476	0.13179149565598905	0.14991921804120473
0.1039312121156983	0.114679778632407	0.012895851107971923	0.09858040805525084	0.2811584131498671	0.020349291955578948	0.006341681475760882	0.01259298242529025	0.006835128226332714	0.003933823883354845	0.03347398618017134	0.15737864781524835	0.00876964350770805	0.08577346063293047	0.14197631245471606
0.08450712147987686	0.0812354835745727	0.01001306449035045	0.11552976200509267	0.3245880231874354	0.016385379358025812	0.012361509242773525	0.0184240699319966	0.0069154338913237886	0.0037393175303701023	0.03355256621904034	0.12561312696426008	0.007057406803500201	0.10539701193351557	0.1675032137098387
0.06042843617363015	0.07971366404095613	0.011852785966365515	0.11211738211296031	0.2997124353271606	0.016784700959153537	0.00600654686985372	0.015682733309004493	0.006285386199170072	0.006278407359287502	0.036348344122921546	0.13436355547969345	0.00446783690881466	0.10924767679300731	0.15150433331573665
0.08757416433564737	0.0901637388736226	0.015644663709373844	0.13142336913998645	0.35133956728735205	0.029300770981457416	0.01905576760340805	0.016678226793955992	0.009197324294181327	0.0041723191044849145	0.03842549313433381	0.13370111308952384	0.011075346690720283	0.12787608776372505	0.13936444036982729
0.11731128826844481	0.11201518419357999	0.011522319588333286	0.13252043306118702	0.38785668999968864	0.015898512538594034	0.004084280250469935	0.013152844262042393	0.004214169669122027	0.005620296591332504	0.05052059071799718	0.14866984008932088	0.008132896448229954	0.13305122233472552	0.17855361312451315
0.12644337176806844	0.11603306217058114	0.008890614919352686	0.11854297377961752	0.3391009844878543	0.022387013468634257	0.008756296349722975	0.014550385193241871	0.007553166427178821	0.0050213510955769945	0.03919016386605188	0.15959509775768743	0.008090827825294356	0.12709759326703168	0.16677505279342567
0.11020220432600086	0.11902462116470033	0.01158988996833047	0.10992630187669439	0.28963958555193153	0.017522062094190778	0.004669273766548685	0.01533712412206885	0.005351515603420992	0.003294308596498959	0.03655833585786589	0.1306732387789873	0.008736162618093936	0.10189160451533529	0.12019953024472885
0.09732663772649378	0.10719917484048146	0.011300906462680546	0.08757862175519883	0.2983444149837356	0.03318767677885233	0.01761407758254752	0.020582950807107057	0.009680807295849353	0.0050232070999336265	0.046197397690833905	0.13163207174604757	0.007837377641693693	0.08518330984909694	0.12833113569628374
0.09818138757154973	0.09381650081828138	0.010320710226301448	0.1304546685421845	0.3248490239785749	0.03481437979650643	0.02277811347972884	0.020386679114743764	0.008518954936042268	0.005144412868428092	0.022077272614539147	0.1726866304358426	0.006171130875011565	0.11614031560127218	0.1768694937343157
0.12190673863968914	0.1251277754711449	0.010642287713779609	0.12361365236844983	0.35411845887867044	0.0336428660513854	0.013155216736898916	0.01658518853414143	0.005585348667167751	0.00406163457345182	0.03407525284927044	0.13968463299077205	0.0046720543068037084	0.1207396710086908	0.17187640706962282
0.09904706036010019	0.1140785361984341	0.012777331562959857	0.12865212831374617	0.3309579513779285	0.0361125916489628	0.012453899702347287	0.022108121111427726	0.010956778807470573	0.004459351545369281	0.044754111193378784	0.1095134936310818	0.006657222483190322	0.13420631194887034	0.17602969676399807
0.088538880031318	0.12144870515669053	0.01054350334496995	0.15007267339682423	0.36488239762595637	0.036723226308066625	0.02356658345907821	0.02346786325353107	0.010584663621865338	0.006079547259896119	0.04588454023310942	0.11682416523488909	0.010524641019895292	0.15634655415037169	0.16484053744195143
0.0892490400040971	0.11527659675558899	0.010916651386974634	0.12333731461584709	0.3688261356533729	0.027727486985088	0.014570169405584242	0.024236093081004138	0.012542909566756577	0.0033387071569132803	0.03608133580236384	0.1254633320286785	0.007908318481982656	0.12694756213873584	0.1799347103228827
0.09100583534175809	0.11324568979855121	0.010883487434489783	0.10412981004718479	0.2990366434860765	0.03551395645118909	0.017194601333674	0.020062848023753563	0.0083920336074722	0.004474943274529682	0.025255883615892972	0.15200035527188346	0.0037785855522423986	0.1103819170496551	0.15772394763690134
0.11898850715257495	0.14244762325787388	0.011903079749654906	0.1167491034839417	0.33151064613645465	0.04494054247478556	0.02766372724438566	0.028560381475542185	0.00886687258398121	0.0032458635209513123	0.03784365268346297	0.1333037928455828	0.006839601214844527	0.11415599371287713	0.13303347675925642
0.09193419360189047	0.10801035906259898	0.01140246437760013	0.11601385599863828	0.36913964395342186	0.03498127037922192	0.006806212343363513	0.018913598210962362	0.00717861255883198	0.0037263451750804764	0.0249668904518554	0.12054851263021522	0.005965372345328514	0.11385334584537202	0.16388964911923426
0.07659833432418031	0.0949624592509987	0.009460650377204448	0.11113901778597475	0.3343329160553923	0.061474364634355246	0.019010862873348404	0.030853996907764702	0.009886545690021118	0.004015729784275468	0.021774306407681097	0.2000941308690895	0.006788045979058917	0.11856313226128945	0.15656767406001787
0.09700515506741025	0.10357817924444017	0.010341887109966827	0.11532249907550818	0.35168351738731213	0.05673501149145324	0.01472889592856	0.022217577106567653	0.007835368934836535	0.0030097835615464723	0.03903259249525285	0.1776706323714712	0.003744264918636927	0.1153840888842555	0.16283905975481772
0.09494207657675223	0.1178065204825383	0.011757510076046137	0.1330364231121115	0.36112392996525294	0.04076636390091313	0.00870064429847365	0.020963064593027124	0.008665687418752788	0.0023920178872501663	0.04384188925122317	0.1483151087244017	0.004641429711786432	0.13219433572859085	0.2196524242068804
0.08802206779800159	0.09296246751059986	0.010584703257347991	0.1464437275085203	0.38959707293577645	0.046329560070216824	0.018198500666775752	0.019720842417999273	0.011745904886044224	0.003800254993426603	0.028002700263547634	0.1421261526507514	0.007861643920799516	0.14001260598058957	0.18634277747687253
0.08426326513659271	0.09204512482324582	0.0117485889444085	0.1265975741079226	0.366781264908859	0.03551642075112216	0.010420635055278587	0.019917649410108547	0.008126328828164558	0.004172588120423697	0.023947712513609574	0.14756761360423162	0.0040199836243717075	0.11646117164431088	0.13831143878224902
0.09475188400917564	0.1119119580678959	0.010822509370789013	0.1432266328796752	0.3751330191001839	0.04434192863881348	0.02041939204446577	0.020443949193726843	0.010139687377199134	0.002811739786775251	0.041283778278828544	0.1367834451029664	0.0049546762192992245	0.1311225033593798	0.16541196071232556
0.08523068491769531	0.10210953828720021	0.009410755242461051	0.08584040521325535	0.30250484363655966	0.027970731414689698	0.011438551005763263	0.016127883444691536	0.02211490067973125	0.0031881926638171122	0.04912977038621242	0.1761616493574077	0.0036113786143560827	0.0945317457567738	0.1272384837352471
0.11035938533567866	0.11877622758340442	0.011133809082660026	0.12068548336516585	0.32074793380293626	0.037496207199465115	0.010752705498757942	0.018362691160367355	0.009270218005010423	0.003023743763493709	0.031431487977612506	0.13942837032727132	0.007908533544064128	0.1048447643967311	0.14971253558856476
0.08181453352244458	0.09995807785714826	0.010586080164485681	0.11770935029593091	0.40299490659102905	0.043997934202400946	0.021842020787800842	0.030730444915946266	0.013592360307505448	0.0028198954303508095	0.05258226205148642	0.12341398083288904	0.01517428767454972	0.11348195271877805	0.12637291872128287
0.10753979226131026	0.11468370702036837	0.010654561803205878	0.1359020562074459	0.36504656117509254	0.026036918818824546	0.016178699269806456	0.016276105285500813	0.012518941716432534	0.0031080005967454296	0.03204545090807353	0.10854390775535427	0.007586584108445074	0.13933344905107856	0.14999446970158556
0.09980667078378858	0.09650247330893538	0.011333256809333522	0.09963416863921405	0.31341484227574595	0.04385484732183633	0.01999548778801649	0.019086824787095193	0.007347773807776056	0.0026573578167384477	0.02838481418037325	0.1659061116994235	0.005655449897862559	0.11029100790341072	0.16324515445234875
0.1175319889133029	0.1171847476178971	0.01110506018580298	0.12195434268108325	0.32751235689440494	0.037369709222993236	0.008052689387397255	0.012862791088014436	0.006740234183704412	0.004086437690566163	0.03021901346521275	0.15656883026398605	0.006955551464365886	0.11552897769801652	0.13346332396291616
0.10143850876905242	0.10498336869373215	0.010133348439200374	0.12651486685797342	0.2949734252444163	0.03918179776620411	0.017984291757004167	0.016955427676524554	0.009542714585768178	0.004386545057854462	0.03139326471095906	0.16099921791033275	0.008831725038102999	0.1079885808406119	0.15273117496964309
0.08218749343913556	0.08698784722200896	0.011541804808827962	0.09062752568626191	0.28706139192399704	0.03255193480306022	0.0158998069578187	0.01782928086481485	0.010499306917331674	0.0038865883337345928	0.032363670216639995	0.15337109801229848	0.01890540928726882	0.08757069939546906	0.13783246501271007
0.08992976583889249	0.10653743425466444	0.011995244651957183	0.10663645543388577	0.31127375284335823	0.02872420789310452	0.0060506933674833036	0.019121268312361595	0.00585849836817904	0.0029932250407584677	0.03653732960263196	0.12207971289748822	0.0058388752944154975	0.09815504548064143	0.14244603323743737
0.08774208385597428	0.10180291695794212	0.008994218557186387	0.11741314507886276	0.30398642631188655	0.03828996954782211	0.010710773878619972	0.01657605119125887	0.00619941707379299	0.0024342357490158427	0.029775940274339847	0.15643497106101156	0.005758384817041989	0.09839468281806532	0.15230344585126324
0.09031148911454227	0.09096429130063599	0.010112039888782363	0.09996047965152133	0.2982102223696645	0.02394154511121832	0.007787597362768588	0.0173165149469609	0.007730131035613583	0.0031058577751464237	0.021874425095972157	0.12227547057654518	0.007484924444265421	0.09291394303337912	0.1337721378521807
0.11204282125637768	0.11447704046771377	0.012325649035349202	0.105924795637184	0.29892345203459353	0.037814413508009945	0.010786156604112848	0.016081506338627097	0.005055489953179243	0.003412958598265427	0.03454867204630541	0.17078307085220476	0.007382123202134598	0.0888621133283376	0.12344333873574799
0.09402554515252516	0.1036313025818001	0.009846264901052568	0.08420255702762551	0.3000144795329079	0.03723681997258437	0.009643191046763169	0.01713143231839672	0.008371110865055915	0.003729462131694692	0.020829538029223583	0.21944017643082522	0.007671421508508968	0.07302765549742062	0.13152479754865443
0.11526865824976423	0.11777543753254774	0.01238676719301543	0.11544780893815282	0.3437468913913587	0.033333068819823355	0.014779324073712416	0.010742192277085566	0.009319652782586193	0.004509283819245046	0.031669381910839074	0.1706589669902597	0.01092446816768787	0.12212239323338861	0.1580269871469022
0.11085474580895756	0.11868848898586402	0.010297394574861743	0.11798422750728398	0.3076147403263591	0.024240733108350163	0.007098809490724346	0.015877503452574836	0.011611903540683186	0.0036437553093706916	0.023746314004078097	0.22314074028193595	0.006372292357830815	0.1129450777913331	0.18156430066121548
0.09393913197005908	0.10193598976591627	0.009377702901514497	0.1331081256758113	0.35362668580238416	0.04885300515103694	0.013001669928025773	0.02146178488565297	0.007183140683915391	0.003315126151242697	0.02737369917152373	0.14143012467286895	0.00579331277425429	0.13401501079152725	0.17775913518808947
0.0906187009001034	0.09475138266764464	0.011047014596159121	0.2217678058974338	0.47399876704221827	0.0379421124481278	0.012391313711001387	0.014095970346557506	0.007457997820586143	0.0038719119053920656	0.025070311874197008	0.1968970173330997	0.009681380894251452	0.19853033720743807	0.21363975653626796
0.11338576826035457	0.10654206159296879	0.009560205681797617	0.1275278710553401	0.305133024831208	0.021913272668884532	0.009139531669887456	0.013870010299386002	0.010682603275849193	0.003200829085235663	0.01962645700832631	0.13391202051748907	0.011857734196872789	0.1022851971692458	0.12400927192141163
0.10551165130992943	0.10723262948291094	0.009757275803203359	0.12614545088887802	0.353294278583146	0.02231838057204192	0.0071257736366460945	0.017374586067743114	0.010154526270486318	0.002813665226716481	0.028053881280679174	0.11952494295371865	0.007561592323020697	0.1267630994297769	0.12940225199344635
0.10053078843412314	0.11616882841666018	0.01120484830953421	0.13115847630058888	0.3916300259943491	0.031242061353660523	0.0037580501468686125	0.01774651286995671	0.007669450648801012	0.0032508902288577997	0.02819102234412306	0.17644999948076778	0.007683575837271635	0.13901700538777392	0.16320247228566373
0.10915942085531491	0.10473401162997213	0.01139566604325636	0.14340336868664127	0.4420513135395309	0.031989686924173366	0.005067961973975196	0.01990230548201173	0.005931121477037048	0.002448750048723209	0.04265217323512246	0.13966764034759782	0.006151429465160494	0.14553027390074916	0.13105642890165975
0.10737674366536688	0.10349873143786813	0.010500378051508354	0.12761927928002043	0.3735836653156074	0.02750976276641919	0.008015621663405022	0.02152734859107842	0.009675066121767363	0.0030261774433943747	0.032931636837914696	0.17536963950183723	0.007375558182982006	0.12280483935042465	0.11563328789225508
0.08503404884897874	0.09370766986913749	0.010892474937360484	0.13297193880643754	0.3263743890255841	0.01899707274723368	0.0016738705884237937	0.01590313884940499	0.008424837564751072	0.0027258112379994056	0.03520639514583621	0.10861252253180184	0.008974610795546734	0.11882151736800677	0.12983032011444623
0.08102006081498818	0.08709701521259688	0.009167221782613161	0.13571714125167952	0.3931255037037687	0.018914262024181706	0.004881863999317324	0.016754353290995547	0.012459247719260184	0.0036381241714185976	0.025119811476803314	0.1596617254069322	0.005216891152444958	0.1294227858941845	0.15088047642168295
0.105465899380014	0.10432998675626785	0.011221864655198506	0.1073636204292777	0.2959110575299315	0.02558621699859806	0.009413631259320581	0.020191142298816897	0.010681799344424047	0.00256073890845989	0.023622778277174548	0.14898411170484568	0.0071696038658333626	0.10304866461466486	0.14056370348143507
0.09661300260905803	0.10141340456160292	0.009667646642629615	0.10496752627200578	0.302127509059799	0.01587210924643044	0.0028606852452680506	0.01437330897700024	0.01029483811654797	0.0035656198780132857	0.028724681058159923	0.10338635276637458	0.0050615112942319716	0.10085246822345567	0.11882511901514269
0.10643490358029463	0.11919037122268568	0.01044542108737488	0.14279626220705655	0.3232784946312803	0.024532709292064313	0.004111289178749414	0.01697438836584554	0.007426554582354786	0.0034599367552896904	0.030212982919049974	0.10176298995140226	0.009380707425870343	0.1302744081042853	0.1606848492693049
0.10624801246170673	0.10621048496932162	0.010273952903673281	0.10169315359702571	0.29095456099234807	0.01793270100446486	0.010354793451992276	0.019071061298811594	0.013080842324814046	0.00402172098654145	0.034531267824194925	0.13126432013712058	0.006258457063034829	0.09683878328284168	0.15752204937470252
0.09750241536560195	0.10398263544199403	0.012212807676589214	0.1245216277680839	0.3739843098914541	0.03422039606725783	0.009803140359830527	0.017628131163313365	0.010548675860889993	0.004616394107358725	0.024971161960410593	0.1298612033124516	0.008405131765685235	0.14209262965084207	0.14210918059874675
0.10248982310051781	0.09773479236205786	0.008441299438147322	0.13131555427225863	0.3933208758730896	0.019946774113298593	0.007678957692036072	0.01951378764598919	0.011902965252186705	0.002893981215486837	0.013016753929329036	0.13871052117487853	0.008663779355840288	0.13255726801300402	0.12521279973343516
0.09393424311634943	0.10692230067397658	0.009166283367463213	0.11993224422826401	0.30328089022642557	0.013063183767066324	0.003739928159068903	0.017410881638859392	0.011116648655491789	0.0030691621808686576	0.022949765359960527	0.0904791369006506	0.0081813939222632	0.11943287772689047	0.16119123834359328
0.0817270750225079	0.10756052133433391	0.011514163615139612	0.14118335660430242	0.3324880400091046	0.005192379201467406	0.0017203656731286476	0.014365076456086302	0.008916905006335058	0.003035447292825208	0.029670456440118925	0.09026683870833856	0.009807536960856636	0.13190605022607468	0.12366235439813585
0.095821044335298	0.10133327105169732	0.009572899039639586	0.13064641230452329	0.31270381153183124	0.011149124158921192	0.0035935929069101273	0.01374599055583515	0.007099447734364727	0.0035528747044244265	0.018223346954909753	0.1294672375151005	0.008163354183207815	0.10958438525662845	0.13826538730486185
0.10017732424536416	0.10253476299408158	0.009311664274282058	0.10608905219907348	0.353188818544964	0.020860373897257197	0.00704663049466898	0.017762492794591175	0.007940060860683815	0.0025867984837801574	0.016143283548341453	0.14033336227158233	0.0038452702132532623	0.11986770621128827	0.12980275563005794
0.09713603632184602	0.11358589220689891	0.009769562745263461	0.11753413593838319	0.36083091938900497	0.02162775614708034	0.005418863514547879	0.020324572107457382	0.009979933189347055	0.0033632034943616137	0.02389050448598633	0.13490836926185598	0.0069284608222114725	0.11330965185051844	0.13474523311596812
0.09624371597765304	0.10979030062304843	0.009203971251185245	0.12103493180803385	0.38300523101074074	0.024748577189890857	0.018788806079438718	0.019340496588490807	0.016858292414921077	0.004289760573807132	0.030892925123487056	0.17664335651900684	0.006118517584511917	0.11446970155766201	0.11728541186227358
0.10535566336239542	0.11527808158918472	0.010623656980723298	0.135332535168633	0.37374165520215635	0.026370187516721356	0.009480909286966521	0.016823322920267857	0.013545283991609139	0.0036721280941435846	0.022156436127485295	0.13693726514984433	0.008960916189154105	0.13029081828387015	0.12436948192419671
0.128871944775521	0.10318160893785971	0.011017093923281523	0.1359446513191774	0.38574095409147363	0.03820213636265442	0.012914885537032388	0.017228519968384527	0.009993751378517634	0.0032949580027587665	0.013968783529786614	0.16684527124149823	0.010281647102270489	0.14503755095060597	0.12064530515898683
0.09752770391825989	0.09557868857774923	0.008264203562845176	0.13066749540426997	0.30480950422288144	0.02399663312061734	0.006175219106294212	0.015349399694064032	0.008495865587791748	0.0029127351045176624	0.024673680012201795	0.09893576533097077	0.014881340747164842	0.12308053445885521	0.15880720293370185
0.09467636827275876	0.0858222859022315	0.010794325542991132	0.09946848826861834	0.2773952870403562	0.03355383782564115	0.007569413981199378	0.01772420059477631	0.01000322501314224	0.0028578926571551405	0.02154074792366998	0.14276877705289862	0.005605290487896552	0.08705781428663521	0.14163861078578432
0.08570338172436308	0.08947517005971613	0.00966247874901919	0.17790587210705897	0.34626623066625617	0.025778022241762955	0.01147325792042602	0.015128016579512158	0.01223281528309988	0.0034557738817344074	0.019153485302843345	0.12378489796474944	0.004345386552552649	0.15302623633814327	0.18849316782868186
0.09882143959950254	0.10563770681444841	0.009894950556440619	0.12489735327100071	0.3294490552828476	0.018997431672620777	0.004159516711595286	0.016186559431158112	0.01272407722210542	0.003202676340985692	0.022267725870195567	0.13118845824977368	0.007637958540008318	0.11147159505154791	0.12813149560482526
0.08258882442939956	0.10022198307759449	0.008699007962164993	0.11133592632265064	0.30206567840864207	0.0230774462500153	0.013334757797980228	0.019635255941813617	0.015907997862998947	0.003511937379873979	0.015603543768268231	0.14730783818983434	0.004276458117258589	0.10324893235216967	0.1518189342064152
0.08440571518677631	0.09675148456232131	0.010431139417327116	0.11931801096962315	0.3305307392667431	0.02005814585089394	0.008816337728638938	0.020416740301782532	0.0117751407560674	0.0035872600154407013	0.01901897032125171	0.14047452500294919	0.009974137725718674	0.11485552511188958	0.12116173076424187
0.09493434318736929	0.09819328153846539	0.01084186667468647	0.10441013384942463	0.3060853721715143	0.023784529825053375	0.006883417776157867	0.015945842841588193	0.008185690678214327	0.003482323007510087	0.03385135588696556	0.15861701982061552	0.007043509889330552	0.09438188006008026	0.12806018547408604
0.0838086523606708	0.0879257186159667	0.009798793975773785	0.08887117029077442	0.2899482978285344	0.024318715990964624	0.007736013118081534	0.015080152036799042	0.008738238974678127	0.0027858913598774013	0.02096063391104491	0.16090616316966638	0.005936209158209137	0.07910821499673606	0.12219448001349809
0.10471095295614696	0.10059475175864589	0.008864790266958774	0.11815870262787938	0.3221929390670569	0.018913607426676384	0.007398390758949392	0.013451221460274975	0.011611672280366475	0.003276916786453133	0.02317197821837583	0.12917707438881365	0.0033811373905972258	0.10535399433845821	0.16039517033816358
0.07610772684574094	0.0980652327236767	0.009323424997847515	0.11650233245075588	0.2711286771695999	0.01784726582630532	0.005479439475697423	0.014208450719793935	0.009282658831054842	0.002556076616039728	0.020103431121472476	0.11340752836047391	0.005285537984695978	0.10111499785663156	0.1586542572586902
0.11192726340608847	0.1137578311453698	0.011511025392732147	0.08915702021904401	0.29441660817978654	0.02298078318502492	0.0077171546481911235	0.015228962643424085	0.014540391577760086	0.002881726803938025	0.02785446912284706	0.13582624541469918	0.0058190115451838284	0.08178686638378611	0.14478713157469184
0.08423070737316159	0.08925158123086173	0.010742956588420042	0.09154556225583886	0.26258902647476434	0.021560604794902533	0.00365819273196953	0.012827787511539054	0.007100909540336778	0.0034732641274030124	0.017513298519638773	0.1041295182645474	0.004486567940555221	0.08881268603766784	0.1604902915004238
0.07065298699455697	0.07622353881517228	0.009142628298424755	0.11773874001635484	0.26743610983312754	0.02843930664531593	0.0053170736607701195	0.017666897394254383	0.012383657194216373	0.0031181177872488166	0.023438111854276272	0.11349556560857198	0.006190588851184796	0.0986135449633231	0.12103341250809783
0.08973815814206561	0.08493401890318446	0.010296222345728422	0.10727227119052969	0.29321384474131323	0.031039687492275016	0.006432603670885402	0.013735364630573324	0.007711862370317879	0.0035502161958519537	0.02720667356575859	0.1380391690985385	0.005235313362533394	0.11336140137424332	0.1732405243743738
