1	25.99111111111111	20.357759375
2	15.351461111111112	14.5775890625
3	12.053677777777779	12.40138125
4	10.283672222222222	11.09897578125
5	9.125609722222222	10.012228125
6	8.41359375	9.3064125
7	7.661044444444444	8.55954375
8	7.057340972222222	7.9027015625
9	6.743588888888889	7.68743125
10	6.3997125	7.38641484375
11	6.175405555555556	7.315971875
12	5.904027777777777	7.064103125
13	5.698953819444444	6.9672890625
14	5.581065277777777	6.72733359375
15	5.3296930555555555	6.43973828125
16	5.11251875	6.3160484375
17	4.939729861111111	6.27133125
18	4.840726388888889	5.990228515625
19	4.6678375	5.98115
20	4.583775694444444	5.865744921875
21	4.4724625	5.7371703125
22	4.327679166666667	5.798387890625
23	4.186439583333334	5.577603125
24	4.112861111111111	5.59397890625
25	4.054378125	5.62321875
26	4.012312847222222	5.43148671875
27	3.772455208333333	5.214625
28	3.6540298611111113	5.4646390625
29	3.6109190972222223	5.19400625
30	3.581895138888889	5.2497859375
31	3.4583739583333335	5.29397265625
32	3.380097222222222	4.91882421875
33	3.285999652777778	4.893425
34	3.1242152777777776	4.73767890625
35	3.0653197916666666	4.696150390625
36	3.042765625	4.9014046875
37	2.973284375	4.866106640625
38	2.9207006944444442	4.685269921875
39	2.8397715277777777	4.528624609375
40	2.706951909722222	4.44478671875
41	2.679667013888889	4.411840625
42	2.5839491319444443	4.67339140625
43	2.6260979166666667	4.18924453125
44	2.4304194444444445	4.36164921875
45	2.452978472222222	4.342190234375
46	2.3763442708333335	4.31339765625
47	2.302261111111111	4.240482421875
48	2.177887673611111	4.288296875
49	2.1263824652777776	3.98929609375
50	2.052465277777778	4.152421875
51	1.9898671875	4.1353546875
52	2.0068840277777777	4.0873171875
53	1.9156774305555555	3.93683203125
54	1.8809666666666667	4.00516171875
55	1.741492013888889	3.780041796875
56	1.8015916666666667	3.976753125
57	1.6895628472222222	3.89620859375
58	1.647126736111111	3.748159375
59	1.587464236111111	3.682466796875
60	1.5724475694444444	3.776526171875
61	1.5338970486111112	3.90058984375
62	1.5149182291666667	3.66353046875
63	1.401620138888889	3.52505390625
64	1.2941950520833334	3.6064234375
65	1.3378105902777777	3.6449765625
66	1.186912326388889	3.61660390625
67	1.2152677951388888	3.591819921875
68	1.134897482638889	3.5160484375
69	1.1350640625	3.578020703125
70	1.0645330729166667	3.41003359375
71	1.09534296875	3.49047265625
72	0.9934508680555556	3.300458984375
73	0.9050673611111111	3.33690703125
74	0.8262176215277778	3.36070078125
75	0.8267201388888888	3.2395796875
76	0.7528072916666667	3.0902583984375
77	0.8639368923611112	3.254370703125
78	1.1278026041666667	3.703324609375
79	1.1889458333333334	3.338162890625
80	0.7844042534722222	3.215854296875
81	0.6919323350694444	3.26263203125
82	0.6640074652777778	3.2667439453125
83	0.5143194444444444	3.1606962890625
84	0.5400838975694444	3.35031171875
85	0.5916361979166667	3.073106640625
86	0.47528980034722224	2.9728234375
87	0.4193170572916667	3.126380859375
88	0.35330711805555554	3.141169140625
89	0.369972265625	2.805589453125
90	0.2500996310763889	2.864781640625
91	0.19635010850694445	2.828897265625
92	0.17905942925347224	2.966273046875
93	0.2562269748263889	2.895466015625
94	0.24453370225694446	2.8538623046875
95	0.12740378689236112	2.781803515625
96	0.06038216145833333	2.7939099609375
97	0.10491942274305556	2.7192236328125
98	-0.008393111165364583	2.87804140625
99	-0.038214835611979164	2.67117578125
100	-0.10369317491319445	2.50577109375
101	-0.17275164930555556	2.5928330078125
102	-0.18054813368055556	2.47011484375
103	-0.1842824001736111	2.548895703125
104	-0.21606879340277776	2.654436328125
105	-0.31617430555555553	2.4647279296875
106	-0.3656769097222222	2.4630111328125
107	-0.4322853732638889	2.53206640625
108	-0.39978133680555555	2.527500390625
109	-0.43302586805555554	2.5861677734375
110	-0.4723766059027778	2.447011328125
111	-0.4323625	2.531389453125
112	-0.5025775173611111	2.3676484375
113	-0.5604421875	2.45610625
114	-0.6147130208333333	2.4600255859375
115	-0.6169286892361111	2.4100376953125
116	-0.6223219184027777	2.2424796875
117	-0.6694177083333334	2.1583611328125
118	-0.7187710069444444	2.203416796875
119	-0.7033896267361112	2.3092669921875
120	-0.7427642361111111	2.273878125
121	-0.8088776041666667	2.48748125
122	-0.8224875868055556	2.17613515625
123	-0.8876860243055555	2.2749822265625
124	-0.9306473958333333	2.1119630859375
125	-1.0188326388888889	2.137243359375
126	-1.0273607638888889	1.907559375
127	-0.9445432291666667	2.187318359375
128	-0.8948615451388889	2.0421021484375
129	-1.0701578993055556	1.986578515625
130	-1.1454819444444444	1.8984361328125
131	-1.2654221354166666	2.1690369140625
132	-1.211305642361111	1.99118671875
133	-1.2153299479166666	2.0743248046875
134	-1.1874509548611112	2.01463125
135	-1.3358791666666667	1.919019921875
136	-1.3768509548611112	1.9434345703125
137	-1.371868576388889	1.8737701171875
138	-1.40278828125	1.9252732421875
139	-1.3864347222222222	2.1081984375
140	-1.2569151041666666	1.982982421875
141	-1.4206994791666667	1.89951875
142	-1.5060444444444445	1.6766109375
143	-1.5884282986111111	1.6289083984375
144	-1.584490625	1.933424609375
145	-1.5790708333333334	1.78605625
146	-1.6604916666666667	1.8753515625
147	-1.6335239583333334	1.99917421875
148	-1.6006190972222223	1.760473828125
149	-1.6397876736111112	1.683299609375
150	-1.6520125	1.6777359375
151	-1.837393576388889	1.7793650390625
152	-1.916396701388889	1.741689453125
153	-1.8415732638888889	1.6954126953125
154	-1.7416456597222223	1.789990234375
155	-1.8307704861111112	1.709905859375
156	-1.9176305555555555	1.6882220703125
157	-1.928556423611111	1.51082412109375
158	-2.069830902777778	1.4425572265625
159	-2.115687152777778	1.3638275390625
160	-2.1472220486111113	1.3810986328125
161	-2.1832739583333334	1.6026482421875
162	-2.219521701388889	1.349053515625
163	-2.2358866319444446	1.342228515625
164	-2.158543229166667	1.4408603515625
165	-2.209204166666667	1.37244921875
166	-2.3139210069444442	1.384217578125
167	-2.3683197916666665	1.2178720703125
168	-2.3808583333333333	1.31865859375
169	-2.4447977430555556	1.180347265625
170	-2.482459548611111	1.33356318359375
171	-2.5282920138888887	1.30056640625
172	-2.549365798611111	1.20058955078125
173	-2.399600173611111	1.324040234375
174	-2.319464236111111	1.37154140625
175	-2.4236090277777778	1.19449052734375
176	-2.563801909722222	1.1794673828125
177	-2.635298090277778	1.1536767578125
178	-2.6577482638888887	1.068289453125
179	-2.655990798611111	1.13885869140625
180	-2.6878661458333335	1.1741005859375
181	-2.601797048611111	1.13898515625
182	-2.6774168402777776	1.1003591796875
183	-2.799684375	1.08815126953125
184	-2.826646354166667	1.03864365234375
185	-2.840048263888889	0.96296650390625
186	-2.790916145833333	1.12356884765625
187	-2.8382086805555558	1.0839751953125
188	-2.8309493055555555	0.94256435546875
189	-3.024191666666667	1.0169021484375
190	-3.0073534722222224	1.03304130859375
191	-2.9709756944444443	1.14018076171875
192	-2.9487288194444443	1.0399638671875
193	-2.990898958333333	0.80720703125
194	-3.1272611111111113	0.815696875
195	-3.2008006944444443	0.79416806640625
196	-3.2271833333333335	0.73621123046875
197	-3.2231184027777777	0.81985830078125
198	-3.1889368055555556	0.83494521484375
199	-3.3063225694444442	0.75
200	-3.299990277777778	0.6786365234375
201	-3.3487625	0.6467853515625
202	-3.3419020833333333	0.75051748046875
203	-3.3442125	0.52234931640625
204	-3.4479625	0.88327158203125
205	-3.3680833333333333	0.68818310546875
206	-3.338473611111111	0.794835546875
207	-3.400744791666667	0.5769078125
208	-3.4231350694444442	0.786138671875
209	-3.46785	0.49832900390625
210	-3.3871430555555557	0.79178857421875
211	-3.509984375	0.7127486328125
212	-3.662748611111111	0.611016015625
213	-3.7063965277777777	0.53842763671875
214	-3.699112152777778	0.4341736328125
215	-3.6686600694444444	0.516474609375
216	-3.6994090277777776	0.38505234375
217	-3.725376736111111	0.486316796875
218	-3.757836111111111	0.480301953125
219	-3.8566902777777776	0.463456640625
220	-3.9367506944444446	0.4488326171875
221	-3.929001388888889	0.3198546875
222	-3.9283336805555558	0.41320146484375
223	-3.9293465277777777	0.33488046875
224	-3.981761111111111	0.4145267578125
225	-4.008155555555556	0.325376171875
226	-4.00315625	0.3277908203125
227	-4.043438888888889	0.3270419921875
228	-4.052732986111111	0.262909765625
229	-4.133082638888889	0.29072734375
230	-4.157834375	0.326175
231	-4.159686805555555	0.310809765625
232	-4.168738888888889	0.37335546875
233	-4.236704166666667	0.338367578125
234	-4.266874305555556	0.2627716796875
235	-4.2170628472222225	0.128765234375
236	-4.252247569444444	0.15060625
237	-4.355956597222222	0.050092578125
238	-4.413680902777778	0.0629314453125
239	-4.375514236111111	-0.065483203125
240	-4.408242708333334	0.232565625
241	-4.4771826388888885	0.165618359375
242	-4.479585069444444	0.1212876953125
243	-4.494163888888889	0.0115521484375
244	-4.377186805555556	0.1721494140625
245	-4.387193055555556	0.0148990234375
246	-4.527892013888889	0.07912578125
247	-4.451454513888889	0.1250115234375
248	-4.452859722222223	-0.114283984375
249	-4.669529861111111	-0.0609416015625
250	-4.660176388888889	0.008828515625
251	-4.620772569444444	-0.15368671875
252	-4.682653125	-0.080891796875
253	-4.730629861111111	0.0513841796875
254	-4.781725347222222	-0.06240625
255	-4.840845138888889	-0.106384375
256	-4.835104513888889	-0.015706640625
257	-4.875776736111111	-0.0586109375
258	-4.878970138888889	-0.0897056640625
259	-4.877657291666667	-0.01838046875
260	-4.917065972222222	-0.1901822265625
261	-4.938094444444444	-0.0353955078125
262	-4.931354861111111	-0.372885546875
263	-5.009353819444445	-0.131883984375
264	-5.033184722222222	-0.233562109375
265	-5.026687152777778	-0.1257203125
266	-4.9004538194444445	0.177750390625
267	-4.666760763888889	0.009989453125
268	-4.978310416666667	-0.1487357421875
269	-5.028052777777778	-0.3783474609375
270	-5.105135763888889	-0.5160376953125
271	-5.206178125	-0.2771419921875
272	-5.216586111111111	-0.2655470703125
273	-5.260139930555556	-0.5232505859375
274	-5.285984027777777	-0.300912109375
275	-5.2955652777777775	-0.448076171875
276	-5.286961111111111	-0.3719341796875
277	-5.324894791666667	-0.296551171875
278	-5.371949305555556	-0.497153515625
279	-5.393971180555556	-0.4744935546875
280	-5.444674305555556	-0.273075390625
281	-5.461327083333333	-0.4762517578125
282	-5.494839236111111	-0.517688671875
283	-5.4991385416666665	-0.377223828125
284	-5.490273958333334	-0.4191
285	-5.357186805555555	-0.1866521484375
286	-5.329860763888889	-0.423397265625
287	-5.507332638888889	-0.6757498046875
288	-5.580815972222222	-0.56346171875
289	-5.653870138888889	-0.6335828125
290	-5.5852159722222225	-0.560272265625
291	-5.65823125	-0.7736642578125
292	-5.744760069444444	-0.6337
293	-5.635479166666666	-0.5837509765625
294	-5.613846180555556	-0.4621486328125
295	-5.652700347222222	-0.6509853515625
296	-5.786874305555555	-0.6304384765625
297	-5.840005555555556	-0.6930171875
298	-5.856091666666667	-0.798872265625
299	-5.925156944444445	-0.484719921875
300	-5.9444375	-0.76935625
301	-5.944364583333333	-0.7805705078125
302	-6.014150694444444	-0.842062109375
303	-5.954009722222223	-0.6032015625
304	-5.9361875	-0.8842736328125
305	-6.033384027777778	-0.932083203125
306	-6.039234722222222	-0.8165951171875
307	-6.077326388888889	-0.9034234375
308	-6.128540972222222	-0.8428384765625
309	-5.983745833333334	-0.760755078125
310	-5.937680555555556	-0.7489998046875
311	-6.039375694444445	-0.8074712890625
312	-6.168432638888889	-0.75017265625
313	-6.126297916666666	-0.873153515625
314	-6.161745833333334	-0.802023828125
315	-6.27965625	-0.979691796875
316	-6.274224305555555	-0.9911703125
317	-6.209185416666666	-0.94004453125
318	-6.3508708333333335	-0.923395703125
319	-6.443411805555556	-0.999862890625
320	-6.387740277777778	-1.017319140625
321	-6.438161805555556	-1.094033203125
322	-6.42616875	-1.07385
323	-6.470630555555555	-1.057987109375
324	-6.577953472222222	-1.17009296875
325	-6.532425	-0.978114453125
326	-6.511004166666667	-1.0417171875
327	-6.6143173611111115	-1.215915625
328	-6.619827777777778	-0.9604279296875
329	-6.531613194444445	-1.1548337890625
330	-6.584775	-1.149148046875
331	-6.641655555555555	-1.1125984375
332	-6.681574305555555	-1.1444580078125
333	-6.6920520833333335	-1.1585044921875
334	-6.660624305555555	-1.1541478515625
335	-6.732340277777777	-1.0851916015625
336	-6.7601659722222225	-1.31652734375
337	-6.809833333333334	-1.19942578125
338	-6.780104861111111	-1.316616015625
339	-6.794170833333333	-1.390272265625
340	-6.7812875	-1.268514453125
341	-6.802113888888889	-1.361735546875
342	-6.839286111111111	-1.2723296875
343	-6.860571527777778	-1.274440234375
344	-6.869014583333334	-1.240648046875
345	-6.897770138888889	-1.1824330078125
346	-6.915455555555556	-1.369714453125
347	-6.963652083333334	-1.285848046875
348	-6.999641666666666	-1.42489375
349	-7.0531194444444445	-1.392169140625
350	-7.070395833333333	-1.395562109375
351	-7.086219444444445	-1.582122265625
352	-7.1306111111111115	-1.462401953125
353	-7.138395833333333	-1.31668515625
354	-7.141280555555555	-1.3706361328125
355	-7.10711875	-1.4669484375
356	-7.1562375	-1.49933203125
357	-7.267783333333333	-1.384904296875
358	-7.235888888888889	-1.44991328125
359	-7.241515972222222	-1.42404296875
360	-7.301732638888889	-1.478155859375
361	-7.312675	-1.6313984375
362	-7.3327736111111115	-1.6718775390625
363	-7.3779006944444445	-1.8849046875
364	-7.37391875	-1.602924609375
365	-7.345278472222223	-1.598516796875
366	-7.414530555555555	-1.5806654296875
367	-7.45476875	-1.544532421875
368	-7.410444444444445	-1.496078515625
369	-7.235315972222222	-1.5308484375
370	-7.415643055555556	-1.6696111328125
371	-7.45455	-1.615646484375
372	-7.495925	-1.582627734375
373	-7.542665277777778	-1.7289341796875
374	-7.574881944444445	-1.8650591796875
375	-7.576206944444444	-1.789130078125
376	-7.5931340277777775	-1.678434375
377	-7.634138194444445	-1.99564921875
378	-7.645414583333333	-1.751021875
379	-7.666480555555555	-1.7795056640625
380	-7.668859722222222	-1.703665234375
381	-7.776873611111111	-1.786751953125
382	-7.769759027777778	-1.81951171875
383	-7.7913875	-1.723632421875
384	-7.743438888888889	-1.731041015625
385	-7.770076388888889	-1.7267162109375
386	-7.757655555555556	-1.73571640625
387	-7.79659375	-1.9261845703125
388	-7.849494444444445	-1.9075732421875
389	-7.845199305555555	-1.9872111328125
390	-7.8469597222222225	-1.990914453125
391	-7.896043055555555	-1.932102734375
392	-7.895423611111111	-1.818565625
393	-7.934820833333333	-1.8034501953125
394	-7.926726388888889	-1.91040078125
395	-7.972240972222222	-2.080300390625
396	-7.971815972222222	-2.0191451171875
397	-8.04344375	-1.80117578125
398	-8.045520833333333	-1.962693359375
399	-8.043682638888889	-1.876561328125
400	-8.060213194444444	-1.924336328125
401	-8.094721527777779	-2.0227912109375
402	-8.097488888888888	-1.971677734375
403	-8.021222916666666	-1.990382421875
404	-8.046569444444444	-1.8127806640625
405	-8.081863194444445	-2.0039029296875
406	-8.173104166666667	-2.1400236328125
407	-8.121301388888888	-1.946051953125
408	-8.16574236111111	-1.9722744140625
409	-8.192034722222223	-2.18490625
410	-8.199423611111111	-2.0874771484375
411	-8.254424305555556	-1.97542421875
412	-8.203234722222222	-2.12127890625
413	-8.243478472222222	-1.870374609375
414	-8.233740277777779	-2.219867578125
415	-8.259951388888888	-2.188548046875
416	-8.293986111111112	-2.13773515625
417	-8.295796527777778	-2.221516015625
418	-8.33687361111111	-2.177009375
419	-8.297620833333333	-2.167793359375
420	-8.38933125	-2.2041029296875
421	-8.378977777777777	-2.20650234375
422	-8.33837638888889	-2.16373125
423	-8.376018055555555	-2.1431556640625
424	-8.407501388888889	-2.22987265625
425	-8.38883888888889	-2.22971328125
426	-8.438078472222223	-2.0798501953125
427	-8.436748611111112	-2.080184765625
428	-8.41679375	-2.344366015625
429	-8.386697222222223	-2.295933203125
430	-8.454418055555555	-2.1576029296875
431	-8.450229166666666	-2.065066796875
432	-8.489954166666667	-2.4184005859375
433	-8.489641666666667	-2.3200142578125
434	-8.481154861111111	-2.107525
435	-8.478918055555555	-2.3729529296875
436	-8.544285416666666	-2.229759375
437	-8.528298611111111	-2.286549609375
438	-8.529805555555555	-2.2260376953125
439	-8.534809027777778	-2.4193998046875
440	-8.553669444444445	-2.19994296875
441	-8.55635	-2.4300525390625
442	-8.603888194444444	-2.34874921875
443	-8.602781944444445	-2.325569140625
444	-8.518529166666667	-2.49875234375
445	-8.593758333333334	-2.5199212890625
446	-8.629589583333333	-2.196292578125
447	-8.582147222222222	-2.34539609375
448	-8.621647222222222	-2.273326171875
449	-8.637340277777778	-2.2494298828125
450	-8.62946736111111	-2.331169140625
451	-8.637688194444445	-2.256640234375
452	-8.650334027777777	-2.376518359375
453	-8.6874	-2.4083849609375
454	-8.671870833333333	-2.19213515625
455	-8.678861805555556	-2.23265234375
456	-8.712173611111112	-2.295696484375
457	-8.687290972222222	-2.272132421875
458	-8.668434722222223	-2.4117732421875
459	-8.723808333333332	-2.4465443359375
460	-8.697246527777779	-2.3975634765625
461	-8.714602083333334	-2.4191673828125
462	-8.68095625	-2.3945494140625
463	-8.729383333333333	-2.321846484375
464	-8.737640277777778	-2.3511330078125
465	-8.738897916666666	-2.4056369140625
466	-8.715613194444444	-2.389181640625
467	-8.727118055555556	-2.4069505859375
468	-8.745472222222222	-2.3050734375
469	-8.715910416666667	-2.214840234375
470	-8.69666736111111	-2.29032890625
471	-8.76638611111111	-2.2766568359375
472	-8.73536388888889	-2.4034802734375
473	-8.76523888888889	-2.565755859375
474	-8.75204861111111	-2.4857328125
475	-8.766995833333333	-2.4878548828125
476	-8.773956944444445	-2.35271484375
477	-8.784381944444444	-2.18312734375
478	-8.769282638888889	-2.3880908203125
479	-8.746814583333334	-2.368396484375
480	-8.795259027777778	-2.311887109375
481	-8.834010416666667	-2.550737109375
482	-8.744508333333334	-2.4861296875
483	-8.833290972222223	-2.430775390625
484	-8.756329166666667	-2.498301953125
485	-8.763060416666667	-2.340133984375
486	-8.821761805555555	-2.5081177734375
487	-8.823509027777778	-2.442378515625
488	-8.759893055555555	-2.4344013671875
489	-8.798309027777778	-2.4753572265625
490	-8.765896527777779	-2.30946015625
491	-8.775561111111111	-2.4154173828125
492	-8.81737986111111	-2.300411328125
493	-8.763704861111112	-2.3608521484375
494	-8.817752083333334	-2.507830859375
495	-8.789389583333334	-2.337100390625
496	-8.79796736111111	-2.542159375
497	-8.777847222222222	-2.359851171875
498	-8.827234027777777	-2.391225390625
499	-8.787502083333333	-2.495613671875
500	-8.818968055555555	-2.5225783203125
