mass_1	mass_2	phase	time	distance	a_1	a_2	tilt_1	tilt_2	phi_12	phi_jl	theta_jn	psi	ra	dec
0.01398	0.01084	0.04298	0.02859	0.00492	0.0493	0.04781	0.00412	0.0062	0.0438	0.06969	0.04282	0.04151	0.06652	0.06571
0.01388	0.01026	0.0433	0.02365	0.00653	0.04394	0.04312	0.00396	0.00566	0.04248	0.06334	0.03978	0.04254	0.0591	0.05324
0.01235	0.01063	0.04279	0.04256	0.0048	0.04294	0.04093	0.00349	0.00546	0.04352	0.06143	0.037	0.04367	0.05556	0.04815
0.01405	0.00997	0.04326	0.05948	0.0094	0.04178	0.04064	0.00423	0.00678	0.04501	0.06102	0.03685	0.04354	0.05723	0.04617
0.01089	0.00897	0.04388	0.06749	0.02292	0.04001	0.04077	0.00787	0.00623	0.04326	0.06147	0.03978	0.04331	0.05666	0.0481
0.01331	0.01353	0.04344	0.07787	0.01088	0.03937	0.04014	0.00605	0.00711	0.0437	0.05825	0.04326	0.04246	0.05249	0.04915
0.01151	0.01898	0.04427	0.07336	0.00618	0.03879	0.0391	0.00649	0.00839	0.04446	0.05356	0.04712	0.04428	0.05228	0.06216
0.01144	0.01045	0.04293	0.07052	0.00694	0.03779	0.03877	0.00692	0.00708	0.04322	0.05122	0.05314	0.04271	0.04749	0.05154
0.01121	0.0098	0.04395	0.07208	0.00678	0.0383	0.03831	0.00651	0.007	0.04315	0.05024	0.05078	0.04343	0.05382	0.04358
0.01041	0.00964	0.04426	0.07106	0.00707	0.03617	0.03778	0.00848	0.00796	0.04273	0.04877	0.05303	0.04388	0.0481	0.03981
0.01082	0.00998	0.04401	0.08005	0.00899	0.03601	0.03737	0.01238	0.00753	0.04304	0.04809	0.05706	0.04338	0.04883	0.0443
0.011	0.00837	0.04336	0.07201	0.0062	0.03605	0.03755	0.01202	0.00797	0.04505	0.04951	0.06085	0.04374	0.04209	0.04241
0.01085	0.01079	0.04365	0.06427	0.00786	0.03169	0.03882	0.01214	0.00912	0.0409	0.05043	0.06026	0.04309	0.04074	0.03998
0.01093	0.01016	0.04234	0.06447	0.00672	0.03157	0.03389	0.00685	0.01203	0.0409	0.05815	0.05985	0.04209	0.04058	0.0357
0.0114	0.00818	0.04351	0.06525	0.0081	0.02913	0.03427	0.00879	0.01029	0.04277	0.04221	0.06778	0.04181	0.03384	0.04043
0.01087	0.00821	0.042	0.06312	0.00857	0.0282	0.03247	0.00784	0.00987	0.04118	0.05043	0.06129	0.04317	0.02989	0.04254
0.01102	0.00739	0.04318	0.05629	0.00795	0.02621	0.03298	0.00713	0.00978	0.04098	0.04177	0.06277	0.0424	0.03141	0.0359
0.01137	0.01038	0.04248	0.05458	0.00709	0.02311	0.03216	0.01118	0.00738	0.0397	0.07557	0.06004	0.04297	0.0342	0.0402
0.01216	0.00943	0.04293	0.05892	0.00978	0.02277	0.02943	0.0078	0.00925	0.03998	0.04077	0.06048	0.04187	0.03379	0.03601
0.0121	0.01233	0.0425	0.05679	0.0089	0.02003	0.02951	0.00903	0.0069	0.0398	0.05235	0.05951	0.04069	0.03541	0.03618
0.01239	0.00879	0.04209	0.05391	0.0121	0.01999	0.02837	0.00795	0.01254	0.039	0.06008	0.06213	0.0393	0.03061	0.04221
0.01317	0.00774	0.04143	0.05515	0.01127	0.01668	0.02679	0.00913	0.00709	0.03799	0.03798	0.05587	0.04009	0.03058	0.04192
0.01201	0.00796	0.0413	0.05045	0.01599	0.01621	0.02496	0.0077	0.00643	0.03721	0.04775	0.05848	0.03917	0.02658	0.0436
0.01344	0.00796	0.04082	0.04726	0.01874	0.01755	0.02336	0.00886	0.00799	0.03517	0.03064	0.05346	0.03757	0.024	0.04173
0.01218	0.0085	0.04104	0.04787	0.01381	0.01814	0.0229	0.00967	0.00714	0.03446	0.04345	0.05237	0.03632	0.02945	0.03728
0.01365	0.00873	0.04247	0.04828	0.01669	0.01416	0.01993	0.00845	0.00701	0.03423	0.03028	0.05124	0.0361	0.02523	0.03833
0.015	0.0081	0.041	0.04655	0.01882	0.01281	0.01735	0.00689	0.00702	0.03315	0.03179	0.05134	0.03383	0.02641	0.03816
0.01325	0.00904	0.04131	0.04332	0.02034	0.01237	0.0169	0.00793	0.00699	0.03064	0.04793	0.05095	0.03358	0.02616	0.04351
0.01399	0.01	0.04269	0.04133	0.0144	0.01177	0.01581	0.00692	0.00703	0.0308	0.04014	0.04986	0.03319	0.02091	0.04199
0.0141	0.01021	0.04088	0.04158	0.01995	0.01024	0.01567	0.00605	0.00707	0.02717	0.04242	0.05684	0.03147	0.02508	0.04692
0.01345	0.00964	0.04139	0.04581	0.01225	0.01036	0.01407	0.00684	0.01071	0.02511	0.04404	0.04716	0.03187	0.03046	0.03309
0.01249	0.00708	0.04002	0.04196	0.02149	0.00962	0.01355	0.00726	0.00865	0.02422	0.02001	0.04768	0.03098	0.02158	0.04235
0.0133	0.00832	0.04028	0.04011	0.02149	0.00943	0.01313	0.00642	0.00794	0.02235	0.03474	0.04703	0.03029	0.01944	0.03867
0.01142	0.00904	0.04046	0.03832	0.018	0.00833	0.01318	0.00582	0.00537	0.0195	0.03597	0.04681	0.02922	0.01848	0.04155
0.01301	0.00833	0.04014	0.03718	0.02014	0.00827	0.0131	0.00729	0.00799	0.01776	0.02564	0.04259	0.02853	0.01946	0.038
0.01338	0.00922	0.04039	0.03786	0.0214	0.00723	0.01273	0.00537	0.00949	0.018	0.01677	0.04128	0.02978	0.02006	0.03414
0.01321	0.01218	0.04038	0.03505	0.02398	0.00878	0.01135	0.00528	0.00904	0.0165	0.02078	0.04169	0.02823	0.02086	0.03789
0.01099	0.00833	0.03959	0.03704	0.0213	0.00668	0.01156	0.00426	0.00501	0.01626	0.01431	0.04696	0.02729	0.02602	0.04142
0.01194	0.00988	0.03923	0.03384	0.02664	0.00714	0.01106	0.00514	0.00566	0.01533	0.01514	0.03869	0.02629	0.01958	0.03758
0.01155	0.01419	0.03947	0.03494	0.01692	0.006	0.01147	0.00745	0.00639	0.01489	0.00977	0.03685	0.02596	0.01939	0.03806
0.00939	0.00695	0.03993	0.03524	0.02041	0.00523	0.0108	0.0058	0.00512	0.0138	0.01487	0.04153	0.02534	0.01878	0.04373
0.00996	0.0086	0.03985	0.03312	0.02908	0.00539	0.0119	0.00542	0.00661	0.01384	0.03204	0.04026	0.02438	0.01682	0.04424
0.01043	0.01258	0.03902	0.03209	0.02965	0.0049	0.01198	0.00534	0.00683	0.01317	0.0202	0.03606	0.02481	0.01966	0.03748
0.01005	0.01125	0.03862	0.03146	0.02365	0.00593	0.00971	0.00484	0.00733	0.01288	0.01272	0.03566	0.02371	0.01649	0.04166
0.00841	0.00622	0.03856	0.03121	0.02628	0.00522	0.00971	0.00549	0.0054	0.01158	0.02455	0.03402	0.02427	0.01701	0.03574
0.00966	0.00783	0.03863	0.03016	0.03049	0.00408	0.01045	0.00421	0.00976	0.01166	0.01029	0.04366	0.02371	0.01627	0.03383
0.00823	0.00705	0.03754	0.02889	0.02827	0.00432	0.00902	0.00542	0.00492	0.01147	0.02083	0.03235	0.02325	0.0145	0.03811
0.00956	0.01091	0.03788	0.02831	0.03553	0.00463	0.00916	0.00461	0.00643	0.01097	0.01868	0.03354	0.02314	0.01386	0.05182
0.00926	0.01146	0.03831	0.02779	0.03541	0.00487	0.01066	0.00659	0.00511	0.01105	0.02543	0.03076	0.02247	0.01279	0.03608
0.00738	0.01178	0.0385	0.02792	0.03648	0.00487	0.00876	0.00964	0.00434	0.0108	0.02305	0.03625	0.02383	0.01686	0.0362
0.00832	0.0141	0.03775	0.02707	0.032	0.00362	0.00865	0.00713	0.00639	0.01005	0.01161	0.03938	0.02248	0.0144	0.03661
0.00781	0.01703	0.03665	0.02677	0.0305	0.00324	0.0083	0.00579	0.00421	0.01012	0.01525	0.03571	0.02173	0.01284	0.04818
0.00576	0.00687	0.03804	0.0268	0.03171	0.00381	0.00854	0.00383	0.00411	0.00976	0.00499	0.03125	0.02181	0.01298	0.04064
0.0058	0.00655	0.03705	0.02488	0.04228	0.00394	0.00801	0.00359	0.00384	0.01017	0.01267	0.02857	0.02059	0.01347	0.0296
0.00676	0.00602	0.03693	0.02832	0.03628	0.00457	0.00837	0.00546	0.00606	0.00943	0.00557	0.04057	0.02126	0.01984	0.03797
0.00614	0.00677	0.0376	0.02499	0.03585	0.00356	0.00951	0.00457	0.00509	0.00966	0.01041	0.03294	0.02089	0.01241	0.04106
0.00731	0.00486	0.03726	0.02475	0.04693	0.00339	0.00794	0.00425	0.00661	0.00973	0.02094	0.02725	0.02127	0.01328	0.03777
0.00418	0.00603	0.03491	0.02497	0.03814	0.00311	0.00717	0.00406	0.00613	0.00919	0.02641	0.02973	0.02067	0.01669	0.03204
0.00329	0.00494	0.03536	0.02429	0.04018	0.00315	0.00688	0.00416	0.00608	0.00925	0.00822	0.02491	0.02056	0.01409	0.02942
0.00393	0.00746	0.03365	0.02478	0.03457	0.00495	0.00677	0.00516	0.00555	0.00861	0.00901	0.03797	0.01928	0.01548	0.0403
0.00372	0.00284	0.03351	0.02379	0.03812	0.00322	0.00794	0.00392	0.00548	0.00872	0.01395	0.04179	0.02037	0.01471	0.0393
0.00449	0.00925	0.03188	0.02347	0.03582	0.00319	0.00783	0.00682	0.00531	0.00936	0.01191	0.04261	0.01993	0.01321	0.0397
0.0074	0.00436	0.03227	0.02167	0.04919	0.00397	0.0074	0.00412	0.0058	0.00907	0.00983	0.03036	0.01977	0.0114	0.03478
0.00705	0.00544	0.03039	0.02075	0.03888	0.00342	0.00758	0.00585	0.00436	0.00853	0.00593	0.02824	0.01916	0.01011	0.02885
0.0074	0.00926	0.03067	0.02018	0.06057	0.00468	0.00776	0.00541	0.0056	0.00808	0.00342	0.03678	0.01931	0.01264	0.02425
0.00659	0.01804	0.02959	0.01998	0.04523	0.00403	0.00579	0.0064	0.00691	0.00772	0.00922	0.03845	0.01877	0.00927	0.0275
0.00441	0.00726	0.02953	0.02186	0.036	0.00325	0.0076	0.00476	0.00368	0.00827	0.01579	0.03316	0.0183	0.0123	0.02752
0.0056	0.01202	0.02855	0.02017	0.03757	0.00316	0.00736	0.00619	0.00462	0.00768	0.01424	0.03497	0.01833	0.01245	0.02657
0.00607	0.00696	0.02793	0.01929	0.03965	0.00358	0.00766	0.0056	0.00423	0.00747	0.01646	0.03707	0.01816	0.00803	0.0315
0.00438	0.01329	0.02772	0.02066	0.04672	0.00818	0.0054	0.00817	0.00304	0.00812	0.01288	0.03834	0.01832	0.01261	0.03497
0.00846	0.02098	0.02689	0.02075	0.04599	0.00469	0.00787	0.00773	0.00324	0.00757	0.01972	0.03339	0.01877	0.0123	0.02965
0.0066	0.02225	0.02575	0.01877	0.03922	0.00399	0.00694	0.00473	0.00921	0.00748	0.02763	0.03379	0.01835	0.0115	0.02376
0.00481	0.01082	0.02516	0.01978	0.06128	0.00513	0.00612	0.00584	0.00614	0.00769	0.01209	0.03213	0.01774	0.01401	0.03133
0.00701	0.019	0.02289	0.01948	0.03822	0.00285	0.00711	0.00442	0.00607	0.00765	0.01234	0.03265	0.01749	0.00859	0.02975
0.00486	0.00956	0.02278	0.02128	0.03984	0.00397	0.00695	0.00489	0.00553	0.00739	0.00455	0.03976	0.01822	0.01613	0.02751
0.00981	0.0066	0.02282	0.0214	0.06245	0.00528	0.00585	0.00441	0.0033	0.00684	0.00577	0.03447	0.01781	0.01782	0.02472
0.00589	0.01364	0.02149	0.01709	0.03873	0.00466	0.00602	0.00716	0.00345	0.00711	0.01778	0.03149	0.01715	0.0088	0.03261
0.00779	0.01122	0.02094	0.01709	0.04564	0.00466	0.00528	0.00548	0.00342	0.00676	0.01916	0.03091	0.0178	0.00908	0.03378
0.00772	0.01583	0.02018	0.02033	0.05458	0.00747	0.00521	0.006	0.00426	0.00665	0.02135	0.02863	0.01739	0.01125	0.03477
0.00908	0.01924	0.01954	0.01558	0.05253	0.00707	0.00469	0.00707	0.00312	0.00702	0.0224	0.03232	0.01636	0.01227	0.02816
0.01269	0.0203	0.01878	0.01325	0.04577	0.0083	0.00532	0.00865	0.00293	0.00691	0.00643	0.04336	0.01707	0.00713	0.02576
0.00764	0.02525	0.01816	0.01524	0.03732	0.00551	0.00458	0.00949	0.00473	0.00679	0.01692	0.03561	0.01637	0.01081	0.02269
0.01266	0.01276	0.0183	0.01959	0.05101	0.00596	0.00556	0.00566	0.00354	0.00699	0.01281	0.02502	0.01605	0.01391	0.02865
0.01657	0.02338	0.01771	0.01513	0.04506	0.00574	0.00574	0.00674	0.00304	0.00664	0.00688	0.03529	0.01611	0.01038	0.02432
0.0138	0.02393	0.01751	0.01569	0.03972	0.00263	0.00518	0.00698	0.00278	0.0065	0.00421	0.03281	0.01653	0.01018	0.02776
0.01065	0.03755	0.01633	0.0159	0.03702	0.0035	0.0061	0.00883	0.0072	0.00638	0.00581	0.0479	0.01575	0.01175	0.02602
0.01488	0.02695	0.01652	0.01322	0.05637	0.00694	0.00405	0.00916	0.00795	0.00677	0.012	0.0253	0.01588	0.00656	0.02244
0.02304	0.03375	0.01545	0.01423	0.03607	0.00273	0.00461	0.00806	0.00646	0.00614	0.00504	0.02641	0.01513	0.00877	0.02495
0.0138	0.03462	0.0156	0.01359	0.03991	0.00281	0.00549	0.00983	0.00633	0.00662	0.01803	0.03716	0.01578	0.00688	0.03108
0.01635	0.02864	0.01552	0.01578	0.04064	0.00371	0.00464	0.00691	0.01072	0.00601	0.00685	0.03466	0.01467	0.01133	0.02847
0.02175	0.02503	0.01529	0.0162	0.03398	0.00367	0.00474	0.00562	0.00434	0.0063	0.02756	0.0247	0.01425	0.01233	0.02407
0.01517	0.02347	0.01564	0.01543	0.03867	0.00596	0.00455	0.00698	0.00323	0.00649	0.02779	0.02966	0.01426	0.01143	0.03501
0.01336	0.02087	0.01437	0.01351	0.03556	0.0025	0.00487	0.00845	0.00503	0.00599	0.01671	0.0241	0.0149	0.00767	0.02558
0.02012	0.01659	0.01476	0.01294	0.03747	0.00294	0.00435	0.00644	0.00243	0.00632	0.01235	0.02446	0.01449	0.00648	0.0221
0.01617	0.01206	0.01478	0.01424	0.03517	0.00444	0.00401	0.00444	0.00208	0.00631	0.00599	0.02613	0.0138	0.01105	0.0262
0.01322	0.02165	0.01424	0.01799	0.04453	0.00455	0.00406	0.00474	0.00493	0.00589	0.0086	0.03548	0.01476	0.01176	0.02696
0.01976	0.02406	0.01439	0.01777	0.04357	0.00248	0.00419	0.00576	0.00438	0.0056	0.01076	0.02433	0.01425	0.01291	0.02338
0.02007	0.02392	0.01369	0.01412	0.05266	0.0013	0.00418	0.00496	0.00565	0.00575	0.01068	0.02919	0.01355	0.01077	0.02144
0.0184	0.01969	0.01368	0.01728	0.05358	0.00269	0.00511	0.00474	0.00361	0.00556	0.01325	0.04148	0.01434	0.01263	0.02345
0.03187	0.01954	0.01403	0.01502	0.0454	0.00255	0.00513	0.00612	0.00327	0.00603	0.00255	0.0328	0.01391	0.00995	0.02893
0.02732	0.01584	0.01256	0.01254	0.05105	0.0034	0.00494	0.00583	0.00195	0.00554	0.0114	0.03243	0.01383	0.00812	0.02998
0.01602	0.02107	0.01262	0.01346	0.04236	0.00174	0.00481	0.0046	0.00326	0.00604	0.01545	0.02332	0.01481	0.00943	0.02069
0.02033	0.01927	0.01229	0.01079	0.03236	0.00344	0.00523	0.00468	0.00371	0.00543	0.01347	0.02708	0.01408	0.00625	0.01929
0.01991	0.0418	0.01263	0.01217	0.04805	0.00506	0.00427	0.00739	0.00266	0.00543	0.00634	0.03024	0.01374	0.00894	0.02096
0.01443	0.02346	0.01232	0.01177	0.04119	0.00452	0.00395	0.00661	0.002	0.00601	0.00814	0.02323	0.01364	0.00656	0.02046
0.01739	0.03083	0.01196	0.01777	0.02964	0.00248	0.00377	0.0043	0.0016	0.00564	0.02663	0.02276	0.0134	0.01395	0.02563
0.01133	0.0294	0.01214	0.01252	0.0364	0.00125	0.00386	0.00585	0.00209	0.00566	0.01202	0.02146	0.01324	0.00863	0.02107
0.01426	0.02622	0.01254	0.01365	0.04465	0.00157	0.00451	0.00656	0.00254	0.00544	0.0121	0.02993	0.01293	0.00965	0.02074
0.01966	0.02908	0.01142	0.0127	0.04719	0.00891	0.00433	0.00701	0.00334	0.00499	0.00776	0.0242	0.01311	0.00839	0.0206
0.01478	0.02541	0.0117	0.0099	0.04543	0.00416	0.00361	0.00438	0.00202	0.00515	0.0043	0.02769	0.01297	0.0066	0.01849
0.0251	0.03462	0.01209	0.015	0.05554	0.00112	0.00466	0.00369	0.00259	0.00542	0.00201	0.02781	0.01258	0.01187	0.02774
0.02183	0.03617	0.01139	0.01297	0.04124	0.00621	0.00499	0.00692	0.00255	0.00516	0.01096	0.02503	0.0127	0.01097	0.01924
0.02646	0.01745	0.01085	0.01694	0.06895	0.00584	0.00486	0.00521	0.0037	0.00521	0.00149	0.0355	0.01326	0.01264	0.02802
0.02005	0.02565	0.0118	0.01655	0.06549	0.01219	0.00414	0.0071	0.00248	0.00494	0.00548	0.03039	0.01242	0.01214	0.02884
0.0111	0.01866	0.01125	0.01231	0.03694	0.00158	0.00311	0.00504	0.00308	0.00508	0.01117	0.02083	0.01271	0.0069	0.02246
0.01466	0.01658	0.01121	0.01136	0.04357	0.00229	0.00343	0.00543	0.0018	0.00506	0.00804	0.01828	0.01242	0.00775	0.01852
0.0108	0.01917	0.01149	0.01595	0.0451	0.0048	0.00519	0.0067	0.00181	0.00492	0.01309	0.02408	0.01325	0.01104	0.02595
0.01187	0.02417	0.01072	0.01364	0.04712	0.01066	0.00392	0.00683	0.00313	0.00491	0.00755	0.02034	0.01125	0.01032	0.01854
0.01796	0.02374	0.0107	0.01768	0.05075	0.00485	0.00493	0.00545	0.00194	0.0047	0.00203	0.02601	0.01292	0.01075	0.02398
0.0176	0.02383	0.01011	0.01561	0.0541	0.01527	0.00784	0.00661	0.00181	0.00466	0.00736	0.03465	0.01148	0.00976	0.02286
0.01241	0.01933	0.01065	0.01497	0.05776	0.01394	0.00814	0.00572	0.00214	0.00474	0.00321	0.04371	0.01142	0.01145	0.02148
0.01605	0.02203	0.01117	0.00967	0.04352	0.00613	0.00619	0.00608	0.00275	0.0045	0.00945	0.03051	0.01168	0.00537	0.01872
0.01614	0.01989	0.01072	0.01288	0.04334	0.00882	0.00533	0.00436	0.00259	0.00438	0.00199	0.0262	0.01127	0.00724	0.01849
0.00899	0.01289	0.01064	0.01442	0.04651	0.0053	0.00476	0.00565	0.00265	0.00467	0.00147	0.02764	0.01071	0.00981	0.02033
0.00839	0.01713	0.01067	0.01332	0.05359	0.0053	0.00792	0.00748	0.00365	0.00475	0.00497	0.02635	0.01129	0.00675	0.02584
0.01306	0.0223	0.00995	0.01205	0.04934	0.00719	0.00806	0.00722	0.00268	0.00463	0.0022	0.03583	0.00958	0.0066	0.0209
0.01852	0.02314	0.01055	0.01513	0.06468	0.01135	0.00368	0.00799	0.003	0.00508	0.00193	0.03483	0.00913	0.01154	0.02044
0.01665	0.02329	0.01049	0.01172	0.04971	0.00757	0.00461	0.00648	0.00222	0.00422	0.00467	0.02861	0.00996	0.00894	0.01726
0.02284	0.02064	0.01074	0.01455	0.05037	0.00183	0.00491	0.00419	0.00179	0.00474	0.00403	0.02276	0.00885	0.00867	0.02318
0.01665	0.01914	0.01002	0.01396	0.05123	0.0024	0.00419	0.00534	0.00275	0.00491	0.00545	0.0339	0.00898	0.00734	0.02208
0.01906	0.01357	0.01029	0.01079	0.04586	0.00264	0.00506	0.00587	0.00313	0.00445	0.00626	0.03262	0.00784	0.00487	0.01707
0.02428	0.02206	0.00959	0.01507	0.06307	0.00201	0.00632	0.0044	0.0025	0.00481	0.00094	0.02482	0.00755	0.00896	0.02273
0.01812	0.02642	0.01005	0.00905	0.02917	0.00646	0.00603	0.00759	0.00263	0.00467	0.01016	0.02663	0.00805	0.00451	0.01373
0.02208	0.01961	0.00961	0.01273	0.04265	0.00527	0.00869	0.00521	0.00262	0.00424	0.00812	0.02049	0.00823	0.00598	0.01891
0.01283	0.02068	0.00965	0.01994	0.06784	0.00901	0.00969	0.00714	0.00458	0.00434	0.00632	0.02716	0.00622	0.01329	0.02364
0.01432	0.02702	0.00942	0.02556	0.05516	0.00785	0.00719	0.01034	0.00379	0.00432	0.00948	0.03268	0.00808	0.02321	0.02156
0.02386	0.03521	0.01053	0.0227	0.06149	0.00731	0.00737	0.00905	0.00266	0.00443	0.00229	0.02996	0.00674	0.01508	0.03334
0.01589	0.02907	0.0093	0.02318	0.06782	0.009	0.01105	0.01063	0.00321	0.00402	0.01	0.03223	0.00655	0.01603	0.02853
0.01846	0.02816	0.00937	0.0161	0.05888	0.01351	0.00908	0.00888	0.00329	0.00437	0.00567	0.02583	0.00626	0.01098	0.02165
0.02058	0.02038	0.00939	0.01065	0.0397	0.00285	0.00511	0.0069	0.00307	0.0042	0.00558	0.02718	0.00637	0.00454	0.01472
0.01895	0.02027	0.00923	0.02487	0.0675	0.00618	0.00793	0.00755	0.00298	0.00435	0.00478	0.03114	0.00584	0.01417	0.03388
0.01903	0.02601	0.00958	0.01957	0.0403	0.00371	0.00503	0.00449	0.00253	0.00367	0.005	0.0272	0.00578	0.01219	0.02382
0.01974	0.03515	0.00917	0.01776	0.05603	0.00253	0.00423	0.0062	0.00185	0.00442	0.00408	0.02293	0.00568	0.0099	0.0222
0.01644	0.03453	0.00973	0.02266	0.0567	0.00446	0.00387	0.0084	0.00229	0.00395	0.00861	0.02585	0.00474	0.01557	0.02386
0.02717	0.03393	0.00871	0.0184	0.06251	0.00349	0.00426	0.00798	0.00257	0.00406	0.0062	0.02813	0.00475	0.00981	0.02506
0.01764	0.03279	0.00934	0.02165	0.04783	0.0027	0.00383	0.00666	0.00391	0.00419	0.01158	0.02514	0.00559	0.01569	0.02387
0.01211	0.02373	0.00918	0.02791	0.06842	0.00235	0.00384	0.00554	0.00305	0.00427	0.00932	0.02579	0.00454	0.01813	0.02884
0.01747	0.02066	0.00959	0.01803	0.03814	0.00085	0.00323	0.00504	0.00219	0.00418	0.0035	0.02306	0.00509	0.01149	0.01916
0.02145	0.02679	0.00895	0.02049	0.05253	0.0004	0.00341	0.00386	0.00328	0.00367	0.00484	0.02876	0.00595	0.01383	0.02677
0.01858	0.02774	0.00892	0.02789	0.05669	0.00259	0.00595	0.00611	0.00324	0.00406	0.01049	0.02676	0.00526	0.01609	0.03582
0.01797	0.02718	0.00881	0.01866	0.06525	0.00208	0.00414	0.00621	0.00274	0.00414	0.00469	0.02654	0.00484	0.01118	0.01855
0.02192	0.03578	0.00864	0.01471	0.04635	0.00519	0.00867	0.00868	0.00341	0.00443	0.01154	0.02623	0.00441	0.00658	0.0201
0.02462	0.04074	0.00875	0.02349	0.06538	0.00687	0.00776	0.00922	0.00568	0.00388	0.0039	0.02175	0.00442	0.01295	0.02481
0.01656	0.03631	0.00852	0.02936	0.06407	0.00336	0.00509	0.00885	0.00464	0.00358	0.00806	0.03045	0.00481	0.01702	0.02941
0.01792	0.03205	0.0083	0.023	0.05461	0.00699	0.00776	0.00686	0.00384	0.00346	0.00317	0.03575	0.00371	0.01284	0.02842
0.02402	0.03518	0.00874	0.0296	0.0643	0.00147	0.00731	0.00668	0.00474	0.00356	0.01382	0.03041	0.00438	0.01967	0.02408
0.02163	0.0241	0.00857	0.02699	0.08068	0.00275	0.00538	0.00641	0.00266	0.00359	0.00497	0.03116	0.00506	0.01794	0.02221
0.01882	0.02198	0.00837	0.02108	0.07693	0.00465	0.00563	0.00552	0.00277	0.00383	0.00214	0.03331	0.0037	0.0112	0.02328
0.02069	0.01728	0.00848	0.02745	0.08329	0.00387	0.00384	0.00451	0.0017	0.00389	0.00153	0.03253	0.00345	0.01858	0.02295
0.0168	0.02354	0.00837	0.02507	0.07987	0.01866	0.00581	0.01043	0.00223	0.00392	0.00763	0.04289	0.00269	0.01875	0.02473
0.02634	0.02776	0.00879	0.02528	0.06081	0.00639	0.00497	0.00548	0.00217	0.00338	0.00478	0.02953	0.00322	0.01265	0.02623
0.02142	0.03368	0.0086	0.03675	0.0685	0.00522	0.00486	0.00616	0.00218	0.00323	0.01249	0.03083	0.00393	0.02908	0.02294
0.02409	0.02734	0.00808	0.01828	0.04587	0.00174	0.0025	0.00382	0.00194	0.00372	0.00341	0.02031	0.00328	0.00916	0.01886
0.01969	0.01802	0.00818	0.01742	0.061	0.00842	0.00474	0.00675	0.00345	0.00338	0.00956	0.03021	0.00381	0.01148	0.01583
0.02091	0.02488	0.00809	0.01482	0.0585	0.00379	0.00398	0.00619	0.00185	0.00373	0.0057	0.02921	0.00317	0.00762	0.01473
0.01345	0.02536	0.00765	0.02193	0.05268	0.00449	0.00657	0.0099	0.0019	0.004	0.0182	0.03004	0.00249	0.01259	0.0228
0.01882	0.02748	0.00853	0.0316	0.06142	0.00959	0.00421	0.00651	0.00189	0.00332	0.01309	0.02818	0.00297	0.02027	0.0228
0.02505	0.01893	0.00764	0.02032	0.06362	0.0089	0.00455	0.0043	0.00182	0.00369	0.00216	0.04218	0.0021	0.00973	0.0211
0.02004	0.02657	0.00783	0.02817	0.07315	0.00197	0.00331	0.00535	0.00421	0.00354	0.00327	0.03033	0.00245	0.01788	0.02918
0.02393	0.02433	0.00808	0.02113	0.0648	0.00334	0.00339	0.00421	0.00269	0.00354	0.00342	0.03365	0.00238	0.01202	0.02147
0.02045	0.03019	0.00763	0.02548	0.07442	0.00309	0.00389	0.0063	0.00342	0.00359	0.00138	0.03666	0.00294	0.01581	0.02504
0.02314	0.0269	0.00745	0.02197	0.0656	0.00144	0.00283	0.00485	0.00295	0.00345	0.00155	0.03536	0.00233	0.01331	0.02031
0.02222	0.0258	0.00767	0.02394	0.06727	0.00259	0.002	0.004	0.00207	0.00328	0.00059	0.03682	0.00318	0.01664	0.01817
0.02015	0.02834	0.00772	0.01516	0.0684	0.00383	0.00176	0.00519	0.00277	0.00296	0.00109	0.03289	0.00221	0.00719	0.01961
0.02341	0.03643	0.00816	0.01586	0.05746	0.01187	0.00489	0.00686	0.00188	0.00319	0.00354	0.03533	0.00273	0.00745	0.01596
0.02288	0.03131	0.00747	0.01792	0.06455	0.01573	0.00607	0.00715	0.00203	0.00349	0.00265	0.03625	0.00218	0.01039	0.02222
0.03189	0.03367	0.00723	0.01847	0.04715	0.00622	0.00307	0.00689	0.00243	0.0031	0.0027	0.0235	0.00298	0.01201	0.02296
0.01956	0.03683	0.00693	0.01695	0.05642	0.00753	0.00393	0.00885	0.00213	0.0034	0.01708	0.02672	0.00233	0.00938	0.01763
0.02295	0.03196	0.00756	0.01643	0.06298	0.01018	0.00223	0.00668	0.0022	0.00337	0.00642	0.04399	0.00225	0.00828	0.01684
0.02135	0.03552	0.00743	0.03595	0.09799	0.0103	0.00157	0.00797	0.00368	0.00377	0.00288	0.04166	0.00319	0.02642	0.02809
0.01825	0.02756	0.00669	0.03416	0.0863	0.00469	0.0034	0.00746	0.00258	0.00305	0.00599	0.02555	0.0029	0.02723	0.01746
0.01671	0.03221	0.00705	0.01968	0.06583	0.00517	0.00365	0.00752	0.00299	0.00337	0.00938	0.0307	0.00284	0.01325	0.01649
0.01808	0.03033	0.00709	0.02209	0.07795	0.00969	0.00488	0.00723	0.00211	0.00312	0.00968	0.05206	0.0026	0.01338	0.02017
0.02083	0.03254	0.00743	0.03094	0.0721	0.0013	0.00219	0.00435	0.00197	0.00314	0.00648	0.03149	0.00388	0.01943	0.02075
0.0288	0.03144	0.00705	0.02417	0.08787	0.00512	0.00286	0.00483	0.00193	0.00312	0.00466	0.02987	0.00205	0.01459	0.01964
0.02009	0.03645	0.00731	0.01877	0.07173	0.01135	0.00268	0.00666	0.00287	0.00365	0.02025	0.03961	0.00201	0.01075	0.01559
0.02302	0.03054	0.00675	0.0225	0.06495	0.00683	0.00269	0.00562	0.00229	0.00308	0.00788	0.02898	0.00238	0.01373	0.01547
0.02115	0.03091	0.00739	0.01738	0.05849	0.00262	0.00236	0.00541	0.00226	0.00315	0.00949	0.03422	0.00245	0.00849	0.02487
0.02634	0.02485	0.00684	0.0248	0.06239	0.00375	0.00192	0.00298	0.00235	0.00304	0.00302	0.0304	0.0015	0.01509	0.01767
0.02427	0.02708	0.00709	0.0185	0.05451	0.00664	0.00551	0.00446	0.00266	0.00298	0.00487	0.04663	0.00205	0.00979	0.01875
0.02535	0.03341	0.00667	0.02314	0.06732	0.00349	0.00238	0.00524	0.00253	0.00339	0.0036	0.03637	0.00226	0.01344	0.0203
0.02653	0.03451	0.00723	0.03666	0.08059	0.0033	0.00275	0.00449	0.00248	0.0031	0.01071	0.03656	0.00165	0.02404	0.03795
0.02765	0.03971	0.00661	0.02793	0.08183	0.00496	0.00517	0.00604	0.00191	0.00305	0.00592	0.03146	0.00191	0.01748	0.02588
0.02935	0.0323	0.00636	0.02213	0.06012	0.00116	0.00257	0.00555	0.00186	0.00318	0.00508	0.02412	0.00207	0.01192	0.02124
0.02649	0.03727	0.00652	0.014	0.04993	0.00335	0.00179	0.00595	0.00243	0.003	0.00811	0.02958	0.00199	0.0073	0.01486
0.01967	0.02887	0.00691	0.02309	0.06636	0.01088	0.00453	0.00831	0.00175	0.00282	0.01054	0.04436	0.00205	0.01352	0.02404
0.02091	0.02529	0.00642	0.02826	0.06788	0.0014	0.00174	0.0052	0.0019	0.00292	0.00477	0.03465	0.00145	0.01816	0.02139
0.02142	0.02406	0.0066	0.03047	0.07466	0.00837	0.00336	0.00601	0.00346	0.00293	0.00627	0.0377	0.0019	0.02022	0.01896
0.01978	0.02167	0.00662	0.02569	0.07886	0.006	0.00095	0.00619	0.00269	0.00296	0.0062	0.03696	0.0019	0.01466	0.02323
0.01929	0.02435	0.00662	0.03769	0.08444	0.00369	0.00199	0.00589	0.00376	0.00295	0.00599	0.04738	0.00155	0.02445	0.02399
0.02251	0.02605	0.00654	0.03971	0.09604	0.00592	0.00116	0.00471	0.00203	0.00289	0.0018	0.04238	0.00371	0.02649	0.03047
0.02216	0.03552	0.00641	0.04142	0.09651	0.00377	0.0011	0.00396	0.00198	0.00302	0.00483	0.03485	0.00142	0.02929	0.02786
0.02578	0.04441	0.00668	0.02891	0.07662	0.00656	0.00132	0.00522	0.00244	0.00296	0.00817	0.02644	0.00176	0.01883	0.02234
0.02314	0.04139	0.00676	0.03074	0.08849	0.00574	0.00143	0.00792	0.00431	0.00283	0.01798	0.02864	0.0025	0.02125	0.02007
0.01667	0.03306	0.00662	0.02156	0.0765	0.00377	0.00119	0.00733	0.0013	0.0028	0.00795	0.03873	0.00219	0.01333	0.02253
0.01876	0.03428	0.00621	0.02382	0.07459	0.00306	0.00107	0.00433	0.00266	0.00286	0.00599	0.03532	0.00215	0.01523	0.02694
0.02043	0.02824	0.00648	0.02363	0.08079	0.00283	0.00184	0.0049	0.00307	0.00284	0.0054	0.04499	0.00166	0.01475	0.01859
0.01718	0.03476	0.00648	0.03277	0.07725	0.00222	0.00082	0.0063	0.0016	0.00264	0.01096	0.03668	0.00203	0.02211	0.03396
0.01877	0.028	0.00669	0.02282	0.0689	0.00585	0.00259	0.0072	0.00207	0.00307	0.01191	0.02756	0.0019	0.01422	0.01982
0.02023	0.03194	0.00604	0.03113	0.08308	0.00184	0.00074	0.00549	0.00178	0.00255	0.00815	0.0282	0.00123	0.02085	0.02423
0.01847	0.02952	0.00632	0.02647	0.07301	0.00154	0.00104	0.00435	0.0025	0.00248	0.01128	0.03622	0.00116	0.01527	0.02358
0.02123	0.02812	0.00602	0.02615	0.06767	0.00246	0.0016	0.00502	0.00223	0.00253	0.00865	0.02794	0.00187	0.01666	0.02639
0.01996	0.02933	0.00585	0.02562	0.07472	0.00231	0.00191	0.0059	0.00203	0.00265	0.01141	0.03142	0.00242	0.01483	0.0196
0.01826	0.02611	0.00632	0.03123	0.08051	0.00513	0.00355	0.00805	0.00161	0.0027	0.01724	0.03293	0.00277	0.02014	0.0308
0.0155	0.03262	0.00644	0.03149	0.08576	0.00814	0.00488	0.01115	0.00184	0.00239	0.00933	0.04068	0.00187	0.02021	0.03267
0.02628	0.03354	0.00655	0.04237	0.09507	0.00876	0.00443	0.00797	0.00123	0.0025	0.00785	0.04497	0.00192	0.03269	0.02368
0.02017	0.02929	0.00656	0.0194	0.0626	0.00613	0.00242	0.00537	0.00147	0.00257	0.01193	0.02967	0.00157	0.0103	0.0221
0.01789	0.02163	0.00605	0.02765	0.0887	0.02078	0.00685	0.00862	0.00154	0.00251	0.0046	0.02927	0.00184	0.01769	0.01813
0.01973	0.02936	0.00617	0.03092	0.09313	0.00389	0.00124	0.00586	0.00228	0.00259	0.00425	0.04347	0.0016	0.02131	0.02576
0.01639	0.02512	0.00636	0.02504	0.07212	0.00316	0.00242	0.00576	0.00364	0.00242	0.00563	0.04449	0.00258	0.01545	0.02306
0.017	0.02544	0.00665	0.02216	0.08454	0.00738	0.00248	0.00635	0.00403	0.00248	0.00415	0.04601	0.00236	0.01405	0.01706
0.01736	0.02938	0.00612	0.02389	0.07454	0.00328	0.00166	0.00518	0.00276	0.0026	0.01225	0.03883	0.00196	0.01323	0.01772
0.01559	0.02842	0.00627	0.03848	0.08975	0.00948	0.00454	0.00725	0.00243	0.0024	0.01725	0.03418	0.00153	0.02724	0.03699
0.01858	0.02005	0.00642	0.02828	0.08597	0.00856	0.00438	0.00543	0.00421	0.00277	0.00869	0.03868	0.00134	0.01924	0.02639
0.01774	0.02788	0.00673	0.02066	0.06245	0.00471	0.00124	0.00601	0.00386	0.00275	0.0151	0.03184	0.00188	0.01204	0.02267
0.0168	0.03141	0.00629	0.0303	0.07669	0.01168	0.00348	0.00603	0.00322	0.00252	0.01598	0.04074	0.00236	0.01887	0.03853
0.02279	0.02937	0.00583	0.02567	0.07213	0.00462	0.00202	0.00413	0.00186	0.00278	0.01501	0.03088	0.00179	0.01802	0.01574
0.0199	0.02423	0.00578	0.03619	0.0711	0.00461	0.00283	0.00472	0.00328	0.00242	0.01769	0.02985	0.00145	0.02645	0.03763
0.01623	0.02562	0.00617	0.03243	0.0866	0.01356	0.00204	0.00679	0.00311	0.00237	0.01162	0.03643	0.00123	0.02086	0.03022
0.0237	0.02305	0.00609	0.03062	0.08392	0.00407	0.00438	0.00306	0.0031	0.0024	0.00154	0.04093	0.00151	0.02177	0.02166
0.01935	0.0263	0.00616	0.04241	0.09269	0.00562	0.00217	0.00605	0.0051	0.00233	0.0039	0.03032	0.00164	0.02858	0.04414
0.01617	0.02159	0.00585	0.02396	0.0638	0.00571	0.00337	0.00377	0.00346	0.00249	0.00286	0.03235	0.00226	0.01499	0.01565
0.0199	0.03062	0.00591	0.02717	0.07328	0.00311	0.0007	0.00424	0.00199	0.00245	0.00639	0.02664	0.00304	0.01744	0.02627
0.01907	0.02901	0.00592	0.04459	0.10171	0.00872	0.00486	0.00758	0.00419	0.00242	0.00234	0.03013	0.00101	0.03502	0.02435
0.02487	0.03085	0.00594	0.03423	0.08456	0.0034	0.00202	0.00354	0.00233	0.00204	0.00062	0.0248	0.00201	0.02579	0.02739
0.02019	0.02041	0.00587	0.03764	0.08209	0.00698	0.00357	0.00524	0.00187	0.00243	0.00467	0.02621	0.00144	0.02624	0.04306
0.0209	0.02836	0.00586	0.02667	0.07923	0.00277	0.00336	0.00788	0.00299	0.00234	0.0044	0.03441	0.00158	0.01729	0.01941
0.01802	0.02602	0.0055	0.02848	0.081	0.0044	0.00358	0.00696	0.00218	0.0026	0.00621	0.04034	0.00222	0.01906	0.01701
0.01587	0.02216	0.00625	0.03223	0.07333	0.00778	0.00125	0.00449	0.00149	0.0024	0.0081	0.04241	0.00141	0.02104	0.03397
0.02729	0.0285	0.00593	0.03627	0.09506	0.00678	0.00359	0.00396	0.00309	0.00209	0.00547	0.02917	0.0025	0.02756	0.02506
0.02028	0.02251	0.00629	0.0295	0.07725	0.00148	0.00075	0.00392	0.00314	0.00248	0.0053	0.02764	0.00184	0.01978	0.02657
0.02034	0.02735	0.00582	0.03413	0.08894	0.00199	0.0009	0.00374	0.00168	0.00207	0.00478	0.0344	0.00132	0.02386	0.03327
0.02226	0.0234	0.0056	0.02433	0.07689	0.00338	0.0007	0.0036	0.00216	0.00233	0.00566	0.02679	0.00112	0.01462	0.0314
0.02164	0.0247	0.00527	0.0175	0.06177	0.00316	0.00084	0.00376	0.00148	0.00218	0.00711	0.03385	0.00123	0.00947	0.01539
0.02058	0.02811	0.00525	0.03039	0.06846	0.00589	0.00188	0.00487	0.00258	0.00228	0.00901	0.0273	0.00092	0.02159	0.02733
0.02118	0.02653	0.00562	0.03621	0.06932	0.0004	0.00115	0.00247	0.00119	0.00216	0.00396	0.02259	0.00361	0.02631	0.03021
0.02526	0.04118	0.00524	0.03092	0.07874	0.00187	0.0006	0.00439	0.00185	0.00212	0.00694	0.02938	0.00234	0.02095	0.03285
0.02294	0.02688	0.00525	0.04001	0.08042	0.00121	0.00082	0.00489	0.00171	0.00197	0.00251	0.02775	0.0016	0.02706	0.04457
0.01355	0.03011	0.00548	0.02924	0.07649	0.00354	0.00084	0.00644	0.00239	0.00244	0.00836	0.04333	0.00133	0.01872	0.02901
0.02149	0.03826	0.00542	0.0338	0.08041	0.00285	0.00142	0.0049	0.00141	0.00234	0.00401	0.02485	0.00242	0.02468	0.02234
0.02668	0.02892	0.00562	0.03621	0.09519	0.00254	0.00103	0.00385	0.00134	0.00257	0.00207	0.02911	0.00214	0.0261	0.02665
0.0173	0.02585	0.00563	0.03961	0.09468	0.00496	0.00155	0.00525	0.00205	0.00214	0.00312	0.03473	0.00122	0.03106	0.04275
0.02872	0.03036	0.00562	0.02835	0.06425	0.00174	0.00105	0.00428	0.00273	0.00217	0.00118	0.03819	0.00189	0.01864	0.02644
0.02609	0.02452	0.00532	0.03047	0.09018	0.00265	0.00147	0.00375	0.00239	0.00184	0.00336	0.03552	0.00194	0.02216	0.0154
0.02436	0.02983	0.00542	0.03155	0.08964	0.00932	0.00199	0.00541	0.00341	0.002	0.01819	0.03425	0.00195	0.02312	0.02626
0.02616	0.02901	0.00522	0.02794	0.07873	0.00682	0.00242	0.00474	0.00285	0.00189	0.00139	0.03947	0.0012	0.01693	0.03895
0.01762	0.02211	0.00562	0.03284	0.09226	0.00611	0.00091	0.00454	0.0012	0.00181	0.00385	0.03292	0.00145	0.02576	0.03191
0.02378	0.02865	0.0052	0.02487	0.07579	0.00586	0.00535	0.0049	0.00234	0.0021	0.01635	0.0358	0.00228	0.01633	0.0243
0.02203	0.03071	0.00541	0.02785	0.07577	0.00729	0.00528	0.00634	0.00253	0.00204	0.00736	0.03438	0.00127	0.02253	0.01734
0.02037	0.02939	0.00559	0.03316	0.07501	0.00498	0.00333	0.0062	0.00315	0.00199	0.01031	0.03386	0.00069	0.02403	0.02719
0.01573	0.02403	0.00483	0.03979	0.07773	0.00297	0.00402	0.00626	0.00331	0.00212	0.00849	0.02941	0.00125	0.02658	0.04929
0.0228	0.02908	0.00466	0.0284	0.07358	0.00576	0.00143	0.00538	0.0024	0.00177	0.00573	0.03384	0.00097	0.02212	0.01725
0.01914	0.02256	0.00523	0.03378	0.07115	0.00655	0.00304	0.00677	0.00164	0.00216	0.00375	0.02545	0.00096	0.0252	0.02865
0.01894	0.02137	0.00504	0.03647	0.08311	0.00502	0.00299	0.0057	0.00375	0.00209	0.0019	0.03286	0.00157	0.02512	0.03975
0.01648	0.02799	0.00543	0.04044	0.09395	0.0048	0.00423	0.00715	0.0035	0.00218	0.01247	0.0288	0.00187	0.03385	0.01488
0.01845	0.0255	0.00522	0.02756	0.07208	0.0017	0.00226	0.0051	0.00195	0.002	0.00368	0.02693	0.00204	0.01761	0.03132
0.01219	0.0262	0.00512	0.0188	0.04978	0.0018	0.00263	0.00573	0.0033	0.0022	0.01183	0.01854	0.00221	0.01113	0.02422
0.01686	0.03094	0.00488	0.02614	0.07585	0.00424	0.00391	0.00595	0.00406	0.00202	0.00549	0.04324	0.00229	0.01659	0.0344
0.02049	0.02086	0.00458	0.03282	0.08669	0.00165	0.00482	0.00397	0.00183	0.00208	0.00343	0.03515	0.00121	0.02398	0.02928
0.01691	0.0271	0.00466	0.03455	0.08483	0.0035	0.00179	0.00562	0.00188	0.00186	0.00601	0.03687	0.00213	0.02637	0.02624
0.02524	0.02728	0.00478	0.04893	0.09603	0.00468	0.00374	0.00388	0.00241	0.00205	0.00424	0.03589	0.00095	0.03662	0.04956
0.01843	0.03092	0.00523	0.0239	0.06584	0.00294	0.00244	0.00495	0.00278	0.00191	0.00232	0.02958	0.00132	0.01592	0.02719
0.02097	0.03786	0.00497	0.03373	0.09305	0.00603	0.00286	0.00523	0.00204	0.00182	0.00519	0.04015	0.00145	0.0237	0.03064
0.02491	0.03414	0.00468	0.02625	0.06907	0.00557	0.00156	0.004	0.00157	0.00186	0.00191	0.04075	0.00207	0.01903	0.01902
0.03159	0.0469	0.00501	0.03314	0.09398	0.00486	0.00178	0.00557	0.00105	0.00192	0.00531	0.04109	0.00193	0.02529	0.0236
0.01909	0.02786	0.00528	0.0341	0.08108	0.00475	0.00256	0.00571	0.00175	0.00186	0.00361	0.03502	0.00071	0.02319	0.03427
0.02846	0.03648	0.00475	0.045	0.09043	0.0012	0.00095	0.00334	0.00104	0.00171	0.00332	0.03229	0.00363	0.03406	0.03334
0.01819	0.03277	0.00451	0.02986	0.08703	0.00555	0.00207	0.0054	0.00355	0.002	0.01264	0.0413	0.00279	0.0188	0.02941
0.02506	0.04352	0.00486	0.03829	0.08318	0.00106	0.00046	0.00503	0.00363	0.00179	0.00993	0.03059	0.00241	0.02726	0.04394
0.02333	0.03769	0.00534	0.03871	0.08477	0.00079	0.00057	0.00386	0.00287	0.00199	0.00423	0.03424	0.00182	0.02699	0.04756
0.02167	0.0307	0.00479	0.04184	0.09431	0.00409	0.00093	0.00578	0.00144	0.00179	0.00336	0.03507	0.00147	0.03211	0.04287
0.02957	0.03329	0.00471	0.04782	0.08826	0.00205	0.00064	0.00408	0.00125	0.00184	0.00845	0.03316	0.00192	0.03867	0.04643
0.02505	0.03148	0.00469	0.03512	0.09306	0.00385	0.00112	0.00301	0.0021	0.00206	0.00332	0.0309	0.00289	0.0262	0.03231
0.02976	0.03507	0.00453	0.04388	0.1039	0.00295	0.00081	0.00426	0.0013	0.00187	0.00415	0.03056	0.00324	0.03531	0.02333
0.01957	0.03441	0.00492	0.04284	0.09798	0.00787	0.00372	0.0065	0.00421	0.00176	0.0105	0.03406	0.00104	0.03274	0.0464
0.01861	0.04374	0.00445	0.03648	0.07666	0.00614	0.00227	0.00737	0.00276	0.00182	0.00877	0.03222	0.00098	0.02758	0.03962
0.02412	0.03609	0.00469	0.02239	0.06486	0.00343	0.00131	0.0033	0.00215	0.00181	0.0107	0.03451	0.00143	0.01599	0.03048
0.02222	0.02969	0.00466	0.04594	0.11527	0.01331	0.00662	0.00548	0.00273	0.00191	0.01168	0.05338	0.00218	0.03972	0.02918
0.02521	0.02841	0.00448	0.04633	0.08271	0.00244	0.00254	0.00402	0.00251	0.0015	0.00577	0.03508	0.0015	0.03528	0.04748
0.02794	0.02793	0.00488	0.03872	0.1055	0.01045	0.00553	0.00585	0.00303	0.00192	0.01092	0.04052	0.00118	0.03095	0.02765
0.02351	0.0281	0.00486	0.02844	0.07905	0.00675	0.00234	0.00529	0.00207	0.00181	0.00835	0.03983	0.00095	0.01924	0.0231
0.02384	0.03375	0.00447	0.03868	0.09942	0.00178	0.00049	0.00281	0.00425	0.00181	0.00663	0.04188	0.00113	0.02965	0.03128
0.02403	0.0299	0.00477	0.02799	0.09491	0.00327	0.00042	0.00456	0.00405	0.00197	0.00465	0.04202	0.00076	0.02168	0.02876
0.0234	0.02912	0.00457	0.02264	0.07631	0.00225	0.00091	0.00371	0.00385	0.00177	0.00427	0.03782	0.00186	0.01645	0.02052
0.02405	0.03025	0.00468	0.03573	0.08722	0.00521	0.00385	0.00499	0.00173	0.00197	0.00863	0.03369	0.00129	0.02866	0.02969
0.02432	0.02808	0.00464	0.03153	0.08961	0.00686	0.00471	0.00458	0.00144	0.00205	0.00586	0.04849	0.0013	0.02375	0.02488
0.02259	0.03281	0.00467	0.02675	0.0761	0.0032	0.00203	0.00494	0.00271	0.00181	0.01122	0.03854	0.00081	0.02002	0.03264
0.02939	0.03805	0.00448	0.04093	0.0984	0.00368	0.00088	0.00515	0.00292	0.00183	0.004	0.03001	0.00154	0.03199	0.04798
0.03061	0.03542	0.00465	0.02322	0.07436	0.00133	0.00202	0.0042	0.00274	0.00181	0.01076	0.02587	0.00098	0.01698	0.02501
0.02189	0.03075	0.00487	0.03256	0.07953	0.00267	0.00187	0.00491	0.00383	0.00164	0.01288	0.04468	0.00137	0.02386	0.02982
0.02449	0.03341	0.00465	0.04713	0.10557	0.00508	0.00108	0.00329	0.00182	0.00198	0.00665	0.04689	0.00157	0.03925	0.03539
0.0214	0.02692	0.00442	0.05264	0.11923	0.00803	0.00357	0.00406	0.00324	0.00138	0.00271	0.0438	0.00143	0.04565	0.02642
0.02853	0.03212	0.00487	0.04242	0.08919	0.00451	0.00296	0.00365	0.00347	0.00178	0.00334	0.04955	0.0013	0.0343	0.03073
0.01858	0.02395	0.00425	0.05056	0.10204	0.00737	0.00578	0.00403	0.00307	0.00173	0.00804	0.0499	0.00146	0.03943	0.05172
0.02505	0.03272	0.00494	0.04002	0.10457	0.01322	0.00275	0.00652	0.00105	0.00191	0.00807	0.03506	0.00119	0.03523	0.02436
0.02364	0.02867	0.00454	0.03559	0.09862	0.00971	0.00383	0.0046	0.00451	0.00177	0.00792	0.03461	0.002	0.02936	0.01411
0.02816	0.03407	0.00444	0.03566	0.08486	0.00413	0.00192	0.0047	0.00327	0.00164	0.00719	0.03845	0.00215	0.02853	0.02041
0.0234	0.03495	0.00421	0.02288	0.07249	0.00194	0.00096	0.00316	0.00145	0.00206	0.0075	0.03252	0.0012	0.01581	0.02082
0.0223	0.03131	0.00431	0.03464	0.08701	0.0049	0.00435	0.00456	0.00423	0.0017	0.00518	0.04918	0.00115	0.0262	0.02533
0.02449	0.03388	0.0042	0.03513	0.09308	0.00618	0.00228	0.00596	0.00319	0.00169	0.00486	0.0493	0.00149	0.02759	0.0303
0.02085	0.02734	0.00451	0.03645	0.07951	0.00342	0.00268	0.00486	0.00518	0.00159	0.00673	0.03023	0.00143	0.02753	0.0431
0.01853	0.02925	0.00407	0.03126	0.07993	0.0066	0.00122	0.00394	0.00185	0.00169	0.01381	0.03729	0.00091	0.02381	0.02383
0.02352	0.02813	0.00457	0.03818	0.11009	0.00602	0.00135	0.0045	0.00193	0.00143	0.00521	0.0386	0.00125	0.03044	0.03077
0.02189	0.02585	0.00435	0.02109	0.06733	0.00631	0.00223	0.0041	0.00273	0.00172	0.00259	0.04666	0.00197	0.01252	0.02586
0.01775	0.02622	0.00425	0.02922	0.09271	0.00648	0.00329	0.00609	0.00261	0.00153	0.00329	0.04145	0.00177	0.02122	0.03384
0.02074	0.02213	0.00406	0.0387	0.08599	0.00764	0.00228	0.00533	0.00159	0.00151	0.00369	0.0426	0.00071	0.02778	0.03634
0.01917	0.03053	0.00401	0.02395	0.06178	0.00248	0.00185	0.00476	0.0019	0.00142	0.00234	0.03406	0.00077	0.01565	0.03123
0.02097	0.02466	0.00398	0.03882	0.09377	0.00409	0.00304	0.00327	0.00259	0.00146	0.00478	0.04658	0.00196	0.0311	0.0492
0.0237	0.03158	0.00451	0.03053	0.07628	0.00348	0.00325	0.00353	0.00324	0.00151	0.0047	0.04218	0.00096	0.02073	0.04011
0.02489	0.0344	0.00423	0.0325	0.084	0.00346	0.00297	0.00424	0.00362	0.00159	0.00552	0.03553	0.0007	0.02492	0.03728
0.02102	0.03063	0.00428	0.03886	0.10158	0.00713	0.0026	0.00568	0.00557	0.00149	0.00241	0.035	0.00093	0.02995	0.04712
0.01581	0.02525	0.00405	0.03482	0.09832	0.0094	0.00278	0.0072	0.00502	0.0015	0.00748	0.05346	0.00103	0.02877	0.03979
0.02138	0.02491	0.00398	0.04489	0.10032	0.00455	0.00504	0.0055	0.00511	0.00165	0.01239	0.03306	0.00146	0.03513	0.04516
0.02204	0.02773	0.0042	0.03217	0.08317	0.0026	0.00173	0.00445	0.00221	0.00148	0.00348	0.03501	0.00173	0.02301	0.03443
0.0217	0.02309	0.00428	0.01894	0.06456	0.00649	0.00282	0.00386	0.00209	0.00141	0.00481	0.04127	0.00068	0.01049	0.02789
0.02121	0.02746	0.00412	0.02636	0.08986	0.00756	0.00195	0.00548	0.00212	0.00137	0.00833	0.04672	0.00073	0.01835	0.0225
0.01871	0.0341	0.00417	0.0359	0.08452	0.01375	0.00405	0.0057	0.00276	0.00132	0.01142	0.043	0.00137	0.02748	0.04213
0.01718	0.02277	0.00387	0.02936	0.09302	0.01001	0.00511	0.00511	0.00237	0.00162	0.01498	0.04359	0.00127	0.02077	0.03474
0.02185	0.03201	0.00374	0.02442	0.0853	0.00931	0.00439	0.00707	0.00211	0.0015	0.01033	0.04918	0.00097	0.01827	0.02317
0.01789	0.02748	0.00408	0.03575	0.08242	0.01153	0.00964	0.00655	0.00289	0.00147	0.01655	0.03606	0.00132	0.02482	0.0407
0.02285	0.03709	0.00392	0.0336	0.0893	0.00928	0.00609	0.00647	0.00168	0.00148	0.01784	0.03395	0.00136	0.02379	0.03284
0.02044	0.02934	0.00423	0.04769	0.09629	0.00913	0.00369	0.00532	0.00198	0.00149	0.00674	0.04652	0.00131	0.03493	0.05854
0.02178	0.03058	0.00443	0.05061	0.11512	0.01204	0.00616	0.006	0.00164	0.0018	0.011	0.05925	0.00309	0.04233	0.04267
0.02743	0.03021	0.00372	0.04495	0.10786	0.00592	0.00306	0.00465	0.00108	0.0014	0.00613	0.03396	0.002	0.03555	0.03245
0.02157	0.03335	0.00396	0.03692	0.0926	0.00445	0.00127	0.00548	0.00257	0.0015	0.01141	0.03469	0.00094	0.02939	0.04155
0.02117	0.02719	0.00406	0.03537	0.08803	0.00694	0.00405	0.00527	0.00209	0.0016	0.00869	0.05112	0.00215	0.02787	0.03453
0.0209	0.02995	0.00396	0.0316	0.08982	0.00262	0.00215	0.00382	0.00196	0.0016	0.00439	0.04047	0.00137	0.02394	0.03355
0.01463	0.02677	0.00376	0.03047	0.07297	0.00416	0.00248	0.00579	0.00325	0.00153	0.01211	0.03864	0.00108	0.02058	0.03813
0.01685	0.03222	0.00381	0.03704	0.09228	0.00926	0.0059	0.00742	0.0034	0.00149	0.01184	0.05196	0.0015	0.03055	0.0342
0.01959	0.02487	0.00357	0.03301	0.08253	0.00835	0.005	0.00507	0.00258	0.00156	0.00451	0.05443	0.00129	0.02535	0.04567
0.01621	0.02699	0.00386	0.02735	0.08134	0.00578	0.00457	0.00601	0.00365	0.00132	0.00388	0.04153	0.00078	0.02125	0.03651
0.01904	0.02748	0.00399	0.03353	0.08113	0.00467	0.00223	0.00407	0.00306	0.00143	0.00933	0.0282	0.0016	0.02371	0.04151
0.01623	0.02866	0.00385	0.04773	0.11351	0.01377	0.00365	0.00654	0.001	0.00138	0.01035	0.04066	0.00214	0.03809	0.04623
0.0208	0.03866	0.0036	0.04111	0.10266	0.00938	0.00647	0.00787	0.00364	0.00174	0.0123	0.04344	0.00091	0.03411	0.0347
0.0247	0.03223	0.00382	0.0415	0.08515	0.00543	0.00494	0.00478	0.00164	0.00135	0.00416	0.04082	0.00136	0.03209	0.05316
0.02304	0.03353	0.00345	0.05023	0.09324	0.00715	0.00273	0.00498	0.00147	0.00135	0.00198	0.0543	0.00159	0.04025	0.05417
0.02041	0.02789	0.00394	0.04597	0.09241	0.00342	0.00236	0.00406	0.00153	0.00142	0.00345	0.03539	0.00106	0.03836	0.04657
0.0226	0.02717	0.00383	0.06237	0.10482	0.00628	0.00225	0.0038	0.00265	0.00131	0.00359	0.04132	0.00126	0.05248	0.06961
0.02415	0.02907	0.00373	0.04784	0.0935	0.00857	0.001	0.00388	0.00082	0.00129	0.00198	0.03792	0.0011	0.037	0.06404
0.02306	0.02364	0.00381	0.03088	0.07231	0.00208	0.00048	0.00303	0.00148	0.00146	0.00236	0.03656	0.0019	0.02359	0.03386
0.0219	0.02017	0.0039	0.03579	0.09023	0.00516	0.001	0.00435	0.0014	0.00151	0.00475	0.05184	0.00112	0.02812	0.02745
0.02049	0.02905	0.00384	0.03387	0.07963	0.00819	0.0038	0.00554	0.00192	0.00132	0.00365	0.04838	0.00074	0.02635	0.02973
0.02215	0.02888	0.0035	0.03575	0.09335	0.00622	0.00173	0.00512	0.0013	0.00156	0.00372	0.03883	0.00108	0.02757	0.02746
0.02056	0.03289	0.00373	0.0309	0.08437	0.00496	0.00205	0.0071	0.00227	0.00156	0.00388	0.03458	0.00204	0.025	0.02758
0.02735	0.03117	0.00385	0.03628	0.09505	0.00265	0.00095	0.00479	0.00127	0.00142	0.003	0.02648	0.00052	0.02813	0.03807
0.02613	0.03378	0.00371	0.03025	0.0855	0.00718	0.00239	0.00656	0.00317	0.00131	0.00453	0.04398	0.00114	0.02177	0.03426
0.02188	0.02676	0.00381	0.02855	0.079	0.00247	0.00129	0.00503	0.00166	0.00167	0.00605	0.0368	0.00094	0.01976	0.02598
0.02679	0.02899	0.00359	0.03413	0.0883	0.00215	0.00039	0.0041	0.0012	0.00142	0.00293	0.03697	0.00069	0.02596	0.04542
0.02473	0.02969	0.00359	0.03713	0.09295	0.00536	0.00279	0.00582	0.00196	0.00127	0.0048	0.04061	0.00256	0.02889	0.03262
0.02433	0.03274	0.00399	0.04326	0.11279	0.00844	0.00398	0.00474	0.00206	0.00162	0.00562	0.04962	0.0015	0.03428	0.03289
0.02766	0.04014	0.00348	0.02972	0.09388	0.00885	0.0035	0.00604	0.0024	0.00145	0.00665	0.05083	0.00114	0.01895	0.0395
0.0217	0.03058	0.00373	0.04101	0.10223	0.00724	0.00279	0.00558	0.00167	0.00121	0.00957	0.0486	0.0011	0.03227	0.03657
0.02618	0.03813	0.00317	0.03562	0.0918	0.00288	0.00277	0.00322	0.00295	0.00152	0.00253	0.03723	0.00116	0.02707	0.03679
0.02171	0.03615	0.00354	0.04533	0.11001	0.00411	0.00067	0.00532	0.00241	0.00188	0.00435	0.0318	0.00088	0.03515	0.04318
0.01917	0.03363	0.00331	0.0495	0.10322	0.00372	0.00065	0.00618	0.00105	0.00123	0.01059	0.04325	0.00127	0.03995	0.04841
0.02021	0.0335	0.00371	0.02901	0.07754	0.0059	0.00175	0.00523	0.00199	0.00141	0.01134	0.03346	0.00129	0.02318	0.03221
0.0246	0.03452	0.00348	0.04125	0.09643	0.00437	0.00066	0.00508	0.00187	0.00159	0.01079	0.03845	0.00089	0.03126	0.0423
0.01445	0.02065	0.00367	0.03344	0.08586	0.0068	0.00263	0.00515	0.00317	0.00118	0.00584	0.05249	0.00097	0.02408	0.03808
0.01989	0.02866	0.00343	0.04215	0.09774	0.00921	0.00259	0.0072	0.00172	0.00151	0.00492	0.05172	0.00069	0.03622	0.05231
0.02341	0.03286	0.00318	0.03951	0.08826	0.00423	0.00137	0.00588	0.00132	0.00139	0.00647	0.02949	0.00188	0.03155	0.03054
0.02341	0.02813	0.00345	0.03629	0.09616	0.00504	0.00095	0.00617	0.00155	0.00144	0.00607	0.04254	0.00113	0.02908	0.03495
0.02268	0.03127	0.0032	0.02782	0.08667	0.00534	0.00102	0.00508	0.00073	0.00154	0.00247	0.03186	0.00122	0.02236	0.02751
0.02528	0.03585	0.00351	0.02929	0.08048	0.00864	0.00338	0.00517	0.00157	0.00141	0.00298	0.03245	0.00095	0.02095	0.03023
0.02045	0.03013	0.00342	0.04235	0.09666	0.00508	0.00306	0.00533	0.00153	0.00149	0.00449	0.03436	0.00222	0.03583	0.03208
0.02393	0.02634	0.00365	0.03934	0.10929	0.00653	0.0029	0.00509	0.0012	0.00147	0.00268	0.03643	0.0017	0.03133	0.045
0.02153	0.02739	0.00358	0.03591	0.08545	0.0079	0.00235	0.00592	0.00126	0.00146	0.00617	0.03097	0.00158	0.02765	0.04554
0.02377	0.02835	0.00356	0.0349	0.07827	0.00719	0.00278	0.00557	0.00137	0.00151	0.00267	0.03043	0.00196	0.02873	0.04345
0.01791	0.02669	0.00311	0.02895	0.09198	0.00724	0.00318	0.00629	0.00149	0.00143	0.00676	0.04432	0.00117	0.02187	0.03287
0.02119	0.02864	0.0034	0.03288	0.09068	0.01194	0.00668	0.00573	0.00217	0.0015	0.00742	0.03974	0.00134	0.0274	0.02514
0.02351	0.03223	0.00334	0.03377	0.0987	0.00949	0.0037	0.00676	0.00216	0.00123	0.0163	0.02964	0.00157	0.02615	0.02942
0.01814	0.02311	0.00326	0.03729	0.08203	0.00592	0.00603	0.0066	0.00247	0.00127	0.00653	0.03914	0.00086	0.02881	0.0499
0.02092	0.02748	0.0035	0.04062	0.09238	0.00428	0.00384	0.00486	0.00241	0.00135	0.00862	0.03381	0.00085	0.0327	0.0334
0.02265	0.02306	0.00326	0.04035	0.09739	0.00519	0.00311	0.00425	0.00134	0.00127	0.00541	0.02993	0.00053	0.03254	0.04942
0.01798	0.02521	0.00356	0.03467	0.09565	0.00686	0.00313	0.00517	0.00352	0.00134	0.00488	0.04354	0.00093	0.02694	0.03025
0.02352	0.02647	0.00352	0.02887	0.08523	0.00537	0.00269	0.00416	0.00244	0.00106	0.00384	0.03774	0.00126	0.02209	0.029
0.02207	0.031	0.00333	0.02917	0.08707	0.00985	0.00486	0.00715	0.00134	0.00125	0.0084	0.04836	0.00114	0.02323	0.03216
0.02315	0.02668	0.00302	0.02579	0.08021	0.00759	0.00332	0.00569	0.0023	0.00135	0.00902	0.0325	0.0008	0.01866	0.0304
0.02069	0.0271	0.00324	0.02597	0.07201	0.00681	0.00261	0.00644	0.00206	0.00143	0.01237	0.04277	0.00107	0.01887	0.03473
0.02217	0.03092	0.00323	0.02775	0.06996	0.00352	0.00203	0.00502	0.00303	0.00147	0.00749	0.03804	0.00094	0.02099	0.03358
0.02467	0.03514	0.00303	0.02913	0.08982	0.00676	0.00388	0.00799	0.0025	0.00185	0.01502	0.03296	0.00232	0.02327	0.02615
0.02075	0.02715	0.00315	0.04218	0.0944	0.01228	0.00756	0.00809	0.00169	0.00154	0.00934	0.05027	0.00114	0.03344	0.04732
0.02054	0.02757	0.00335	0.04499	0.09899	0.00824	0.00305	0.00603	0.00191	0.00122	0.00548	0.0372	0.00087	0.0359	0.05623
0.01862	0.0238	0.0032	0.03411	0.07872	0.00329	0.00048	0.00459	0.00063	0.00131	0.00388	0.02803	0.00143	0.02672	0.038
0.02482	0.03011	0.00302	0.0645	0.11669	0.00546	0.00189	0.00515	0.00066	0.00115	0.00476	0.02909	0.00159	0.05856	0.05274
0.02435	0.03097	0.00327	0.06728	0.11961	0.00668	0.00452	0.00556	0.0013	0.00145	0.00223	0.03626	0.0015	0.05619	0.07183
0.01721	0.02762	0.00321	0.0335	0.09007	0.00474	0.00154	0.00765	0.00186	0.00141	0.00945	0.03753	0.00095	0.02627	0.03871
0.02011	0.02989	0.00344	0.03504	0.08625	0.00612	0.00178	0.00629	0.00109	0.00124	0.0059	0.03146	0.00055	0.02709	0.02992
0.02425	0.03291	0.00332	0.0368	0.08893	0.00361	0.00115	0.00533	0.00181	0.00127	0.01307	0.03622	0.00263	0.02864	0.04135
0.02177	0.03206	0.00326	0.04132	0.09969	0.00692	0.00397	0.00509	0.00166	0.00122	0.01086	0.03831	0.00219	0.03253	0.03855
0.02307	0.03418	0.00303	0.03448	0.08847	0.0066	0.00473	0.00724	0.00421	0.00101	0.02213	0.04363	0.00103	0.02557	0.04851
0.02213	0.02865	0.00325	0.03415	0.08131	0.00767	0.00271	0.00547	0.0026	0.0015	0.00653	0.03921	0.00079	0.02447	0.04593
0.02516	0.03386	0.00315	0.02275	0.07021	0.00427	0.00104	0.00472	0.00146	0.001	0.00265	0.04189	0.00122	0.0165	0.0249
0.02244	0.02714	0.0032	0.04082	0.10037	0.00334	0.00123	0.00325	0.00144	0.00124	0.00617	0.03483	0.00181	0.03361	0.05217
0.01899	0.03329	0.00294	0.02862	0.08411	0.00333	0.00106	0.00612	0.00159	0.00124	0.00925	0.034	0.00155	0.01889	0.03017
0.0234	0.03706	0.00266	0.03417	0.08332	0.00381	0.00089	0.00556	0.00301	0.00106	0.0059	0.03456	0.00087	0.02678	0.04211
0.02342	0.03015	0.00331	0.05186	0.11992	0.00484	0.00354	0.00437	0.00268	0.00112	0.00203	0.05495	0.00175	0.04307	0.03849
0.02264	0.02919	0.00318	0.03702	0.10168	0.00772	0.00314	0.00588	0.00173	0.0014	0.00669	0.05614	0.00164	0.02816	0.0473
0.02447	0.02776	0.00317	0.03065	0.08231	0.01251	0.00509	0.00589	0.00129	0.00131	0.00457	0.04283	0.00156	0.02277	0.03309
0.01973	0.02944	0.00302	0.03543	0.09286	0.00437	0.00303	0.00468	0.00157	0.00151	0.01194	0.03302	0.0017	0.02589	0.03243
0.02351	0.0326	0.00286	0.0361	0.10633	0.00761	0.00518	0.00654	0.00203	0.00141	0.00331	0.04245	0.0013	0.02887	0.03261
0.02188	0.03056	0.00285	0.03534	0.09621	0.00958	0.00488	0.00586	0.00145	0.00116	0.0033	0.03467	0.0011	0.02887	0.03023
0.02231	0.03448	0.00304	0.02761	0.0705	0.00648	0.00176	0.00696	0.00295	0.00119	0.00469	0.03768	0.00103	0.01913	0.02902
0.02118	0.02652	0.00337	0.03557	0.083	0.00337	0.00144	0.00401	0.00178	0.00135	0.00161	0.02312	0.00062	0.02642	0.03929
0.01868	0.02882	0.00326	0.03011	0.06723	0.00745	0.00413	0.00694	0.00224	0.0014	0.00524	0.03218	0.00135	0.02272	0.03391
0.02072	0.03153	0.00287	0.03364	0.07503	0.00378	0.00103	0.00553	0.00294	0.0013	0.00437	0.03402	0.00106	0.02307	0.04471
0.01795	0.03273	0.00291	0.03196	0.07956	0.00211	0.00186	0.00455	0.00358	0.00138	0.00294	0.02835	0.00115	0.02414	0.03844
0.02162	0.03404	0.00341	0.04489	0.09922	0.00395	0.00519	0.00492	0.00423	0.00142	0.0071	0.032	0.00065	0.03677	0.05181
0.01831	0.03035	0.00305	0.04043	0.08879	0.0033	0.00286	0.00571	0.00213	0.00123	0.00442	0.0321	0.00087	0.03166	0.05106
0.02092	0.03075	0.00274	0.03038	0.07881	0.0024	0.00219	0.00487	0.00192	0.00124	0.00345	0.03027	0.00143	0.02513	0.03807
0.0199	0.03122	0.00292	0.04131	0.08467	0.00197	0.0007	0.00421	0.00132	0.00124	0.00527	0.02288	0.00183	0.03251	0.04358
0.01786	0.03012	0.00339	0.03343	0.08174	0.00733	0.00387	0.0073	0.00201	0.00111	0.00989	0.03763	0.00096	0.0256	0.03996
0.01769	0.03142	0.00303	0.02815	0.06688	0.00408	0.001	0.00608	0.00105	0.0014	0.00917	0.02975	0.00063	0.01826	0.03812
0.01643	0.03034	0.00297	0.04393	0.09739	0.00402	0.00206	0.00432	0.00261	0.00153	0.00768	0.04206	0.00144	0.03823	0.0395
0.01939	0.03167	0.0032	0.03151	0.07391	0.0064	0.00207	0.00651	0.00128	0.00136	0.00734	0.03924	0.00081	0.02455	0.0428
0.02174	0.02934	0.00319	0.05198	0.10792	0.00478	0.00107	0.00458	0.00134	0.00111	0.0074	0.03335	0.00097	0.04452	0.0646
0.02132	0.03142	0.00285	0.04018	0.07796	0.0032	0.00106	0.00527	0.00218	0.00131	0.01214	0.02552	0.00078	0.03022	0.05219
0.02182	0.03116	0.00269	0.03271	0.09239	0.00254	0.00127	0.00485	0.00305	0.00139	0.00954	0.03425	0.00124	0.02499	0.03005
0.02046	0.0267	0.00295	0.04031	0.10394	0.00649	0.00297	0.00618	0.00251	0.00118	0.00812	0.04746	0.00094	0.03142	0.04705
0.02691	0.02982	0.00302	0.03984	0.09866	0.00501	0.0024	0.00425	0.00233	0.00142	0.00658	0.04476	0.00144	0.03249	0.03834
0.02488	0.03166	0.00296	0.03279	0.0919	0.00166	0.0011	0.00359	0.0018	0.00137	0.00661	0.02848	0.00146	0.02707	0.03349
0.02241	0.03031	0.00269	0.02327	0.08215	0.00203	0.00066	0.00375	0.00216	0.00116	0.00607	0.03329	0.00071	0.01624	0.03194
0.02179	0.02842	0.00326	0.03668	0.09175	0.00214	0.00053	0.00459	0.00169	0.00149	0.00316	0.03541	0.00212	0.03076	0.0303
0.02255	0.03164	0.00288	0.04984	0.10974	0.0053	0.00204	0.00466	0.00241	0.00143	0.00627	0.04895	0.00221	0.04392	0.04618
0.02397	0.03164	0.00345	0.04004	0.10663	0.00468	0.00207	0.00583	0.00245	0.00135	0.00619	0.04793	0.00122	0.03283	0.03829
0.02398	0.03151	0.00275	0.0337	0.07997	0.00265	0.00131	0.00464	0.00166	0.00148	0.00242	0.04123	0.00121	0.02643	0.05558
0.02291	0.02677	0.00272	0.03637	0.10746	0.00417	0.00336	0.00392	0.00258	0.00115	0.00518	0.04325	0.00185	0.03255	0.02317
0.02028	0.02615	0.00282	0.02484	0.08656	0.00669	0.00383	0.0053	0.00219	0.00121	0.0055	0.05348	0.00184	0.02022	0.03631
0.02097	0.0268	0.00292	0.05223	0.12688	0.00333	0.00195	0.00543	0.00153	0.00097	0.00684	0.0473	0.00176	0.04462	0.04895
0.01772	0.02465	0.00289	0.03831	0.09757	0.00436	0.00216	0.00493	0.00213	0.00097	0.00905	0.03752	0.00231	0.03185	0.0348
0.02463	0.03325	0.00263	0.05035	0.1177	0.00352	0.00181	0.00403	0.00112	0.00115	0.00621	0.04532	0.00161	0.04501	0.03375
0.02293	0.02645	0.00272	0.04776	0.10507	0.00353	0.00231	0.00356	0.00159	0.00099	0.00354	0.02865	0.00246	0.04052	0.03168
0.02279	0.0283	0.00265	0.0537	0.11506	0.00428	0.00416	0.00433	0.00249	0.00127	0.00596	0.0463	0.00221	0.04624	0.04055
0.02246	0.0253	0.00289	0.03312	0.08792	0.00377	0.00287	0.00444	0.00299	0.00125	0.00367	0.04912	0.00128	0.02615	0.02744
0.03293	0.02724	0.00266	0.02494	0.07003	0.00363	0.00294	0.00446	0.0023	0.00132	0.0024	0.03575	0.00097	0.01681	0.03464
0.0265	0.02697	0.0026	0.02332	0.07265	0.00441	0.00305	0.00345	0.00185	0.00121	0.00303	0.03339	0.00123	0.01614	0.03072
0.02492	0.03151	0.00293	0.02795	0.07638	0.00397	0.0019	0.00431	0.0018	0.00109	0.00336	0.03273	0.00101	0.02143	0.03454
0.02222	0.02373	0.0025	0.02893	0.07293	0.00356	0.00245	0.00448	0.00169	0.00144	0.00339	0.0308	0.00095	0.0227	0.03655
0.02364	0.02602	0.00248	0.05455	0.10011	0.00418	0.00161	0.00438	0.0021	0.00127	0.0035	0.0284	0.0016	0.04673	0.04582
0.02392	0.0323	0.00267	0.04359	0.0968	0.00516	0.00469	0.00674	0.00269	0.00117	0.00637	0.04476	0.00114	0.03663	0.04506
0.02518	0.0298	0.00267	0.0244	0.06557	0.00391	0.00194	0.0046	0.00289	0.00113	0.00269	0.02986	0.00133	0.01494	0.03249
0.02363	0.02934	0.00262	0.03937	0.08236	0.00611	0.00369	0.0055	0.00275	0.00114	0.00592	0.02886	0.00113	0.03227	0.03627
0.02718	0.03024	0.00295	0.02711	0.06801	0.00951	0.00589	0.00457	0.0015	0.00118	0.00318	0.03525	0.00098	0.0215	0.03433
0.02514	0.03374	0.00279	0.02289	0.07219	0.00302	0.0013	0.00459	0.00183	0.00129	0.00421	0.02725	0.00079	0.01556	0.02638
0.02446	0.0294	0.00244	0.02973	0.08482	0.0038	0.00196	0.00591	0.00174	0.00133	0.00328	0.03339	0.00135	0.02066	0.03443
0.0236	0.03069	0.00283	0.03112	0.0798	0.00583	0.00414	0.00608	0.00328	0.00111	0.00799	0.02514	0.00173	0.02252	0.03682
0.02324	0.02689	0.0028	0.01708	0.0704	0.00571	0.00236	0.00503	0.00259	0.00098	0.00362	0.03796	0.00125	0.00896	0.02084
0.02397	0.02915	0.00284	0.02784	0.07984	0.00488	0.00507	0.00474	0.00238	0.00116	0.00575	0.0318	0.00096	0.01989	0.03262
0.02562	0.03854	0.00259	0.03002	0.06657	0.00494	0.0038	0.0066	0.00255	0.00143	0.00672	0.02547	0.0013	0.02426	0.03823
0.02194	0.0342	0.00256	0.03273	0.0807	0.00594	0.0054	0.00603	0.0019	0.00119	0.00558	0.02448	0.00106	0.02636	0.03598
0.01689	0.02988	0.00226	0.03114	0.08481	0.01021	0.00659	0.00732	0.00249	0.00113	0.00307	0.03637	0.00118	0.02437	0.03483
0.02463	0.03182	0.00277	0.03746	0.08461	0.00811	0.00399	0.00545	0.00295	0.00114	0.00616	0.03644	0.00222	0.03033	0.03726
0.02488	0.0309	0.00275	0.03011	0.07923	0.007	0.00275	0.00526	0.00151	0.00111	0.00304	0.03569	0.00105	0.02219	0.03689
0.02293	0.02932	0.00242	0.03561	0.08861	0.00724	0.00339	0.00605	0.00237	0.00123	0.0012	0.03915	0.00104	0.03029	0.03605
0.02167	0.03199	0.00249	0.03638	0.09878	0.01084	0.00516	0.00577	0.00155	0.00109	0.00501	0.03233	0.00131	0.03154	0.02355
0.02233	0.02987	0.00265	0.03607	0.07755	0.00604	0.00342	0.00398	0.00171	0.00148	0.00387	0.03486	0.00167	0.02936	0.02826
0.01918	0.02894	0.00268	0.03889	0.09522	0.00338	0.00142	0.00382	0.00124	0.00122	0.00558	0.02745	0.00073	0.03165	0.03992
0.02132	0.03044	0.00235	0.03028	0.07813	0.00282	0.00153	0.00367	0.00214	0.00132	0.00205	0.03375	0.00135	0.02554	0.03242
0.02055	0.03472	0.00255	0.02777	0.08326	0.00651	0.00246	0.00569	0.00196	0.00098	0.00375	0.03526	0.00127	0.02164	0.03035
0.01737	0.02417	0.00278	0.02863	0.07657	0.00316	0.00118	0.00447	0.00136	0.0014	0.00154	0.03212	0.00131	0.02436	0.02016
0.01867	0.02711	0.00264	0.03383	0.07805	0.00587	0.00272	0.00517	0.00248	0.00119	0.00323	0.03776	0.00051	0.02566	0.04713
0.01885	0.02661	0.00283	0.03714	0.09098	0.00577	0.00247	0.0044	0.00181	0.00124	0.00623	0.0374	0.00179	0.03038	0.04216
0.02029	0.02876	0.00261	0.03174	0.08918	0.00389	0.00167	0.00484	0.00175	0.00112	0.0033	0.03466	0.00226	0.02681	0.03107
0.02078	0.02709	0.00226	0.03015	0.08102	0.0024	0.00343	0.00454	0.00173	0.00123	0.00296	0.0283	0.00159	0.02419	0.03003
0.02249	0.02947	0.0027	0.01832	0.05844	0.00422	0.00302	0.00325	0.00122	0.00135	0.0017	0.03196	0.00187	0.01227	0.02717
0.02187	0.03128	0.00264	0.03733	0.08081	0.00577	0.00334	0.00443	0.00289	0.00133	0.0058	0.0312	0.00086	0.02951	0.04961
0.02507	0.03633	0.00256	0.02118	0.07569	0.00432	0.00309	0.00511	0.00289	0.00121	0.00422	0.03962	0.00049	0.0144	0.02934
0.02495	0.03737	0.00236	0.03653	0.09579	0.00618	0.00252	0.00483	0.00157	0.00112	0.00582	0.02913	0.00159	0.03078	0.03601
0.01702	0.02877	0.0027	0.03334	0.08145	0.00607	0.00337	0.00473	0.00141	0.00122	0.00522	0.0459	0.0007	0.02569	0.046
0.02279	0.03257	0.00255	0.0308	0.09387	0.00328	0.00165	0.0037	0.00121	0.00135	0.0084	0.03938	0.00159	0.02484	0.03533
0.02777	0.03465	0.00245	0.03352	0.08718	0.00319	0.00184	0.00533	0.00278	0.00147	0.00323	0.03428	0.0005	0.02785	0.04425
0.01848	0.02167	0.00232	0.02482	0.0714	0.00306	0.00124	0.00363	0.00118	0.00124	0.00499	0.02819	0.00116	0.01811	0.02922
0.01942	0.02893	0.00235	0.04085	0.09556	0.00177	0.00118	0.00368	0.00114	0.00109	0.00134	0.03323	0.00116	0.03342	0.05878
0.02157	0.02294	0.00274	0.03918	0.1143	0.00666	0.00069	0.00454	0.00178	0.00096	0.00277	0.04385	0.00177	0.03169	0.03456
0.02366	0.02447	0.00257	0.02644	0.0836	0.00528	0.00089	0.00448	0.00179	0.00115	0.00227	0.03358	0.00074	0.01699	0.02914
0.02834	0.03184	0.0025	0.02897	0.07339	0.00443	0.00115	0.00411	0.00223	0.00109	0.00477	0.03739	0.0015	0.02157	0.03306
0.0203	0.02767	0.00251	0.05162	0.11182	0.00606	0.00194	0.00514	0.00225	0.00134	0.00932	0.03562	0.00172	0.04599	0.02799
0.02332	0.03191	0.00225	0.03514	0.09003	0.00483	0.00223	0.00474	0.00397	0.00143	0.00791	0.04842	0.00173	0.02761	0.03482
0.02318	0.02798	0.00243	0.02738	0.07938	0.00495	0.00252	0.00578	0.00224	0.00137	0.00219	0.03963	0.00086	0.01921	0.03281
0.02335	0.02681	0.00266	0.04353	0.097	0.00431	0.00136	0.00442	0.00093	0.00116	0.00159	0.03086	0.00171	0.03599	0.03797
0.02132	0.02862	0.00258	0.03396	0.09122	0.00306	0.00083	0.00444	0.0027	0.00105	0.00218	0.03079	0.00128	0.02714	0.03553
0.02264	0.0301	0.00224	0.02787	0.06629	0.0045	0.00108	0.00459	0.00157	0.00121	0.00383	0.02935	0.00102	0.01779	0.03473
0.01993	0.03084	0.00228	0.02555	0.07966	0.00388	0.00112	0.00429	0.00311	0.00116	0.00487	0.03581	0.00104	0.01949	0.02929
0.0221	0.02422	0.00243	0.03194	0.08459	0.00285	0.00072	0.00442	0.00158	0.00144	0.00396	0.03541	0.00053	0.02365	0.03505
0.01812	0.02359	0.00242	0.03567	0.08504	0.00348	0.00089	0.00464	0.00182	0.00123	0.00586	0.03689	0.0011	0.02662	0.04606
0.01808	0.02627	0.00254	0.02103	0.07136	0.00439	0.00091	0.0051	0.00088	0.00087	0.00337	0.0366	0.001	0.01341	0.02876
0.01744	0.02395	0.00262	0.02458	0.07757	0.00305	0.00036	0.0041	0.00076	0.00106	0.00211	0.03411	0.00178	0.01647	0.0347
0.02047	0.02705	0.00291	0.02361	0.08183	0.00248	0.00086	0.00471	0.00307	0.00153	0.00796	0.02978	0.00075	0.01649	0.02999
0.01787	0.02757	0.00248	0.04641	0.10469	0.00449	0.00242	0.00484	0.0026	0.00145	0.00644	0.05044	0.00149	0.03785	0.03194
0.02119	0.02328	0.00202	0.04186	0.104	0.00207	0.0008	0.00358	0.00154	0.00108	0.00259	0.04879	0.0007	0.03355	0.04797
0.02054	0.02574	0.00255	0.03384	0.09119	0.0031	0.00206	0.0043	0.00228	0.0015	0.00882	0.03464	0.00095	0.02673	0.03654
