1	9.976903472222222	8.80195625
2	6.308304861111111	6.85654140625
3	4.454626041666667	5.448712109375
4	2.7598598958333334	3.926721875
5	1.387520138888889	2.964133203125
6	0.5035058159722222	2.2855287109375
7	-0.24739932725694444	1.8173599609375
8	-0.7208691840277778	1.693185546875
9	-0.8209394965277778	1.60682958984375
10	-0.8170623263888889	1.6655849609375
11	-1.0970022569444444	1.55987392578125
12	-1.3570896701388888	1.3684216796875
13	-1.4401253472222222	1.3828755859375
14	-1.3573909722222222	1.41114072265625
15	-1.5068616319444443	1.1748943359375
16	-1.5734835069444444	1.14197451171875
17	-1.5445776041666666	1.6167072265625
18	-1.2040983506944445	1.198264453125
19	-1.7063208333333333	1.092409765625
20	-1.8998586805555555	1.011523046875
21	-1.928153125	1.07211083984375
22	-1.86295	1.03870712890625
23	-1.9259368055555555	1.2333607421875
24	-1.9207567708333333	1.07435146484375
25	-2.142621701388889	0.900391015625
26	-2.1120880208333332	0.93622275390625
27	-2.2559850694444443	1.07933046875
28	-2.3274569444444446	0.8611353515625
29	-2.4631402777777778	0.8306505859375
30	-2.5704008680555557	0.50421162109375
31	-2.6427895833333332	0.7785890625
32	-2.5059958333333334	0.90546640625
33	-2.5418019097222224	0.77870673828125
34	-2.654817361111111	0.769652734375
35	-2.603946875	0.65391005859375
36	-2.7069756944444445	0.719355859375
37	-2.588966666666667	0.8919974609375
38	-2.656777951388889	0.6354658203125
39	-2.8218899305555554	0.7188369140625
40	-2.74494375	0.6202373046875
41	-2.785363541666667	0.539548046875
42	-2.6776244791666666	0.80251796875
43	-2.815392361111111	0.67076416015625
44	-2.862710416666667	0.593770703125
45	-2.9991836805555554	0.5832787109375
46	-3.0465493055555557	0.693487109375
47	-3.108547222222222	0.59868134765625
48	-3.064896875	0.52720302734375
49	-3.108544097222222	0.5898787109375
50	-3.1617770833333334	0.601439453125
51	-3.150786111111111	0.5718775390625
52	-3.1143961805555556	0.75334140625
53	-3.0202319444444443	0.6940046875
54	-3.2457524305555556	0.7927904296875
55	-3.0463930555555554	0.58550888671875
56	-3.106146875	0.6474318359375
57	-3.065451388888889	0.74267890625
58	-3.0105979166666668	0.84692119140625
59	-3.1234631944444446	0.485159765625
60	-3.289890277777778	0.718302734375
61	-3.272932986111111	0.52463974609375
62	-3.4396458333333335	0.3116228515625
63	-3.5435256944444444	0.344328515625
64	-3.5399777777777777	0.30161875
65	-3.5715618055555556	0.4893845703125
66	-3.4094868055555554	0.63862470703125
67	-3.4250631944444443	0.56168583984375
68	-3.1366145833333334	0.83007734375
69	-3.13354375	0.5309671875
70	-3.4370069444444447	0.4281009765625
71	-3.4174625	0.79587568359375
72	-2.2710805555555558	1.5212712890625
73	-2.3173157986111113	0.921175390625
74	-3.1422555555555554	0.576278515625
75	-3.5287534722222222	0.4148419921875
76	-3.756740972222222	0.1857427734375
77	-3.778088888888889	0.4127541015625
78	-3.765320138888889	0.27844140625
79	-3.813376736111111	0.3897525390625
80	-3.681297916666667	0.69768134765625
81	-3.3638274305555558	0.355628515625
82	-3.4942055555555553	0.4811921875
83	-3.7912423611111112	0.4808646484375
84	-3.834790972222222	0.542669140625
85	-3.973411111111111	0.3978978515625
86	-3.98020625	0.124762890625
87	-4.125165625	0.2343779296875
88	-4.102478125	0.34129384765625
89	-4.075253125	0.387650390625
90	-4.048672916666667	0.34869052734375
91	-4.006168055555555	0.270790625
92	-4.044874305555555	0.390332421875
93	-3.8610069444444446	0.3720658203125
94	-3.8896364583333334	0.462688671875
95	-4.087129861111111	0.39766455078125
96	-4.178776388888889	0.3446068359375
97	-4.238878125	0.2071025390625
98	-4.151790277777778	0.1746447265625
99	-4.119844791666667	0.39728662109375
100	-4.186728819444444	0.1803345703125
101	-4.237963194444444	0.261275390625
102	-4.1621875	0.055153125
103	-4.2305930555555555	0.1488669921875
104	-4.360260763888889	0.2031515625
105	-4.292214930555556	0.3164953125
106	-4.170763888888889	0.270948828125
107	-4.354448611111111	0.11714296875
108	-4.541264930555555	0.00769296875
109	-4.498528819444444	0.1547017578125
110	-4.535728125	-0.1117072265625
111	-4.603331944444444	0.06655703125
112	-4.541536111111111	-0.0608703125
113	-4.571652777777778	0.1436708984375
114	-4.621079166666667	-0.00128984375
115	-4.637763541666667	0.14408828125
116	-4.6484041666666664	0.0626224609375
117	-4.536970138888889	-0.018859765625
118	-4.715375347222222	0.0360470703125
119	-4.788614236111111	-0.0525662109375
120	-4.813455555555556	0.16476875
121	-4.740711805555556	0.137953515625
122	-4.672435416666667	0.0296609375
123	-4.57141875	0.46524619140625
124	-4.381058333333334	0.1902658203125
125	-4.543126388888889	0.103515234375
126	-4.525044791666667	0.468773046875
127	-4.443121875	-0.0285263671875
128	-4.772453125	0.1760296875
129	-4.7860652777777775	-0.258937890625
130	-4.878458680555555	-0.0012021484375
131	-5.0016541666666665	-0.015002734375
132	-4.984425	0.008795703125
133	-5.11191875	-0.093838671875
134	-5.087321527777778	0.040678125
135	-5.072533333333333	-0.0051580078125
136	-5.039021527777778	-0.03145234375
137	-5.0653475694444445	0.12419140625
138	-4.929459027777778	-0.02714140625
139	-4.873819444444444	0.0203796875
140	-5.075858333333334	0.050311328125
141	-5.112082291666667	-0.1036234375
142	-4.947277430555555	0.204209765625
143	-4.905636111111111	-0.0776900390625
144	-5.173521875	-0.1545296875
145	-5.195059722222222	-0.037394140625
146	-5.283755902777778	-0.241816796875
147	-5.209485416666666	0.1564541015625
148	-5.159899652777778	-0.1639318359375
149	-5.1535472222222225	-0.1989125
150	-5.235665625	-0.03967265625
151	-5.348858680555556	-0.2039845703125
152	-5.371336458333333	-0.20226796875
153	-5.266920833333334	-0.0046748046875
154	-5.31286875	-0.2509919921875
155	-5.432827430555555	-0.257358203125
156	-5.542581597222222	-0.293311328125
157	-5.587651388888889	-0.41537734375
158	-5.632306944444444	-0.1975537109375
159	-5.618838541666666	-0.2523935546875
160	-5.475789583333333	-0.2705755859375
161	-5.642923958333333	-0.365510546875
162	-5.8055916666666665	-0.469486328125
163	-5.694944791666667	-0.0657154296875
164	-5.743028472222222	0.0131947265625
165	-5.644452430555556	-0.221607421875
166	-5.757063888888889	-0.2444673828125
167	-5.737357291666667	-0.301346875
168	-5.771313888888889	-0.360320703125
169	-5.852839583333333	-0.382809765625
170	-5.615135416666667	0.0316474609375
171	-5.500031944444444	-0.4001330078125
172	-5.751507291666667	-0.2209412109375
173	-5.862070833333333	-0.3701900390625
174	-5.87819375	-0.5027708984375
175	-5.877986111111111	-0.4698587890625
176	-5.937475	-0.3120962890625
177	-6.037222916666667	-0.61012265625
178	-6.023938888888889	-0.452291796875
179	-5.997514583333333	-0.599524609375
180	-6.097646527777778	-0.5974029296875
181	-6.241352083333333	-0.723275390625
182	-6.155473611111111	-0.5221744140625
183	-6.120163194444444	-0.642673828125
184	-6.278454861111111	-0.528780859375
185	-6.180502777777778	-0.645749609375
186	-6.294945833333333	-0.6064005859375
187	-6.267981944444444	-0.5258779296875
188	-6.216660416666667	-0.58873203125
189	-6.281027083333333	-0.54377890625
190	-6.283475694444444	-0.5388216796875
191	-6.1385097222222225	-0.4038333984375
192	-6.068052777777778	-0.4571544921875
193	-6.257980555555555	-0.498984765625
194	-6.311074305555556	-0.551118359375
195	-6.4272381944444446	-0.5813353515625
196	-6.4225965277777775	-0.458490625
197	-6.356673611111111	-0.6238453125
198	-6.328663194444444	-0.729955859375
199	-6.481419444444445	-0.5492728515625
200	-6.509349305555555	-0.85365703125
201	-6.601260416666666	-0.68384296875
202	-6.546873611111111	-0.3737177734375
203	-6.526121527777778	-0.6329056640625
204	-6.482550694444445	-0.5464779296875
205	-6.52279375	-0.602553515625
206	-6.715959027777778	-0.71258046875
207	-6.7965076388888885	-0.713294921875
208	-6.9047583333333336	-0.891541015625
209	-6.644724305555555	-0.953803515625
210	-6.763663888888889	-0.720764453125
211	-6.660353472222222	-0.722744921875
212	-6.711702083333333	-0.776228125
213	-6.776047916666666	-0.6062533203125
214	-6.75355	-0.701299609375
215	-6.854265972222223	-0.85244140625
216	-6.933928472222222	-1.084386328125
217	-7.087849305555555	-0.8427935546875
218	-7.127829166666666	-0.969200390625
219	-7.002904861111111	-1.029973046875
220	-6.875829166666667	-0.80220234375
221	-7.108865277777777	-0.82173984375
222	-7.1658027777777775	-1.01242109375
223	-7.083575	-0.4169552734375
224	-6.124654166666667	-0.4743310546875
225	-6.5999625	-0.776619921875
226	-6.970719444444445	-0.6179494140625
227	-7.044465277777777	-0.965281640625
228	-7.206411805555556	-1.0300876953125
229	-7.183941666666667	-0.9980251953125
230	-7.343710416666666	-1.1560060546875
231	-7.358277083333333	-1.028866796875
232	-7.286163888888889	-0.847635546875
233	-7.383790277777778	-1.08655859375
234	-7.342795138888889	-0.997624609375
235	-7.38198125	-1.0570173828125
236	-7.479292361111111	-1.073362890625
237	-7.426475	-0.78606640625
238	-7.513938194444444	-0.897998828125
239	-7.493617361111111	-0.9567078125
240	-7.459242361111111	-0.8663568359375
241	-7.505177777777778	-0.8970279296875
242	-7.455070138888889	-1.062702734375
243	-7.529730555555555	-0.891830859375
244	-7.52015625	-1.0943734375
245	-7.518338888888889	-1.0676796875
246	-7.535139583333334	-0.74564296875
247	-7.459557638888889	-0.8055228515625
248	-7.488514583333333	-0.6483251953125
249	-7.417314583333333	-1.082594140625
250	-7.455980555555556	-1.1117361328125
251	-7.580019444444445	-1.085671484375
252	-7.757211111111111	-1.1760724609375
253	-7.833272916666667	-1.45244453125
254	-7.885397222222222	-1.3048359375
255	-7.780109027777778	-1.4159814453125
256	-7.876682638888889	-1.2302408203125
257	-7.891269444444444	-1.2987728515625
258	-7.8904555555555556	-1.0805431640625
259	-8.006770833333333	-1.177382421875
260	-8.025171527777777	-1.458651171875
261	-7.9895659722222225	-1.4128916015625
262	-8.014683333333334	-1.59496640625
263	-8.097916666666666	-1.436537109375
264	-8.18350486111111	-1.3586646484375
265	-8.077510416666666	-1.4020359375
266	-8.113139583333334	-1.2156734375
267	-8.220755555555556	-1.3474861328125
268	-8.27705	-1.39649765625
269	-8.35601875	-1.31404921875
270	-8.36752361111111	-1.64141640625
271	-8.39935	-1.28636953125
272	-8.370297222222222	-1.6155287109375
273	-8.373077777777779	-1.5170396484375
274	-8.408297222222222	-1.614227734375
275	-8.53090763888889	-1.43001796875
276	-8.505400694444445	-1.52171875
277	-8.53383125	-1.465755078125
278	-8.568954166666666	-1.5693787109375
279	-8.6436875	-1.5936234375
280	-8.643870833333333	-1.564358984375
281	-8.673716666666667	-1.499428515625
282	-8.709127777777777	-1.7416294921875
283	-8.7428875	-1.3079421875
284	-8.676521527777778	-1.547314453125
285	-8.70038263888889	-1.507898828125
286	-8.651291666666667	-1.59596875
287	-8.7903375	-1.7424244140625
288	-8.860159027777778	-1.922348828125
289	-8.776695138888888	-1.569859765625
290	-8.77628611111111	-1.742901171875
291	-8.882211805555556	-1.503585546875
292	-8.988743055555556	-1.8074716796875
293	-9.059684722222222	-1.761930859375
294	-9.066852777777777	-1.772266015625
295	-9.05519236111111	-1.6906267578125
296	-9.084635416666666	-1.84847734375
297	-9.090697916666667	-1.879174609375
298	-9.130335416666666	-1.820813671875
299	-9.014738194444444	-1.722817578125
300	-9.008993055555555	-1.7411498046875
301	-9.087634027777778	-1.746033984375
302	-9.099686805555555	-1.839091015625
303	-9.199748611111112	-1.910069921875
304	-9.274825694444445	-1.971093359375
305	-9.271201388888889	-1.9322521484375
306	-9.261260416666667	-1.7337642578125
307	-9.237783333333333	-1.88530546875
308	-9.261177777777778	-2.05264140625
309	-9.327476388888888	-1.986580859375
310	-9.415061805555556	-1.927192578125
311	-9.409849305555555	-1.9727669921875
312	-9.478554166666667	-1.95881796875
313	-9.519370138888888	-2.09695
314	-9.563022222222223	-1.98880625
315	-9.507132638888889	-1.81922890625
316	-9.550705555555556	-2.3521765625
317	-9.617558333333333	-1.9687603515625
318	-9.58605625	-2.0446458984375
319	-9.618758333333334	-2.073521484375
320	-9.693131944444444	-2.0670890625
321	-9.615615972222223	-2.1673146484375
322	-9.688357638888888	-2.169937109375
323	-9.698611805555556	-2.1473525390625
324	-9.743775	-2.122562109375
325	-9.81009375	-2.020844140625
326	-9.75986875	-2.071092578125
327	-9.608965972222222	-1.792803125
328	-9.545974305555555	-1.9227640625
329	-9.684690277777777	-2.048586328125
330	-9.849497222222222	-2.0839
331	-9.900641666666667	-2.152403125
332	-10.031679166666667	-2.187416796875
333	-10.009971527777777	-2.37649765625
334	-9.954838888888888	-2.227704296875
335	-9.884274305555556	-2.159176953125
336	-10.032544444444444	-2.5430375
337	-10.069294444444445	-2.1620515625
338	-10.098278472222223	-2.23051171875
339	-10.105647222222222	-2.303503515625
340	-10.116574305555556	-2.19632734375
341	-10.177590277777778	-2.2918439453125
342	-10.261369444444444	-2.3900306640625
343	-10.3289	-2.56217109375
344	-10.31169375	-2.36457578125
345	-10.34726388888889	-2.608375
346	-10.304265277777779	-2.3802421875
347	-10.259202777777778	-2.562665234375
348	-10.360536111111111	-2.4782560546875
349	-10.435643055555555	-2.2885662109375
350	-10.388078472222222	-2.3904140625
351	-10.437896527777777	-2.418284765625
352	-10.462121527777779	-2.421939453125
353	-10.480384722222222	-2.5322310546875
354	-10.503804166666667	-2.54395078125
355	-10.454807638888889	-2.4981693359375
356	-10.61266388888889	-2.4803921875
357	-10.542461805555556	-2.503437890625
358	-10.616072222222222	-2.61555703125
359	-10.595027083333333	-2.4597109375
360	-10.630653472222223	-2.486951171875
361	-10.612297916666666	-2.4965796875
362	-10.671445833333333	-2.42579453125
363	-10.705072222222222	-2.6421484375
364	-10.710442361111111	-2.6112009765625
365	-10.774459722222222	-2.607338671875
366	-10.768730555555555	-2.859090625
367	-10.83495138888889	-2.644649609375
368	-10.787679166666667	-2.4864630859375
369	-10.811238194444444	-2.6729650390625
370	-10.88895138888889	-2.8762771484375
371	-10.783154166666666	-2.6979517578125
372	-10.890052777777777	-2.621107421875
373	-10.834007638888888	-2.498628515625
374	-10.910889583333333	-2.7558849609375
375	-10.880117361111111	-2.7078283203125
376	-10.878788194444445	-2.4568337890625
377	-10.783559722222222	-2.5841296875
378	-10.870614583333333	-2.6711919921875
379	-10.932409027777778	-2.5703326171875
380	-11.008227083333333	-2.718554296875
381	-11.092650694444444	-2.811889453125
382	-11.15226388888889	-2.799826171875
383	-11.152708333333333	-2.632729296875
384	-11.077359722222223	-2.859587109375
385	-11.131634722222222	-2.7420673828125
386	-11.166856944444444	-2.719521484375
387	-11.19864375	-2.8467990234375
388	-11.2204125	-2.86698046875
389	-11.282944444444444	-2.994477734375
390	-11.36014236111111	-2.86983984375
391	-11.339170138888889	-2.94560625
392	-11.340139583333332	-2.89598671875
393	-11.3430875	-3.038999609375
394	-11.436625694444444	-3.0641572265625
395	-11.423439583333334	-2.9694541015625
396	-11.47813125	-3.1048705078125
397	-11.5111875	-2.989813671875
398	-11.461409722222223	-3.036509765625
399	-11.550998611111112	-3.1011013671875
400	-11.538479166666667	-3.25210234375
401	-11.543554166666667	-3.0215314453125
402	-11.592953472222222	-3.10544921875
403	-11.63701111111111	-3.292342578125
404	-11.595886805555555	-3.209632421875
405	-11.64644375	-3.013905859375
406	-11.647675	-3.0963546875
407	-11.66615	-3.14375703125
408	-11.679683333333333	-3.024897265625
409	-11.763975	-3.3642
410	-11.747761111111112	-3.098076171875
411	-11.793179166666667	-2.955083984375
412	-11.827238888888889	-3.257541015625
413	-11.803966666666666	-3.095057421875
414	-11.882145833333333	-3.193209765625
415	-11.811858333333333	-2.9402015625
416	-11.865215277777779	-3.4278140625
417	-11.892355555555556	-3.407321484375
418	-11.889808333333333	-3.2478234375
419	-11.858640277777777	-3.269295703125
420	-11.903234722222223	-3.179761328125
421	-11.980248611111112	-3.1466970703125
422	-11.982363888888889	-3.464385546875
423	-12.010480555555555	-3.35947890625
424	-12.028498611111111	-3.290212109375
425	-12.023705555555555	-3.154299609375
426	-12.081702777777778	-3.28884140625
427	-12.067191666666666	-3.19490546875
428	-12.071208333333333	-3.43469375
429	-12.102379166666667	-3.2707337890625
430	-12.078194444444444	-3.471112890625
431	-12.123565277777777	-3.39226015625
432	-12.165068055555556	-3.44327578125
433	-12.184872222222221	-3.407023046875
434	-12.148694444444445	-3.30589453125
435	-12.1739875	-3.2656802734375
436	-12.153115277777777	-3.46323046875
437	-12.208491666666667	-3.47361328125
438	-12.223788888888889	-3.4831640625
439	-12.233345833333333	-3.391858984375
440	-12.261611111111112	-3.46868515625
441	-12.267418055555556	-3.481344921875
442	-12.252568055555555	-3.35412578125
443	-12.320715277777778	-3.379906640625
444	-12.328041666666667	-3.464865234375
445	-12.286794444444444	-3.42760078125
446	-12.27667638888889	-3.302887109375
447	-12.3457125	-3.518671484375
448	-12.368097222222222	-3.645096875
449	-12.448518055555555	-3.49077421875
450	-12.336006944444444	-3.84646875
451	-12.41655138888889	-3.495130078125
452	-12.399620833333334	-3.52152421875
453	-12.442094444444445	-3.420550390625
454	-12.42773888888889	-3.41478515625
455	-12.400848611111112	-3.442423828125
456	-12.449173611111112	-3.939080078125
457	-12.40064861111111	-3.41096328125
