mass_1	mass_2	phase	time	distance	a_1	a_2	tilt_1	tilt_2	phi_12	phi_jl	theta_jn	psi	ra	dec
0.01121	0.01233	0.00345	0.06083	0.08498	0.01744	0.00544	0.00433	0.0023	0.00065	0.00968	0.02727	0.00227	0.05203	0.04999
0.00924	0.00855	0.00143	0.04286	0.10656	0.0076	0.00303	0.00521	0.00258	0.00039	0.00444	0.03556	0.00086	0.04034	0.04137
0.01271	0.01483	0.00034	0.03888	0.10888	0.01399	0.00801	0.007	0.00184	0.00071	0.00246	0.04893	0.00111	0.03313	0.03281
0.00762	0.01077	0.0006	0.03179	0.10464	0.01137	0.00781	0.01279	0.00631	0.00027	0.00302	0.04962	0.00115	0.02618	0.03789
0.01936	0.02575	0.00086	0.03616	0.08476	0.01155	0.00658	0.00866	0.00304	0.00042	0.00213	0.03612	0.0008	0.03021	0.04798
0.01629	0.02242	0.00073	0.03484	0.08379	0.00714	0.00533	0.00548	0.00302	0.0006	0.00219	0.03498	0.00135	0.02901	0.04418
0.01454	0.02028	0.00062	0.03023	0.08325	0.00396	0.0015	0.00652	0.00297	0.00023	0.00249	0.03785	0.00151	0.02558	0.03503
0.01241	0.01576	0.00121	0.03327	0.10198	0.00754	0.00435	0.00713	0.0021	0.00032	0.002	0.03894	0.00115	0.0255	0.0362
0.01544	0.01953	0.00046	0.03258	0.1144	0.00433	0.00302	0.00559	0.00315	0.0005	0.00211	0.04298	0.00139	0.02386	0.03311
0.01448	0.01953	0.00059	0.0336	0.09691	0.00925	0.00974	0.00609	0.00335	0.00043	0.00427	0.05216	0.00097	0.02705	0.03947
0.01595	0.0192	0.0005	0.03566	0.09411	0.00747	0.00653	0.00228	0.00293	0.00072	0.00468	0.04443	0.00195	0.02925	0.04149
0.01432	0.01786	0.00067	0.0381	0.08203	0.0057	0.00565	0.00434	0.00326	0.00061	0.00491	0.03452	0.00161	0.03052	0.04109
0.01615	0.01905	0.00048	0.03141	0.09481	0.0019	0.00142	0.00482	0.00276	0.00023	0.00519	0.03415	0.0016	0.02655	0.03253
0.01586	0.0173	0.00065	0.03362	0.08883	0.008	0.00449	0.00916	0.00285	0.00038	0.00287	0.04592	0.00122	0.02539	0.03554
0.01733	0.02018	0.00083	0.02742	0.08086	0.00676	0.00277	0.00625	0.00164	0.00025	0.00331	0.05039	0.00154	0.01901	0.03715
0.01654	0.01697	0.00069	0.03254	0.09121	0.00491	0.00289	0.00685	0.0031	0.00086	0.00888	0.04199	0.00197	0.02312	0.042
0.01867	0.01928	0.00027	0.03567	0.09769	0.00747	0.00708	0.0051	0.00396	0.00068	0.00329	0.03708	0.00113	0.03008	0.04118
0.01617	0.01878	0.00052	0.04077	0.08816	0.00359	0.00413	0.00408	0.00375	0.00091	0.00557	0.0374	0.00042	0.02796	0.03798
0.01184	0.01543	0.00069	0.03543	0.0982	0.00568	0.00457	0.00474	0.00232	0.0009	0.00648	0.05151	0.00113	0.02901	0.03508
0.01248	0.01412	0.00064	0.04538	0.09855	0.00485	0.00438	0.00487	0.00308	0.00043	0.00613	0.04389	0.00069	0.03743	0.04391
0.01842	0.02134	0.00062	0.03728	0.08553	0.00232	0.00105	0.00417	0.00227	0.00069	0.00362	0.03299	0.00092	0.03066	0.03953
0.01975	0.02011	0.00046	0.04341	0.09798	0.00242	0.00125	0.00224	0.00255	0.00067	0.0041	0.03894	0.00117	0.03616	0.03562
0.02573	0.02849	0.00075	0.04144	0.10599	0.00598	0.00411	0.00722	0.00366	0.00025	0.01098	0.03954	0.00178	0.03468	0.04015
0.01795	0.01846	0.00053	0.03425	0.09714	0.00622	0.00246	0.0048	0.00216	0.00081	0.00199	0.05213	0.00156	0.03267	0.03995
0.02046	0.01995	0.00053	0.04758	0.12827	0.00448	0.00157	0.00429	0.00177	0.00095	0.00601	0.0423	0.00119	0.04464	0.0301
0.01962	0.01826	0.00049	0.0433	0.11312	0.00579	0.00474	0.00287	0.00293	0.00063	0.00404	0.04238	0.00104	0.03952	0.03315
0.01477	0.01692	0.00057	0.04555	0.12006	0.00567	0.00223	0.004	0.0018	0.00032	0.00892	0.05081	0.00114	0.03741	0.04121
0.01776	0.02513	0.0009	0.03653	0.11225	0.002	0.00102	0.00681	0.0027	0.00088	0.00415	0.044	0.00168	0.0306	0.03456
0.02528	0.03162	0.0008	0.03558	0.08714	0.00431	0.0011	0.00644	0.00177	0.00046	0.00452	0.03743	0.00124	0.02662	0.0409
0.02125	0.0296	0.00092	0.0454	0.10926	0.00734	0.00085	0.00417	0.00149	0.00046	0.00794	0.04368	0.00131	0.03759	0.02846
0.01849	0.02257	0.00052	0.04266	0.11589	0.00486	0.00229	0.00405	0.00324	0.00023	0.00798	0.04756	0.00133	0.03475	0.03252
0.02382	0.02489	0.00076	0.03101	0.07858	0.00445	0.0017	0.0041	0.00154	0.00033	0.00835	0.03774	0.00171	0.02472	0.03617
0.01722	0.02145	0.00077	0.03567	0.08878	0.00527	0.00163	0.00535	0.00217	0.00023	0.00447	0.04323	0.00189	0.02784	0.03787
0.02036	0.01769	0.00051	0.04	0.0863	0.00769	0.00791	0.00209	0.00268	0.00032	0.00522	0.04217	0.00199	0.0323	0.03319
0.01953	0.02182	0.00065	0.04103	0.1106	0.00374	0.00036	0.00854	0.00261	0.00043	0.00873	0.03369	0.00187	0.03407	0.04457
0.02561	0.02592	0.00097	0.04802	0.09834	0.00049	0.00147	0.00362	0.00254	0.00041	0.00524	0.03124	0.00136	0.0409	0.05156
0.02264	0.0235	0.00037	0.05009	0.10344	0.00175	0.00098	0.00372	0.00315	0.00044	0.00569	0.02647	0.00292	0.04447	0.05143
0.01592	0.01745	0.00086	0.03532	0.09452	0.00348	0.00143	0.0074	0.00277	0.00056	0.00185	0.03619	0.0017	0.02786	0.03868
0.02025	0.02141	0.00069	0.03892	0.10868	0.00301	0.00051	0.0048	0.00153	0.0002	0.00683	0.034	0.00196	0.03048	0.04142
0.01955	0.02387	0.00103	0.03478	0.08583	0.00137	0.00127	0.00403	0.00325	0.00042	0.00442	0.03959	0.00163	0.0279	0.03572
0.02134	0.02138	0.00057	0.03484	0.09329	0.00358	0.00103	0.00539	0.00381	0.00041	0.00711	0.03562	0.00113	0.02662	0.03546
0.02607	0.03099	0.00088	0.03985	0.11484	0.003	0.00239	0.00428	0.00486	0.0006	0.00497	0.03651	0.00236	0.03324	0.02751
0.0208	0.02353	0.00064	0.04018	0.10034	0.00138	0.00059	0.00305	0.00302	0.00052	0.00286	0.04211	0.00145	0.03445	0.0379
0.01967	0.0208	0.0005	0.04463	0.10225	0.00325	0.00354	0.00416	0.00348	0.00034	0.00431	0.0427	0.00125	0.04041	0.02819
0.02424	0.02327	0.0006	0.03083	0.09063	0.006	0.00102	0.0047	0.00152	0.00038	0.00416	0.04256	0.0019	0.023	0.03357
0.02085	0.02536	0.00102	0.03131	0.09134	0.00524	0.00119	0.00949	0.00216	0.00049	0.00655	0.03443	0.00242	0.02563	0.0278
0.0233	0.02553	0.00055	0.03657	0.10269	0.00491	0.00116	0.00505	0.00112	0.00046	0.005	0.04154	0.00259	0.03033	0.03079
0.02039	0.02166	0.00066	0.03327	0.1084	0.002	0.00191	0.00682	0.00274	0.00037	0.00218	0.04877	0.00127	0.02881	0.03511
0.01792	0.01924	0.00052	0.04557	0.10656	0.00532	0.0029	0.00359	0.00211	0.00057	0.00406	0.03751	0.00128	0.03962	0.03603
0.02085	0.01763	0.00068	0.04201	0.12115	0.00815	0.00427	0.00312	0.00287	0.00046	0.00194	0.03639	0.00105	0.03605	0.03347
0.02313	0.02506	0.00094	0.03985	0.10631	0.00786	0.00703	0.00402	0.00266	0.0003	0.0027	0.05847	0.0012	0.03608	0.03413
0.02193	0.02424	0.00034	0.03339	0.09477	0.00802	0.00361	0.00622	0.00291	0.00048	0.00427	0.04465	0.00159	0.02728	0.03331
0.02792	0.02554	0.00062	0.03387	0.0885	0.00517	0.00137	0.00334	0.00113	0.00049	0.00291	0.04254	0.00153	0.0271	0.03153
0.01763	0.02083	0.00035	0.0377	0.10006	0.00795	0.00581	0.00847	0.0036	0.00039	0.00634	0.05124	0.00124	0.03329	0.03673
0.02196	0.02717	0.0005	0.02941	0.09696	0.00833	0.00252	0.00511	0.00346	0.00013	0.00411	0.04257	0.00134	0.02746	0.03182
0.01665	0.02024	0.00037	0.0331	0.09537	0.00642	0.00305	0.00662	0.00374	0.00075	0.00427	0.03644	0.00111	0.03116	0.03507
0.01814	0.0156	0.00075	0.02436	0.09479	0.01095	0.00681	0.00387	0.0021	0.00047	0.00296	0.05157	0.00161	0.02039	0.02817
0.02427	0.02546	0.00048	0.03491	0.11076	0.00278	0.0006	0.00504	0.00155	0.00041	0.0041	0.04117	0.00155	0.03008	0.03673
0.01578	0.01724	0.00052	0.03754	0.10529	0.00355	0.00042	0.00493	0.00198	0.00038	0.00082	0.04209	0.00111	0.03229	0.0432
0.02238	0.02643	0.00064	0.03504	0.09814	0.00226	0.00062	0.00353	0.00178	0.00042	0.00118	0.04211	0.00204	0.02852	0.03321
0.02572	0.02715	0.00055	0.03382	0.08477	0.00353	0.00052	0.00298	0.00197	0.00071	0.00231	0.03502	0.00192	0.02964	0.03381
0.01935	0.01754	0.00055	0.03133	0.10009	0.00765	0.00634	0.00489	0.0046	0.00036	0.00265	0.05686	0.0014	0.02582	0.03196
0.02486	0.02186	0.00077	0.04558	0.11069	0.0049	0.00173	0.00455	0.00257	0.00048	0.00154	0.04908	0.00144	0.03986	0.0322
0.0225	0.02229	0.00046	0.02791	0.08557	0.0097	0.00262	0.00429	0.00234	0.00023	0.00242	0.04464	0.00104	0.02401	0.0272
0.02509	0.02622	0.00062	0.04225	0.09582	0.00443	0.00139	0.00384	0.0024	0.00027	0.00371	0.04098	0.00108	0.0353	0.03986
0.02324	0.02262	0.00064	0.03542	0.08438	0.00293	0.00259	0.0025	0.00278	0.00019	0.00188	0.03748	0.00113	0.02783	0.03225
0.02246	0.01807	0.00059	0.05	0.10582	0.00231	0.00042	0.00386	0.00248	0.0005	0.00274	0.04444	0.00247	0.0446	0.02666
0.02539	0.02249	0.00065	0.03193	0.08782	0.00817	0.00351	0.00288	0.00438	0.00045	0.00173	0.03198	0.00163	0.02505	0.03884
0.02657	0.02373	0.00047	0.03368	0.07848	0.00188	0.00061	0.00223	0.0015	0.00046	0.00148	0.03029	0.00183	0.02271	0.03268
0.02176	0.02055	0.00063	0.03075	0.09217	0.00524	0.00267	0.00265	0.00172	0.0005	0.0016	0.04177	0.00126	0.02512	0.03956
0.0167	0.01247	0.0005	0.03227	0.08294	0.00411	0.00094	0.00294	0.00121	0.0003	0.00482	0.03037	0.00123	0.02702	0.0326
0.01164	0.01318	0.00056	0.03422	0.10046	0.00205	0.00089	0.00291	0.00222	0.00089	0.00322	0.038	0.00161	0.02878	0.03126
0.02085	0.02309	0.00146	0.03818	0.10223	0.00539	0.00155	0.00245	0.00135	0.00053	0.00669	0.04372	0.00099	0.03314	0.03509
0.02416	0.02767	0.00063	0.03375	0.08315	0.00302	0.0018	0.00225	0.00278	0.00034	0.00199	0.04467	0.00063	0.0321	0.04148
0.02281	0.02397	0.00089	0.03145	0.09682	0.0021	0.00078	0.00306	0.00315	0.00026	0.00292	0.04404	0.0008	0.02595	0.0272
0.01518	0.0159	0.00064	0.04649	0.10439	0.00476	0.00421	0.00255	0.00301	0.00046	0.00222	0.04094	0.00177	0.03994	0.03413
0.0273	0.02568	0.00066	0.03587	0.07838	0.00299	0.00076	0.00355	0.001	0.00021	0.00155	0.03508	0.00086	0.02731	0.03837
0.02113	0.02033	0.00061	0.03819	0.09587	0.00504	0.0014	0.00356	0.00165	0.00032	0.00342	0.03149	0.00103	0.0299	0.02879
0.02143	0.02393	0.00051	0.03177	0.08538	0.00588	0.00179	0.00621	0.00261	0.00015	0.0039	0.0396	0.00105	0.02559	0.03489
0.0245	0.02546	0.00035	0.03486	0.09821	0.00396	0.0006	0.00635	0.0016	0.00037	0.00292	0.03443	0.00086	0.02826	0.04252
0.02465	0.02095	0.00066	0.03565	0.08574	0.00345	0.00501	0.0025	0.00292	0.00038	0.00403	0.02953	0.00176	0.02979	0.03241
0.02408	0.02449	0.00064	0.04536	0.12479	0.00498	0.00194	0.00475	0.00223	0.00022	0.00298	0.04718	0.00155	0.03789	0.03371
0.01407	0.01414	0.00071	0.04174	0.10029	0.00566	0.00298	0.00527	0.00444	0.00077	0.00317	0.03411	0.00126	0.03458	0.04373
0.01693	0.01921	0.00053	0.03724	0.10344	0.00415	0.00085	0.00665	0.00201	0.00045	0.00381	0.04273	0.00132	0.03127	0.03266
0.01454	0.01473	0.00035	0.03932	0.09181	0.00649	0.00343	0.00376	0.00248	0.00047	0.0034	0.04121	0.00116	0.03087	0.04129
0.01564	0.01501	0.00032	0.04356	0.10066	0.00263	0.0036	0.00325	0.00363	0.00045	0.00205	0.04908	0.00136	0.03709	0.03679
0.01497	0.01235	0.00108	0.04428	0.09693	0.00344	0.00122	0.005	0.00253	0.00046	0.00292	0.04103	0.00212	0.03822	0.04293
0.01341	0.01281	0.00038	0.0385	0.08964	0.00295	0.00097	0.00613	0.00345	0.00069	0.00226	0.03952	0.00237	0.03391	0.03458
0.02051	0.01887	0.0008	0.02851	0.08649	0.00589	0.00156	0.00291	0.00146	0.00046	0.00269	0.04086	0.00072	0.02147	0.03221
0.01695	0.01674	0.00096	0.03783	0.09056	0.00555	0.00326	0.00358	0.00176	0.00065	0.00369	0.04424	0.00128	0.03122	0.02975
0.01685	0.01372	0.00091	0.03591	0.0997	0.00299	0.00424	0.00259	0.00117	0.0007	0.00577	0.04116	0.00108	0.02925	0.02735
0.01798	0.01858	0.00081	0.03114	0.09373	0.00377	0.00054	0.00589	0.00241	0.00027	0.00504	0.0449	0.00163	0.02332	0.03246
0.02047	0.0188	0.0007	0.04075	0.09549	0.00613	0.00429	0.00372	0.0031	0.00051	0.00183	0.05521	0.00143	0.03454	0.0381
0.0169	0.01936	0.00107	0.03889	0.09443	0.003	0.00076	0.0033	0.00119	0.00035	0.00443	0.04304	0.0019	0.03448	0.03637
0.01866	0.01982	0.00066	0.04517	0.10219	0.00381	0.00105	0.00611	0.00221	0.00045	0.00313	0.04154	0.0028	0.03997	0.03758
0.02183	0.02367	0.00084	0.04963	0.13015	0.00281	0.00038	0.0034	0.00185	0.00025	0.0014	0.05054	0.00314	0.04374	0.0343
0.01775	0.01792	0.00082	0.04156	0.11733	0.00448	0.00213	0.00384	0.00237	0.00048	0.00291	0.04812	0.00184	0.03501	0.03378
0.01587	0.01969	0.00084	0.03728	0.11403	0.00406	0.00152	0.00744	0.00278	0.00044	0.0016	0.06543	0.00191	0.0324	0.03059
0.01624	0.01938	0.00069	0.04718	0.10888	0.00219	0.00057	0.00431	0.00204	0.00044	0.0045	0.04757	0.00227	0.03945	0.04066
0.02462	0.02262	0.001	0.03925	0.10812	0.00391	0.0004	0.00542	0.00147	0.00031	0.00148	0.05698	0.00155	0.03253	0.03811
0.02189	0.02322	0.00074	0.04231	0.11218	0.00276	0.00129	0.00786	0.00274	0.00053	0.00066	0.05009	0.00157	0.03725	0.03434
0.01604	0.01783	0.00084	0.04409	0.10098	0.00468	0.00361	0.00395	0.0023	0.00058	0.00466	0.04421	0.00153	0.03794	0.03475
0.02394	0.0232	0.00106	0.04005	0.09748	0.00599	0.00332	0.00445	0.00171	0.00039	0.00366	0.04713	0.00101	0.03473	0.03255
0.01722	0.01742	0.00142	0.03412	0.10622	0.0045	0.00072	0.00654	0.00156	0.0004	0.00269	0.0484	0.00091	0.02834	0.03098
0.01953	0.01951	0.00063	0.02633	0.0805	0.00203	0.00038	0.00268	0.00164	0.00046	0.00348	0.03495	0.00153	0.02108	0.03113
0.02726	0.03035	0.00121	0.04965	0.11837	0.00461	0.00107	0.00537	0.00255	0.00025	0.00614	0.05217	0.00168	0.045	0.03277
0.02414	0.02551	0.00072	0.03413	0.10703	0.00425	0.00193	0.00276	0.00285	0.00052	0.00534	0.05155	0.00162	0.02814	0.02782
0.01774	0.02029	0.00074	0.0281	0.08885	0.00349	0.00162	0.00374	0.00173	0.00039	0.0037	0.04978	0.00158	0.01954	0.03275
0.02162	0.0206	0.00075	0.03372	0.10786	0.00872	0.00688	0.00478	0.00305	0.00065	0.00251	0.0489	0.00151	0.02713	0.03212
0.02503	0.02638	0.00081	0.03031	0.09109	0.00527	0.00205	0.00523	0.00286	0.00037	0.00728	0.03904	0.00147	0.02152	0.03488
0.01627	0.01763	0.00052	0.04019	0.09459	0.00508	0.00226	0.00556	0.00265	0.00036	0.00314	0.03859	0.00246	0.0336	0.02711
0.01776	0.02023	0.00126	0.03685	0.08649	0.00394	0.00181	0.00327	0.00124	0.00032	0.00399	0.03571	0.00095	0.03087	0.02727
0.0194	0.02011	0.00049	0.0333	0.10025	0.00385	0.00224	0.00512	0.00264	0.00024	0.00418	0.04874	0.0013	0.02682	0.03555
0.01787	0.01871	0.00058	0.03673	0.09733	0.00495	0.00198	0.00378	0.00145	0.00032	0.006	0.04784	0.00174	0.03007	0.03495
0.02304	0.0245	0.00055	0.03316	0.08596	0.00328	0.00226	0.00572	0.00274	0.00042	0.00254	0.04239	0.00206	0.02934	0.0374
0.02384	0.02631	0.0005	0.04351	0.10128	0.00532	0.00087	0.00613	0.00234	0.00063	0.00214	0.04444	0.00143	0.03793	0.03211
0.01863	0.01982	0.00052	0.03713	0.10216	0.00572	0.00454	0.0055	0.00339	0.00037	0.00239	0.05107	0.00253	0.03357	0.0274
0.01964	0.01857	0.00056	0.04355	0.10631	0.00552	0.00445	0.006	0.00301	0.00049	0.00348	0.04978	0.00176	0.03858	0.03606
0.01981	0.01822	0.00066	0.03941	0.09607	0.0049	0.00242	0.00414	0.0021	0.00046	0.00481	0.04234	0.00149	0.03459	0.03283
0.02031	0.02042	0.0006	0.03242	0.09998	0.00363	0.00135	0.00382	0.00308	0.00044	0.0023	0.05162	0.00148	0.02758	0.03375
0.02683	0.02392	0.00076	0.03892	0.08334	0.0022	0.00227	0.00172	0.00228	0.00038	0.00226	0.03537	0.00131	0.03099	0.03946
0.02139	0.0223	0.00097	0.03716	0.09595	0.00204	0.00223	0.00424	0.00206	0.00067	0.00147	0.04393	0.00132	0.03083	0.03634
0.01886	0.0206	0.00062	0.03433	0.08763	0.00257	0.00022	0.0026	0.00214	0.0006	0.00228	0.0396	0.00085	0.02718	0.04026
0.02193	0.02297	0.00066	0.02922	0.09199	0.00713	0.00146	0.00249	0.00255	0.00032	0.00671	0.04569	0.00082	0.02212	0.03314
0.0235	0.02668	0.00106	0.02697	0.08331	0.00529	0.00082	0.00476	0.00204	0.00043	0.00279	0.04593	0.0005	0.01828	0.03382
0.02196	0.02146	0.00073	0.03069	0.07996	0.00303	0.00118	0.004	0.00229	0.00039	0.00189	0.03374	0.00114	0.0237	0.03578
0.02353	0.02399	0.00046	0.03504	0.09822	0.00338	0.00207	0.00479	0.00214	0.0003	0.00408	0.04335	0.00142	0.02709	0.04215
0.02175	0.02224	0.00065	0.04106	0.09446	0.00594	0.00273	0.00304	0.00193	0.00056	0.00411	0.0408	0.00111	0.03573	0.03446
0.02271	0.02145	0.00064	0.03089	0.08696	0.00411	0.0011	0.00273	0.00164	0.00063	0.00209	0.05142	0.00105	0.02652	0.03051
0.02257	0.02163	0.00088	0.03107	0.09764	0.00592	0.00068	0.00355	0.00215	0.00051	0.00205	0.05398	0.00135	0.02716	0.02909
0.0182	0.01966	0.00088	0.03958	0.10078	0.00396	0.00221	0.00386	0.00257	0.00054	0.002	0.05445	0.00159	0.03421	0.03983
0.01867	0.02101	0.00091	0.02948	0.09067	0.00347	0.00091	0.00493	0.00249	0.00063	0.0017	0.04377	0.00072	0.02445	0.034
0.01727	0.01826	0.00048	0.03134	0.08658	0.00701	0.00194	0.00438	0.0016	0.00047	0.00455	0.03785	0.00161	0.02521	0.03114
0.02085	0.01972	0.0008	0.03268	0.07686	0.00587	0.0035	0.00436	0.00213	0.00032	0.00509	0.03575	0.00094	0.02747	0.0321
0.01633	0.01557	0.00066	0.03546	0.07388	0.00417	0.0032	0.00449	0.00255	0.0005	0.00599	0.02985	0.00071	0.03011	0.02644
0.02213	0.02252	0.0006	0.03907	0.09194	0.00695	0.00196	0.00422	0.00244	0.00071	0.00489	0.03704	0.00129	0.02976	0.0409
0.02059	0.01974	0.00065	0.03351	0.07707	0.00357	0.00138	0.00251	0.0024	0.00066	0.00738	0.03981	0.00139	0.02792	0.03027
0.01937	0.01629	0.00104	0.02883	0.09801	0.00621	0.00076	0.00366	0.00133	0.00034	0.00239	0.04265	0.00163	0.02049	0.0371
0.01873	0.01843	0.00039	0.03188	0.07429	0.00366	0.00165	0.00221	0.00167	0.00027	0.00568	0.03997	0.00199	0.02361	0.0398
0.01896	0.02127	0.00041	0.03112	0.09311	0.00441	0.00121	0.00614	0.00205	0.00055	0.00483	0.05084	0.00187	0.02485	0.03463
0.02099	0.01943	0.00048	0.03732	0.10871	0.00624	0.0034	0.00331	0.00267	0.0002	0.00715	0.06011	0.00144	0.02873	0.04296
0.0193	0.01369	0.0004	0.02769	0.08907	0.00537	0.00407	0.00311	0.00384	0.00035	0.00533	0.0473	0.00156	0.0206	0.0333
0.01883	0.01808	0.00062	0.03837	0.10492	0.00565	0.00494	0.00352	0.00252	0.00022	0.00636	0.05824	0.00175	0.03066	0.03656
0.02159	0.01997	0.00057	0.04023	0.10076	0.00786	0.00854	0.0047	0.00385	0.0003	0.00307	0.05287	0.00202	0.03244	0.03882
0.01823	0.0171	0.00068	0.02626	0.09897	0.00994	0.00523	0.00325	0.00369	0.00024	0.00318	0.05434	0.00165	0.01759	0.02596
0.02675	0.02415	0.00047	0.0348	0.09487	0.00266	0.00238	0.00271	0.00316	0.00054	0.0024	0.04388	0.00146	0.02743	0.03345
0.02578	0.02617	0.00062	0.03606	0.09721	0.00585	0.0024	0.00436	0.00217	0.0002	0.00266	0.0437	0.00092	0.02911	0.03906
0.01614	0.01668	0.00077	0.03793	0.10456	0.00223	0.0008	0.00389	0.0036	0.00016	0.00411	0.04429	0.00149	0.02978	0.03439
0.0153	0.01511	0.00074	0.02962	0.08256	0.00518	0.00449	0.00714	0.00663	0.00031	0.0056	0.05583	0.00131	0.02222	0.03224
0.01762	0.01832	0.00056	0.03151	0.09405	0.00547	0.00321	0.00425	0.00497	0.0003	0.00393	0.04454	0.00128	0.02427	0.03749
0.02189	0.02177	0.00057	inf	0.07079	0.00395	0.00066	0.00407	0.00258	0.00055	0.00236	0.04049	0.00164	0.01643	0.03766
0.01524	0.01591	0.00031	0.04144	0.09696	0.00621	0.00269	0.00637	0.00311	0.00044	0.00476	0.04034	0.00103	0.03329	0.04037
0.01503	0.01838	0.00053	0.03928	0.09807	0.00364	0.00097	0.00481	0.00205	0.00036	0.00421	0.04035	0.0014	0.03363	0.03682
0.02051	0.02271	0.00026	0.03645	0.09855	0.00723	0.00228	0.00498	0.00181	0.00017	0.00555	0.04828	0.00116	0.03059	0.03332
0.02381	0.02142	0.00068	0.04287	0.11279	0.00667	0.00303	0.00379	0.00352	0.00038	0.00377	0.049	0.00186	0.03605	0.03412
0.01765	0.01721	0.00045	inf	0.09165	0.0034	0.00183	0.00515	0.0031	0.0002	0.00342	0.04445	0.00192	0.02837	0.03484
0.01878	0.01865	0.00055	0.04692	0.10836	0.00494	0.00243	0.00421	0.00342	0.00026	0.00728	0.04207	0.00193	0.04301	0.03742
0.02035	0.02232	0.00037	0.0295	0.09203	0.00249	0.00087	0.00683	0.00415	0.00059	0.00396	0.04679	0.0012	0.02294	0.03546
0.01976	0.02226	0.00044	0.03992	0.11149	0.00413	0.00133	0.00527	0.00209	0.00036	0.00306	0.05628	0.00119	0.03286	0.04009
0.02107	0.02197	0.00048	0.03475	0.09597	0.00418	0.00241	0.00525	0.00265	0.00026	0.00625	0.05028	0.00241	0.02634	0.0335
0.01962	0.02198	0.00064	0.03175	0.08903	0.00356	0.00526	0.00494	0.00337	0.00047	0.00776	0.04339	0.00138	0.02484	0.03679
0.02682	0.02616	0.00047	0.02779	0.08448	0.00534	0.00201	0.00317	0.00191	0.00023	0.00394	0.04008	0.00186	0.02009	0.03051
0.01923	0.01778	0.0007	0.03621	0.09045	0.00643	0.00162	0.00438	0.00185	0.00045	0.00301	0.04227	0.0017	0.02929	0.03129
0.02233	0.02211	0.00038	0.02851	0.07894	0.00181	0.00142	0.00442	0.00191	0.00024	0.00287	0.03416	0.00086	0.01879	0.03535
0.0242	0.02653	0.00044	0.03499	0.09312	0.00702	0.00158	0.00668	0.00195	0.00044	0.0065	0.03936	0.0022	0.02825	0.03172
0.02322	0.02468	0.00063	0.03295	0.08158	0.00565	0.00278	0.00626	0.00254	0.00043	0.00461	0.04946	0.00113	0.02546	0.03708
0.02419	0.0242	0.00064	0.03595	0.0916	0.00181	0.00236	0.00399	0.00333	0.00027	0.0078	0.04631	0.00139	0.02882	0.03865
0.02368	0.02449	0.00028	0.03062	0.07361	0.00107	0.00034	0.00545	0.00264	0.00022	0.00602	0.04207	0.00112	0.02388	0.03489
0.01972	0.01968	0.00054	0.03371	0.09598	0.00156	0.00058	0.00411	0.00288	0.00028	0.00375	0.03648	0.00149	0.02672	0.03841
0.02244	0.02484	0.00061	0.02986	0.08509	0.00573	0.00134	0.00912	0.00303	0.00031	0.00139	0.03891	0.00192	0.02296	0.03295
0.02089	0.01995	0.00034	0.04499	0.11218	0.0058	0.00306	0.00525	0.00305	0.00029	0.00466	0.04678	0.00136	0.04017	0.03803
0.01886	0.01976	0.00052	0.04666	0.09852	0.00444	0.00186	0.00544	0.00375	0.00042	0.00168	0.04202	0.00162	0.0396	0.03255
0.02325	0.02291	0.00052	0.04165	0.11345	0.00481	0.0016	0.00463	0.00239	0.00027	0.00237	0.05317	0.00104	0.03455	0.03474
0.01953	0.01983	0.00033	0.04233	0.10268	0.00538	0.00223	0.00723	0.00357	0.00062	0.0024	0.04105	0.00187	0.03627	0.03973
0.02656	0.02478	0.00036	0.04643	0.11336	0.00185	0.00141	0.00286	0.00302	0.00039	0.0021	0.04384	0.0019	0.03973	0.03841
0.02136	0.02164	0.00032	0.03824	0.10802	0.00248	0.00025	0.00419	0.00283	0.00026	0.00298	0.04595	0.00216	0.03298	0.03489
0.01839	0.02115	0.0005	0.04757	0.11929	0.004	0.00129	0.00634	0.00484	0.0004	0.00455	0.05131	0.00178	0.04064	0.03893
0.02202	0.02297	0.00041	0.0326	0.09322	0.00382	0.00029	0.00555	0.00205	0.00021	0.00633	0.03954	0.00107	0.02547	0.04122
0.02044	0.02213	0.00066	0.04477	0.10802	0.00401	0.00095	0.00379	0.00276	0.00036	0.00319	0.04442	0.00133	0.03555	0.03796
0.01763	0.01954	0.0005	0.02926	0.08821	0.00566	0.0009	0.00436	0.0017	0.00021	0.0039	0.03985	0.00151	0.02285	0.03271
0.02045	0.01855	0.00045	0.03826	0.0939	0.00309	0.0013	0.00535	0.00406	0.00015	0.00231	0.04742	0.00126	0.03001	0.04093
0.01893	0.01934	0.00045	0.04672	0.10005	0.0049	0.00112	0.00318	0.00305	0.00038	0.00528	0.03697	0.0023	0.03938	0.03504
0.01732	0.01751	0.00105	0.02722	0.08629	0.00417	0.00134	0.00345	0.00256	0.00022	0.00166	0.03381	0.00139	0.02014	0.03072
0.01874	0.01813	0.00051	0.03784	0.0875	0.00229	0.00046	0.00579	0.00269	0.00019	0.0017	0.03675	0.00173	0.03205	0.03571
0.01843	0.0186	0.00037	0.03341	0.08295	0.00331	0.00123	0.00504	0.00376	0.00055	0.00594	0.04208	0.00119	0.02275	0.0376
0.01684	0.0167	0.00025	0.04086	0.09554	0.00246	0.00059	0.00499	0.00223	0.00028	0.00475	0.03857	0.0018	0.03324	0.03305
0.01902	0.01899	0.00025	0.03599	0.08089	0.00348	0.00036	0.00545	0.00231	0.00028	0.00351	0.0323	0.00157	0.0294	0.03824
0.01715	0.01814	0.00043	0.03826	0.08797	0.0022	0.00095	0.00484	0.00324	0.00047	0.00297	0.03037	0.00214	0.03012	0.04336
0.01653	0.01744	0.00034	0.03147	0.07889	0.00687	0.00265	0.00414	0.00163	0.00027	0.00436	0.04177	0.00115	0.02363	0.03623
0.01785	0.01848	0.00057	0.02939	0.07573	0.00406	0.00093	0.00381	0.00271	0.0003	0.00433	0.04208	0.00116	0.02098	0.03584
0.0144	0.01656	0.00049	0.03188	0.07039	0.00419	0.00235	0.00705	0.00427	0.00044	0.00894	0.0376	0.00098	0.02382	0.04113
0.01394	0.01605	0.00033	0.03193	0.08608	0.0028	0.00212	0.00335	0.002	0.00031	0.00506	0.04001	0.00121	0.02224	0.03544
0.01835	0.0215	0.00044	0.03219	0.08188	0.00526	0.00044	0.00459	0.003	0.00024	0.0062	0.03721	0.00148	0.02595	0.03565
0.01582	0.01716	0.00052	0.0284	0.0711	0.00474	0.00191	0.00583	0.00356	0.00025	0.00384	0.03855	0.0015	0.02036	0.04414
0.01567	0.01678	0.00034	0.03369	0.08671	0.00368	0.00083	0.00476	0.00333	0.00023	0.01053	0.03914	0.00154	0.02724	0.03942
0.01571	0.0172	0.00052	0.03305	0.09498	0.00687	0.00255	0.00446	0.00194	0.00033	0.0109	0.04361	0.00154	0.02623	0.03327
0.02042	0.01888	0.0004	0.03565	0.07946	0.00112	0.00065	0.00247	0.00348	0.00025	0.00575	0.03575	0.00153	0.02777	0.03965
0.01728	0.018	0.00065	0.0308	0.07015	0.00287	0.00089	0.00363	0.00329	0.0004	0.00626	0.03222	0.00115	0.02395	0.03723
0.01438	0.01601	0.00055	0.0302	0.07514	0.0073	0.00311	0.00383	0.00323	0.00039	0.0057	0.03925	0.00139	0.02219	0.03719
0.01754	0.01727	0.00043	0.02625	0.08445	0.00513	0.00186	0.0027	0.00177	0.00034	0.00545	0.04599	0.00143	0.01965	0.03349
0.01557	0.01521	0.00063	0.03426	0.07445	0.00508	0.00181	0.00293	0.00183	0.00023	0.00682	0.03782	0.00155	0.02513	0.04358
0.01717	0.01518	0.00052	0.03256	0.07529	0.00334	0.00058	0.00419	0.00344	0.0002	0.00928	0.03605	0.00146	0.02565	0.03728
0.01559	0.01497	0.00044	0.03214	0.08292	0.00691	0.00325	0.00469	0.00256	0.00025	0.00354	0.04069	0.00194	0.02345	0.03522
0.01724	0.01584	0.00029	0.03908	0.09925	0.00285	0.00127	0.00346	0.00197	0.00022	0.00526	0.04114	0.00149	0.03137	0.03448
0.02118	0.02014	0.0003	0.03217	0.09237	0.00447	0.0023	0.00221	0.00363	0.00024	0.00288	0.03689	0.0015	0.02391	0.03611
0.0213	0.02163	0.00038	0.02982	0.08852	0.0032	0.00069	0.00213	0.00412	0.00023	0.00333	0.03509	0.00144	0.02013	0.03232
0.02373	0.02356	0.00053	0.03287	0.09194	0.00448	0.00317	0.00288	0.00325	0.00019	0.00235	0.04477	0.00115	0.02346	0.03532
0.01928	0.02402	0.00041	0.02916	0.08751	0.00312	0.00054	0.0039	0.00289	0.0004	0.00402	0.03899	0.00115	0.02342	0.0346
0.01877	0.01945	0.00025	0.02496	0.07285	0.00258	0.002	0.00255	0.00294	0.00041	0.00247	0.0408	0.00179	0.01516	0.0312
0.017	0.01822	0.00042	0.04001	0.09901	0.00447	0.00108	0.00464	0.00322	0.00029	0.00623	0.04637	0.00112	0.03004	0.04141
0.01999	0.01923	0.00041	0.0383	0.08731	0.00316	0.00079	0.00433	0.00272	0.00047	0.00687	0.0305	0.00138	0.02891	0.04028
0.01772	0.01844	0.00023	0.03395	0.09162	0.00327	0.0012	0.0044	0.00324	0.0003	0.00549	0.03715	0.00134	0.02558	0.04006
0.01733	0.01941	0.00058	0.03446	0.08592	0.00784	0.0015	0.00367	0.00131	0.00021	0.00383	0.03813	0.00147	0.02614	0.03734
0.01802	0.01634	0.00057	0.0366	0.09374	0.00725	0.00378	0.00262	0.00248	0.00041	0.00327	0.04614	0.00123	0.02793	0.04095
0.01976	0.0188	0.0003	0.03451	0.08835	0.00398	0.00076	0.0041	0.00165	0.00028	0.00379	0.03746	0.00134	0.027	0.03802
0.02222	0.02115	0.00033	0.034	0.09231	0.00465	0.00085	0.00328	0.00225	0.00016	0.0023	0.03998	0.00132	0.02544	0.036
0.02085	0.01856	0.00042	0.04152	0.10985	0.00474	0.00066	0.00488	0.00171	0.00022	0.00536	0.0386	0.00118	0.03461	0.03589
0.01897	0.01995	0.00024	0.03338	0.09201	0.00458	0.00191	0.00371	0.0032	0.00035	0.00539	0.03791	0.00112	0.02479	0.03734
0.01891	0.01857	0.00022	0.03543	0.1054	0.00443	0.00235	0.00337	0.00304	0.00026	0.00286	0.04775	0.00129	0.02828	0.03933
0.02398	0.02653	0.00036	0.03681	0.08739	0.0042	0.00137	0.00287	0.00264	0.00025	0.00529	0.04227	0.00146	0.02643	0.04367
0.01936	0.01739	0.00033	0.03471	0.09648	0.0052	0.00328	0.00501	0.00237	0.00026	0.0087	0.05009	0.00193	0.02521	0.03809
0.01798	0.0172	0.00019	0.03403	0.09715	0.00494	0.00148	0.00504	0.00238	0.00025	0.00563	0.04096	0.00145	0.02482	0.03336
0.01824	0.01825	0.00054	0.03431	0.09545	0.00348	0.0017	0.00672	0.00266	0.00029	0.00603	0.04592	0.00208	0.02593	0.03408
0.02366	0.02229	0.00039	0.03404	0.08949	0.00221	0.00187	0.00458	0.00354	0.00032	0.00239	0.04598	0.00167	0.02585	0.03645
0.02371	0.02248	0.00045	0.03332	0.08739	0.00236	0.00067	0.00289	0.00258	0.00016	0.00362	0.03909	0.00181	0.02276	0.03252
0.01872	0.01982	0.00036	0.03279	0.09391	0.00563	0.00175	0.00266	0.00207	0.00022	0.00726	0.04576	0.00189	0.0236	0.03524
0.02495	0.02612	0.00036	0.0397	0.10338	0.00646	0.00354	0.00443	0.00376	0.0003	0.00246	0.054	0.00171	0.02976	0.03974
0.02271	0.02117	0.00035	0.0402	0.11105	0.004	0.00304	0.00343	0.00335	0.00027	0.00488	0.04899	0.00197	0.03393	0.03672
0.02013	0.01848	0.00036	0.03612	0.09889	0.00624	0.00174	0.00366	0.00251	0.00025	0.00481	0.05148	0.00136	0.02666	0.03764
0.02151	0.01895	0.0006	0.03297	0.08812	0.00367	0.00241	0.00399	0.00363	0.00014	0.00447	0.04354	0.00089	0.02296	0.03668
0.02294	0.01919	0.00027	0.03525	0.07701	0.00483	0.00206	0.00462	0.00278	0.00022	0.00384	0.04125	0.00107	0.02422	0.04397
0.02028	0.01745	0.00029	0.0358	0.09144	0.00624	0.00449	0.00441	0.00353	0.00025	0.00319	0.04627	0.00126	0.0282	0.03608
0.01799	0.01888	0.00047	0.03597	0.0793	0.00591	0.0016	0.00618	0.00263	0.00045	0.00351	0.04018	0.00146	0.02486	0.03752
0.01833	0.01879	0.00037	0.03642	0.08521	0.00523	0.00246	0.00528	0.00255	0.00024	0.00617	0.03719	0.0015	0.02475	0.03859
0.01597	0.01662	0.00051	0.03567	0.0944	0.00489	0.00222	0.00409	0.00178	0.0003	0.00671	0.04223	0.00084	0.02496	0.03662
0.01762	0.01589	0.00021	0.03826	0.10627	0.00415	0.00165	0.00436	0.00365	0.00026	0.00462	0.04478	0.00145	0.03148	0.04005
0.01629	0.01599	0.00063	0.0377	0.09597	0.00338	0.00079	0.00333	0.00174	0.0003	0.00389	0.04136	0.00124	0.02822	0.03829
0.01941	0.01774	0.00042	0.03835	0.10123	0.00539	0.00089	0.00389	0.00231	0.00062	0.00346	0.0448	0.00147	0.03023	0.03525
0.01616	0.01388	0.00024	0.03244	0.08432	0.00646	0.00229	0.00353	0.00179	0.00028	0.00407	0.04341	0.00182	0.0231	0.03786
0.01802	0.01565	0.0006	0.03133	0.08629	0.00222	0.00051	0.00287	0.00271	0.00025	0.00141	0.0396	0.00125	0.02437	0.03598
0.01777	0.0132	0.00046	0.03447	0.08225	0.00522	0.00349	0.00245	0.00318	0.00035	0.00298	0.04467	0.00209	0.02585	0.0331
0.01859	0.01839	0.00034	0.02766	0.08832	0.00459	0.00227	0.0034	0.00194	0.00033	0.00497	0.04643	0.00116	0.0203	0.03265
0.01223	0.01031	0.00023	0.04035	0.10681	0.00445	0.00344	0.00515	0.0028	0.00027	0.00363	0.05446	0.00104	0.03314	0.03555
0.01856	0.01748	0.00042	0.03599	0.10281	0.00301	0.00166	0.003	0.00309	0.00023	0.00574	0.04744	0.00123	0.02818	0.03218
0.01734	0.01593	0.00027	0.03341	0.09888	0.00438	0.00185	0.00371	0.00324	0.00019	0.00321	0.05812	0.00147	0.02434	0.03527
0.01348	0.01306	0.00036	0.03704	0.1081	0.00352	0.00463	0.00257	0.00236	0.00026	0.00613	0.05189	0.00105	0.02909	0.03059
0.01643	0.0182	0.00055	0.02856	0.08787	0.00286	0.00135	0.0031	0.00285	0.00026	0.00216	0.04692	0.00103	0.01816	0.03405
0.01632	0.01438	0.00061	0.03348	0.09099	0.00277	0.0017	0.00172	0.00213	0.00046	0.00268	0.05357	0.00136	0.0231	0.03907
0.01865	0.01621	0.00053	0.0359	0.10249	0.00411	0.00232	0.00205	0.00218	0.0003	0.00473	0.05364	0.00159	0.02823	0.03719
0.02233	0.01782	0.00065	0.02992	0.0853	0.00319	0.00118	0.00238	0.00202	0.00027	0.00329	0.0433	0.00141	0.02229	0.03609
0.01707	0.01686	0.00022	0.03381	0.09296	0.00498	0.00135	0.00325	0.00138	0.00017	0.0042	0.0486	0.00151	0.02763	0.03426
0.02336	0.02373	0.00033	0.033	0.08163	0.00248	0.0005	0.00243	0.00247	0.0003	0.00386	0.03366	0.0014	0.02475	0.03753
0.02041	0.01884	0.00065	0.03564	0.09074	0.00365	0.00113	0.00361	0.00211	0.0004	0.00437	0.04109	0.0017	0.02881	0.03568
0.02014	0.01964	0.00036	0.02588	0.08089	0.00332	0.00068	0.00588	0.00319	0.00026	0.00838	0.03379	0.00105	0.01881	0.02837
0.02486	0.02601	0.00035	0.03457	0.08963	0.00308	0.00059	0.00362	0.00378	0.00026	0.00674	0.0398	0.00118	0.02668	0.04089
0.02013	0.0185	0.0006	0.03629	0.08883	0.00371	0.00085	0.00403	0.00219	0.0003	0.00302	0.04446	0.00085	0.03015	0.03944
0.02406	0.02117	0.00032	0.03726	0.09105	0.00227	0.0008	0.0037	0.00242	0.00016	0.00363	0.0492	0.00083	0.03022	0.04069
0.02696	0.02599	0.00053	0.03634	0.10647	0.00154	0.00097	0.00318	0.00197	0.00028	0.00428	0.05534	0.00088	0.03095	0.03574
0.02105	0.01955	0.00042	0.03316	0.08313	0.00294	0.00096	0.00469	0.00204	0.00032	0.00315	0.04442	0.00086	0.02709	0.03748
0.02457	0.02383	0.00038	0.03171	0.0934	0.00133	0.00111	0.00324	0.0025	0.00026	0.00429	0.04168	0.00113	0.02358	0.03583
0.02346	0.02324	0.00042	0.03778	0.10827	0.00165	0.00093	0.00438	0.00258	0.00021	0.00351	0.05088	0.00109	0.03057	0.03559
0.01982	0.01842	0.00038	0.03551	0.10759	0.00333	0.00085	0.00501	0.00287	0.0001	0.0029	0.0543	0.00136	0.02841	0.03507
0.02049	0.0188	0.00031	0.0331	0.09055	0.00244	0.00127	0.00472	0.00193	0.00028	0.00298	0.04541	0.00119	0.02571	0.03515
0.0239	0.02182	0.00021	0.037	0.10857	0.00216	0.00063	0.00428	0.00272	0.00016	0.00307	0.05274	0.00098	0.02837	0.03229
0.024	0.02269	0.00041	0.02794	0.11026	0.00237	0.00047	0.00372	0.00198	0.00029	0.00272	0.05998	0.00099	0.02402	0.03691
0.02322	0.02188	0.0002	0.03087	0.09376	0.00285	0.00064	0.00394	0.00234	0.0003	0.00317	0.04404	0.00114	0.02284	0.03656
0.02567	0.02438	0.00039	0.03799	0.10413	0.00289	0.00079	0.003	0.00255	0.00023	0.00344	0.05145	0.00115	0.0303	0.0424
0.02199	0.02248	0.00034	0.0332	0.08946	0.00217	0.00062	0.0053	0.00241	0.0003	0.00193	0.05418	0.00121	0.02481	0.03958
0.02586	0.0238	0.00031	0.04144	0.09294	0.00416	0.00082	0.00277	0.00343	0.00023	0.0032	0.04615	0.00114	0.03371	0.04125
0.02386	0.02205	0.00054	0.03629	0.09614	0.00231	0.00078	0.00484	0.0024	0.00016	0.00294	0.04345	0.00121	0.03053	0.03718
0.02339	0.02119	0.00035	0.03364	0.09721	0.00446	0.0008	0.00333	0.00242	0.00022	0.00177	0.05062	0.00086	0.02792	0.03811
0.02272	0.02011	0.00051	0.03704	0.0965	0.00343	0.00126	0.00227	0.00241	0.00013	0.00102	0.04825	0.00173	0.03124	0.03786
0.02115	0.01934	0.00035	0.03475	0.09785	0.00431	0.00156	0.00358	0.00208	0.00017	0.00232	0.05486	0.00155	0.02745	0.03681
0.02383	0.02103	0.00036	0.03487	0.09141	0.00447	0.00134	0.00399	0.00271	0.00025	0.00399	0.04936	0.00146	0.02799	0.03891
0.02275	0.02038	0.00041	0.03432	0.09324	0.00493	0.00213	0.00333	0.00184	0.00036	0.00282	0.04738	0.00101	0.02713	0.04145
0.02233	0.01982	0.00037	0.03964	0.09895	0.00284	0.00129	0.00282	0.00261	0.00015	0.00358	0.04827	0.00205	0.0332	0.04283
0.02274	0.02142	0.00036	0.03854	0.09915	0.00406	0.00075	0.00484	0.00184	0.0002	0.00619	0.04548	0.00172	0.03193	0.0407
0.02223	0.01853	0.00039	0.03397	0.09387	0.00478	0.00367	0.00347	0.0028	0.00025	0.00423	0.05307	0.00092	0.02616	0.03844
0.02244	0.02039	0.00039	0.03256	0.08677	0.00443	0.0019	0.00384	0.00264	0.00032	0.00258	0.04545	0.00141	0.02599	0.0348
0.02363	0.02121	0.00056	0.03199	0.09733	0.00252	0.00149	0.00293	0.00261	0.00028	0.00418	0.04668	0.00154	0.02514	0.03302
0.02459	0.0239	0.00055	0.03253	0.10552	0.0049	0.00213	0.00255	0.00263	0.00018	0.0054	0.05359	0.00123	0.02714	0.0329
0.02239	0.02212	0.00038	0.03789	0.09535	0.0079	0.00379	0.00489	0.00239	0.00022	0.00408	0.04512	0.00146	0.03067	0.03987
0.02588	0.02324	0.00052	0.03203	0.08156	0.00265	0.0016	0.00303	0.00285	0.00025	0.00246	0.04003	0.00091	0.02448	0.03727
0.02395	0.02266	0.00045	0.03617	0.09326	0.00608	0.00266	0.00529	0.00267	0.00035	0.0024	0.05199	0.00134	0.02923	0.04555
0.02429	0.02317	0.00062	0.03152	0.0908	0.00329	0.00084	0.00618	0.00341	0.00026	0.00332	0.05205	0.00141	0.02389	0.03951
0.0212	0.01904	0.00037	0.03646	0.08857	0.00377	0.00205	0.00489	0.00273	0.0002	0.00257	0.04542	0.00141	0.02871	0.03843
0.02135	0.01963	0.00039	0.04014	0.09921	0.0032	0.00156	0.0039	0.00281	0.00021	0.003	0.0431	0.00128	0.03303	0.04358
0.02128	0.02001	0.00057	0.03725	0.09614	0.00793	0.0028	0.00625	0.00237	0.00027	0.0036	0.04294	0.00154	0.03022	0.04002
0.02343	0.02091	0.00045	0.03988	0.1	0.00529	0.00191	0.00518	0.00184	0.00022	0.00212	0.05101	0.00114	0.03327	0.04298
0.02018	0.01777	0.00054	0.03696	0.09313	0.00589	0.00325	0.00503	0.0043	0.00022	0.00265	0.04895	0.00112	0.02945	0.03984
0.02284	0.02237	0.00036	0.03454	0.09414	0.00272	0.00134	0.00421	0.00313	0.00028	0.003	0.04362	0.00149	0.02695	0.04085
0.02009	0.01805	0.00053	0.03397	0.10272	0.00437	0.0031	0.00466	0.0024	0.00036	0.00253	0.05231	0.00092	0.02625	0.03667
0.01991	0.01803	0.00052	0.02871	0.0805	0.00365	0.00193	0.00576	0.00385	0.00032	0.00313	0.04588	0.00162	0.0217	0.03642
0.02025	0.01755	0.00057	0.03364	0.08908	0.0049	0.00331	0.00521	0.00255	0.00023	0.00214	0.04702	0.00155	0.02546	0.03822
0.0201	0.01756	0.00042	0.03074	0.08601	0.00571	0.00297	0.00399	0.0025	0.00035	0.00342	0.05132	0.00126	0.02388	0.03435
0.01732	0.01435	0.00034	0.0299	0.07961	0.00629	0.00314	0.00429	0.00215	0.00028	0.00542	0.04935	0.0014	0.02292	0.03488
0.02065	0.01904	0.00062	0.03337	0.09292	0.00382	0.00228	0.00661	0.00305	0.00024	0.00393	0.04807	0.00095	0.02837	0.03519
0.02047	0.0193	0.00054	0.03138	0.082	0.00342	0.0024	0.00428	0.00309	0.00022	0.00336	0.04757	0.00126	0.02332	0.03908
0.02014	0.01831	0.0005	0.03169	0.09126	0.00416	0.00134	0.00443	0.00216	0.00022	0.00126	0.04584	0.00123	0.02527	0.03645
0.02098	0.01903	0.00033	0.03018	0.0839	0.00391	0.00152	0.00428	0.00246	0.00025	0.00486	0.04851	0.00139	0.023	0.03804
0.01984	0.01885	0.00041	0.0329	0.09721	0.0055	0.00154	0.00561	0.00233	0.00027	0.00335	0.05197	0.00195	0.02834	0.03746
0.01975	0.01648	0.00051	0.03186	0.09027	0.00321	0.00118	0.00637	0.00172	0.00019	0.00291	0.04858	0.0014	0.02479	0.03375
0.02027	0.01678	0.00083	0.03005	0.08897	0.00266	0.00103	0.00317	0.00201	0.00018	0.00292	0.04849	0.00147	0.02377	0.03477
0.01758	0.01546	0.00061	0.03413	0.09471	0.00464	0.00295	0.00395	0.00159	0.00038	0.00399	0.05618	0.00127	0.0265	0.04105
0.01779	0.01735	0.00045	0.03486	0.09313	0.00329	0.00101	0.00398	0.00195	0.0004	0.00198	0.04656	0.00113	0.02858	0.04146
0.01913	0.01664	0.00081	0.0322	0.09721	0.00304	0.00186	0.00366	0.00202	0.00034	0.00299	0.04823	0.00149	0.02428	0.03069
0.01939	0.01615	0.00064	0.03188	0.09488	0.00326	0.0018	0.00424	0.00261	0.00013	0.00201	0.0535	0.00095	0.02529	0.03666
0.02131	0.01936	0.00042	0.03269	0.09229	0.00304	0.00127	0.00397	0.00246	0.00027	0.00319	0.04512	0.0012	0.02554	0.03658
0.02053	0.01964	0.00043	0.03157	0.08236	0.00249	0.00123	0.00352	0.00228	0.00026	0.00177	0.04565	0.00109	0.02381	0.037
0.02447	0.02154	0.00064	0.03674	0.09749	0.00423	0.00277	0.00319	0.00253	0.00025	0.00161	0.05296	0.00115	0.02899	0.04051
0.02244	0.02129	0.00061	0.0323	0.08868	0.00334	0.00199	0.00388	0.00307	0.00023	0.00228	0.05	0.00122	0.02496	0.03535
0.0217	0.01957	0.0008	0.0314	0.09069	0.00518	0.0044	0.00384	0.0031	0.00019	0.00309	0.05292	0.00121	0.02525	0.03445
0.02349	0.02289	0.00059	0.03487	0.09339	0.00527	0.00222	0.00349	0.0025	0.00023	0.00362	0.04405	0.00109	0.02794	0.03576
0.02256	0.01985	0.00056	0.03031	0.0882	0.00409	0.00233	0.00305	0.00291	0.00024	0.00268	0.05057	0.00101	0.02423	0.03637
0.02657	0.02325	0.00052	0.03735	0.09649	0.00279	0.00116	0.00314	0.00272	0.00022	0.00172	0.04396	0.00112	0.0304	0.03852
0.02282	0.02009	0.00063	0.03474	0.09047	0.00448	0.00307	0.00325	0.00337	0.00015	0.00247	0.04802	0.00116	0.02688	0.03794
0.02134	0.01947	0.00054	0.03513	0.1041	0.00242	0.00147	0.00343	0.00256	0.00033	0.00243	0.0433	0.00133	0.02873	0.0358
0.02478	0.02243	0.00042	0.03015	0.08573	0.00237	0.00134	0.00365	0.00342	0.00031	0.00266	0.04266	0.00137	0.02463	0.03275
0.02129	0.02136	0.0005	0.03056	0.08838	0.0031	0.00203	0.00517	0.00231	0.00028	0.0019	0.04472	0.00131	0.02326	0.03459
0.02314	0.02229	0.00052	0.03501	0.09062	0.00285	0.00218	0.00504	0.00299	0.00031	0.00254	0.04426	0.00105	0.02832	0.03731
0.02139	0.01953	0.00057	0.03254	0.08633	0.0022	0.00147	0.00374	0.00272	0.00029	0.00163	0.04504	0.00082	0.02509	0.03628
0.02303	0.02172	0.0006	0.0306	0.10054	0.00438	0.00353	0.00313	0.00217	0.0003	0.00169	0.0548	0.00068	0.02419	0.03468
0.02048	0.01838	0.00067	0.03126	0.09473	0.00655	0.00428	0.0041	0.00248	0.00031	0.00245	0.05272	0.00109	0.02512	0.03687
0.02212	0.0221	0.00061	0.03007	0.08906	0.00365	0.00147	0.00573	0.00242	0.00029	0.00209	0.04849	0.00109	0.02446	0.03717
0.02161	0.01965	0.00044	0.03813	0.09765	0.0043	0.00098	0.00564	0.00226	0.00025	0.00257	0.05077	0.0011	0.03132	0.03709
0.02099	0.02117	0.00056	0.03269	0.08799	0.00466	0.0015	0.00474	0.00176	0.00037	0.00182	0.04499	0.00094	0.02634	0.03717
0.02137	0.02041	0.00051	0.03284	0.09176	0.00357	0.00125	0.004	0.00151	0.00024	0.00248	0.04355	0.00124	0.02543	0.03474
0.0206	0.02038	0.0006	0.03392	0.08532	0.00449	0.0007	0.0052	0.00146	0.00039	0.00284	0.03883	0.00133	0.02702	0.03792
0.01938	0.0189	0.00031	0.03593	0.08947	0.00387	0.00215	0.0044	0.00264	0.00022	0.00355	0.04521	0.00112	0.02915	0.0378
0.02006	0.01947	0.00041	0.02913	0.08077	0.00815	0.00276	0.00414	0.00229	0.00023	0.00442	0.04794	0.00085	0.02228	0.03343
0.02056	0.01988	0.00038	0.03435	0.08429	0.00536	0.00146	0.00499	0.00219	0.00025	0.0019	0.04608	0.00105	0.02726	0.03726
0.02203	0.02011	0.00051	0.0321	0.08747	0.00421	0.00148	0.00381	0.00203	0.00031	0.00232	0.04749	0.00113	0.02578	0.03624
0.02194	0.02017	0.00072	0.03275	0.08867	0.00515	0.00083	0.00586	0.00182	0.00035	0.0026	0.04345	0.00119	0.0261	0.03707
0.02392	0.02149	0.00045	0.03513	0.09767	0.00452	0.00118	0.00537	0.00201	0.00028	0.00173	0.05181	0.0015	0.02842	0.03637
0.02266	0.02155	0.00081	0.03034	0.08983	0.00449	0.00187	0.00436	0.0018	0.00024	0.00295	0.04715	0.00106	0.02415	0.0368
0.02266	0.02033	0.00068	0.03611	0.09564	0.00499	0.00246	0.00573	0.00237	0.00037	0.00268	0.04753	0.00118	0.02995	0.03513
0.02191	0.02	0.00059	0.03368	0.09748	0.00426	0.00185	0.00483	0.00209	0.00027	0.00141	0.04863	0.00114	0.02779	0.03331
0.021	0.01791	0.00069	0.03131	0.09568	0.00327	0.00099	0.00427	0.00239	0.00025	0.00208	0.04557	0.00108	0.0258	0.03416
0.02361	0.02042	0.00069	0.03623	0.0929	0.00398	0.0016	0.00576	0.00244	0.00035	0.00224	0.04558	0.00132	0.03061	0.03871
0.02273	0.01985	0.00063	0.03392	0.08797	0.00391	0.00127	0.00418	0.00233	0.00022	0.00241	0.0456	0.00119	0.02748	0.03724
0.01967	0.02046	0.00081	0.03343	0.08732	0.00443	0.0028	0.0057	0.00238	0.00039	0.00186	0.0461	0.00129	0.02697	0.03766
0.01931	0.01816	0.001	0.03585	0.09345	0.00391	0.00165	0.00513	0.0026	0.00032	0.00206	0.04689	0.00132	0.02996	0.03752
0.0226	0.02013	0.00062	0.03487	0.08959	0.00404	0.00126	0.00618	0.00275	0.00029	0.00359	0.04796	0.00096	0.02775	0.03953
0.02362	0.01996	0.00044	0.03272	0.08926	0.00458	0.00137	0.00453	0.0023	0.00027	0.00262	0.04527	0.00145	0.02739	0.0341
0.02003	0.01875	0.00061	0.03413	0.08998	0.00437	0.00212	0.00393	0.0022	0.00028	0.00306	0.04982	0.00142	0.02776	0.03873
0.02081	0.01982	0.00062	0.03436	0.09564	0.0053	0.00254	0.00446	0.00278	0.00019	0.00236	0.04955	0.00098	0.02766	0.03987
0.02099	0.01929	0.0005	0.03526	0.09759	0.00439	0.00146	0.00581	0.00251	0.0003	0.00213	0.05047	0.00165	0.02874	0.03323
0.02283	0.02075	0.00053	0.03314	0.08593	0.00547	0.00178	0.00593	0.00293	0.0003	0.00311	0.04855	0.00139	0.02568	0.03492
0.02241	0.01932	0.00048	0.03413	0.09228	0.00376	0.00092	0.0052	0.0028	0.00029	0.00146	0.04655	0.00159	0.02704	0.03788
0.02231	0.02194	0.00056	0.03103	0.08986	0.00494	0.00171	0.00562	0.00279	0.00031	0.00236	0.04917	0.00134	0.0242	0.03576
0.02136	0.02011	0.00067	0.03728	0.09528	0.00532	0.00182	0.00533	0.0028	0.00027	0.00406	0.05272	0.00144	0.0307	0.03689
0.0233	0.02109	0.00062	0.03769	0.1052	0.00536	0.00116	0.00531	0.00336	0.00038	0.00313	0.04762	0.00137	0.03099	0.0365
0.02303	0.01947	0.00073	0.03591	0.09979	0.00502	0.00145	0.00445	0.00277	0.00038	0.00424	0.05297	0.00138	0.02816	0.03747
0.0214	0.01871	0.00065	0.03306	0.09445	0.00536	0.00253	0.0058	0.00321	0.00025	0.00457	0.05018	0.00112	0.02664	0.03634
0.02074	0.01902	0.00042	0.03192	0.0874	0.00463	0.00118	0.00554	0.00247	0.0004	0.00329	0.04634	0.00126	0.02396	0.03638
0.02044	0.01918	0.00052	0.0374	0.1033	0.00506	0.001	0.00524	0.00278	0.00028	0.00318	0.05335	0.00145	0.0301	0.0375
0.02126	0.01885	0.00088	0.03312	0.09587	0.00421	0.00093	0.00645	0.00245	0.00034	0.00311	0.05134	0.00158	0.02702	0.03332
0.02021	0.018	0.00075	0.03671	0.09881	0.0073	0.00205	0.00502	0.00267	0.00035	0.00454	0.05228	0.00132	0.02956	0.03782
0.02167	0.01969	0.00057	0.03283	0.09445	0.00613	0.00099	0.00617	0.00226	0.00024	0.00367	0.05064	0.00152	0.02693	0.03468
0.02274	0.01926	0.00055	0.03552	0.09571	0.00672	0.00316	0.00447	0.00246	0.00041	0.00342	0.05798	0.00132	0.02814	0.03556
0.02157	0.01976	0.00093	0.03324	0.09399	0.006	0.00137	0.00447	0.00226	0.00028	0.0049	0.05205	0.00124	0.02614	0.03694
0.0208	0.01851	0.00071	0.03541	0.09442	0.00618	0.00177	0.00522	0.00313	0.00029	0.00415	0.05076	0.00127	0.02806	0.03467
0.02284	0.02016	0.00067	0.03548	0.0977	0.005	0.00159	0.00596	0.00292	0.00041	0.00409	0.05013	0.00155	0.02894	0.03356
0.02041	0.019	0.00078	0.03542	0.09536	0.00671	0.00208	0.00673	0.00257	0.00043	0.00387	0.05075	0.00123	0.02747	0.03413
0.02106	0.02095	0.00061	0.03902	0.10746	0.00472	0.00128	0.00648	0.00265	0.00028	0.00512	0.0482	0.00147	0.0324	0.03496
0.02281	0.02109	0.00047	0.03393	0.10511	0.00523	0.0016	0.00574	0.00263	0.00032	0.00427	0.05228	0.00133	0.02765	0.03356
0.02239	0.01971	0.00087	0.03285	0.09816	0.00395	0.00145	0.00499	0.00355	0.00029	0.00433	0.05124	0.00137	0.02583	0.0335
0.02136	0.01959	0.00048	0.0336	0.10034	0.00563	0.00174	0.0061	0.00286	0.0003	0.00331	0.04987	0.00116	0.02655	0.0346
0.02005	0.01941	0.00085	0.03755	0.10643	0.00492	0.00112	0.00653	0.00271	0.00028	0.0035	0.05122	0.00131	0.03094	0.03556
0.0234	0.0215	0.00086	0.04093	0.10575	0.00506	0.00135	0.0064	0.00371	0.00037	0.00392	0.05057	0.00139	0.03514	0.03641
0.02342	0.01999	0.00071	0.03585	0.09761	0.00565	0.00162	0.00547	0.00239	0.00036	0.00354	0.04821	0.00131	0.02827	0.03619
0.02172	0.02012	0.00073	0.03444	0.09492	0.00526	0.00211	0.00482	0.00236	0.00031	0.00412	0.04971	0.00128	0.02823	0.03203
0.02342	0.02183	0.00057	0.03313	0.09975	0.00545	0.00158	0.00579	0.00301	0.00036	0.00397	0.05229	0.00137	0.02567	0.03721
0.02326	0.02001	0.00063	0.03598	0.10288	0.00464	0.00107	0.00581	0.00284	0.00043	0.00266	0.04871	0.00104	0.02828	0.03729
0.02044	0.01851	0.00085	0.03465	0.0943	0.00317	0.00125	0.00562	0.00245	0.00028	0.00268	0.04608	0.00146	0.02768	0.03544
0.02104	0.02031	0.00066	0.0328	0.08726	0.00301	0.001	0.00493	0.00293	0.00032	0.00216	0.0427	0.00117	0.02525	0.03696
0.01867	0.01711	0.00047	0.03402	0.09415	0.00297	0.00132	0.00605	0.00268	0.00032	0.00263	0.04599	0.00137	0.02714	0.03436
0.02178	0.01941	0.00075	0.03303	0.08889	0.00327	0.00106	0.00426	0.00347	0.00037	0.00217	0.03991	0.00138	0.02672	0.0349
0.02224	0.02002	0.00061	0.03292	0.09545	0.00338	0.00138	0.00468	0.00292	0.00033	0.00357	0.0405	0.0013	0.02569	0.03629
0.02106	0.0209	0.00076	0.03451	0.09588	0.00248	0.00091	0.00406	0.00292	0.00035	0.00247	0.03962	0.0013	0.02774	0.03671
0.01969	0.01878	0.0005	0.03367	0.0943	0.00321	0.00087	0.00471	0.00245	0.00026	0.00363	0.03998	0.00127	0.02769	0.03189
0.02164	0.02032	0.00071	0.03064	0.08961	0.00431	0.00134	0.00457	0.00242	0.00032	0.00267	0.04336	0.00125	0.02456	0.03296
0.02174	0.01981	0.00081	0.03316	0.0931	0.00279	0.0011	0.00508	0.0032	0.00024	0.00304	0.04061	0.00121	0.02554	0.03343
0.02171	0.02013	0.00076	0.03263	0.09123	0.00412	0.00152	0.00532	0.00302	0.00036	0.00321	0.04038	0.00127	0.02648	0.03459
0.022	0.02169	0.00081	0.03061	0.09201	0.00652	0.00125	0.00584	0.00291	0.00024	0.00373	0.04327	0.00131	0.02402	0.03367
0.02287	0.02232	0.00056	0.0297	0.08846	0.00476	0.00142	0.00581	0.00277	0.00028	0.00326	0.04714	0.00132	0.02214	0.03473
0.02517	0.02425	0.0007	0.03362	0.09469	0.00551	0.00218	0.00505	0.00315	0.00027	0.00281	0.04309	0.00178	0.0276	0.03411
0.02422	0.02465	0.00069	0.03515	0.10228	0.0048	0.00095	0.00594	0.00356	0.00025	0.00283	0.04402	0.00118	0.02932	0.03502
0.0241	0.02448	0.00076	0.03548	0.09754	0.00298	0.001	0.00593	0.00309	0.00028	0.00306	0.04336	0.00142	0.0287	0.03534
0.02508	0.02487	0.00062	0.03502	0.10203	0.0041	0.00089	0.0056	0.00323	0.00024	0.00271	0.04799	0.0015	0.02896	0.0356
0.02383	0.02368	0.00065	0.03226	0.09375	0.00372	0.00105	0.0045	0.0023	0.0003	0.00284	0.04315	0.00123	0.02613	0.03293
0.02531	0.02382	0.00085	0.03161	0.09214	0.00395	0.00131	0.00554	0.00343	0.00035	0.00205	0.04647	0.00154	0.02577	0.03514
0.02522	0.0243	0.00079	0.03023	0.08778	0.00381	0.00101	0.0051	0.00364	0.00036	0.00318	0.04147	0.00125	0.02408	0.03244
0.02323	0.02276	0.00074	0.03503	0.09673	0.00465	0.00147	0.00602	0.00304	0.00024	0.00302	0.04433	0.00139	0.02869	0.03581
0.0232	0.02205	0.00082	0.03411	0.09427	0.00494	0.002	0.00488	0.00369	0.00039	0.00256	0.04859	0.00127	0.02653	0.03524
0.02511	0.02505	0.00093	0.03428	0.09246	0.00514	0.00139	0.0057	0.00359	0.00024	0.00299	0.04549	0.00131	0.0278	0.03676
0.02417	0.02446	0.00091	0.03276	0.0957	0.00605	0.00214	0.00488	0.00338	0.00023	0.00318	0.04897	0.00141	0.02642	0.03476
0.02438	0.0223	0.00062	0.03564	0.09598	0.00457	0.00141	0.00549	0.00321	0.00023	0.0028	0.04736	0.00123	0.02909	0.03592
0.02483	0.02351	0.00096	0.03098	0.09423	0.00435	0.00184	0.005	0.00409	0.00023	0.00256	0.04727	0.00124	0.02444	0.03433
0.02531	0.02529	0.00078	0.03377	0.0931	0.00442	0.00132	0.0056	0.00325	0.00023	0.00241	0.04341	0.00155	0.0276	0.03552
0.02472	0.02469	0.00105	0.03475	0.09236	0.00468	0.00126	0.00506	0.00325	0.00023	0.00271	0.0467	0.00133	0.02777	0.03586
0.02205	0.02283	0.00092	0.03289	0.09658	0.00434	0.0013	0.00535	0.00344	0.00023	0.0029	0.04744	0.00115	0.02618	0.03442
0.02451	0.02471	0.00084	0.03395	0.09676	0.00377	0.00115	0.00496	0.00343	0.00023	0.00268	0.0478	0.00116	0.02714	0.03705
0.02448	0.02444	0.00084	0.03588	0.10011	0.0043	0.00223	0.00495	0.00398	0.00024	0.00239	0.04569	0.00145	0.02939	0.03628
0.02375	0.02311	0.00075	0.0355	0.09761	0.00426	0.00184	0.00538	0.0033	0.00029	0.00289	0.04416	0.00143	0.02868	0.03593
0.02455	0.02351	0.00089	0.03509	0.1007	0.00362	0.00124	0.00431	0.00328	0.00024	0.00213	0.04417	0.00144	0.02828	0.03394
0.02561	0.02376	0.00094	0.03617	0.09376	0.00351	0.00169	0.00454	0.00349	0.00025	0.00283	0.04137	0.00159	0.02817	0.03768
0.02514	0.02357	0.00085	0.03303	0.09488	0.00349	0.0013	0.00538	0.00305	0.0003	0.00283	0.04246	0.00139	0.02703	0.03457
0.0233	0.02286	0.00058	0.03481	0.0927	0.005	0.00191	0.00457	0.00269	0.00023	0.00298	0.04375	0.00149	0.02793	0.03761
0.02541	0.02427	0.00077	0.03352	0.09743	0.00369	0.00166	0.00415	0.00379	0.00024	0.00238	0.0487	0.00126	0.0267	0.03584
0.02501	0.02254	0.00077	0.03286	0.09237	0.00372	0.00218	0.00534	0.00365	0.00029	0.00315	0.04261	0.00117	0.02625	0.03441
0.02484	0.02349	0.00069	0.03422	0.09461	0.00373	0.00145	0.00572	0.00301	0.00036	0.00274	0.04447	0.00152	0.02717	0.03599
0.02455	0.02302	0.001	0.03513	0.09804	0.00381	0.00172	0.00533	0.00363	0.00032	0.00279	0.04724	0.00158	0.02787	0.03586
0.02373	0.02263	0.00087	0.03179	0.09258	0.00386	0.00149	0.00562	0.00309	0.00023	0.00223	0.04676	0.00137	0.02458	0.03511
0.02486	0.02435	0.00106	0.03345	0.0972	0.00343	0.00125	0.00548	0.00312	0.00036	0.0034	0.04519	0.00143	0.02651	0.0341
0.02427	0.02372	0.00079	0.03291	0.09578	0.00354	0.00138	0.00624	0.00317	0.00029	0.00303	0.04389	0.00119	0.0254	0.03536
0.02461	0.02374	0.00086	0.03401	0.09384	0.00368	0.00151	0.0056	0.0032	0.00025	0.00262	0.04672	0.00139	0.02721	0.03628
0.02523	0.02392	0.00107	0.03428	0.09666	0.00394	0.00122	0.00526	0.00271	0.00028	0.00282	0.04577	0.00153	0.02756	0.03181
0.02277	0.02148	0.0008	0.03522	0.09657	0.00434	0.00196	0.0059	0.003	0.00032	0.00227	0.0452	0.00134	0.02835	0.03423
0.02472	0.024	0.00077	0.03413	0.09647	0.00441	0.00147	0.00562	0.00252	0.00023	0.00281	0.04668	0.0016	0.02675	0.03421
0.02399	0.02348	0.00094	0.03357	0.09741	0.00399	0.00183	0.00548	0.0026	0.00031	0.00285	0.04572	0.00147	0.02732	0.03512
0.02371	0.02314	0.00082	0.03368	0.09177	0.0035	0.00202	0.00593	0.0027	0.0003	0.00294	0.04418	0.00116	0.02658	0.03763
0.0246	0.02352	0.00073	0.03344	0.09214	0.00397	0.00124	0.00574	0.00295	0.00021	0.00307	0.04404	0.00159	0.02599	0.03464
0.02384	0.02342	0.00097	0.0329	0.09352	0.00481	0.00155	0.0068	0.00268	0.00033	0.00306	0.04538	0.00145	0.02498	0.035
0.02405	0.02314	0.0008	0.03342	0.09109	0.00376	0.00121	0.00503	0.0028	0.00023	0.00312	0.04423	0.00138	0.02683	0.03805
0.02542	0.02411	0.00074	0.03604	0.09473	0.00377	0.00148	0.00509	0.00304	0.00027	0.00314	0.04388	0.00136	0.02853	0.03818
0.0228	0.02277	0.0008	0.03258	0.09502	0.00396	0.00176	0.00543	0.00254	0.00028	0.00297	0.04562	0.00148	0.02579	0.03684
0.02374	0.02282	0.00082	0.03531	0.0953	0.00357	0.00167	0.00551	0.00231	0.00031	0.00316	0.04481	0.00128	0.02806	0.03635
0.0237	0.02264	0.00076	0.03336	0.0972	0.00393	0.00167	0.00466	0.00276	0.00034	0.00362	0.04542	0.00131	0.02593	0.03543
0.02367	0.02224	0.0009	0.03515	0.09854	0.00422	0.002	0.00469	0.00251	0.00022	0.00246	0.04497	0.00119	0.02805	0.0359
0.02364	0.02162	0.00076	0.03506	0.09556	0.00405	0.00168	0.0057	0.00276	0.00026	0.00292	0.04471	0.00132	0.02812	0.03569
0.02346	0.02315	0.00097	0.03553	0.09622	0.0042	0.00161	0.00602	0.00275	0.00035	0.00221	0.04511	0.00136	0.02837	0.0381
0.02411	0.02405	0.00084	0.03491	0.0979	0.00388	0.00185	0.00529	0.00262	0.00039	0.00245	0.04641	0.00126	0.02806	0.03752
0.0237	0.02331	0.00064	0.03274	0.09546	0.00477	0.00174	0.00527	0.00217	0.00032	0.00292	0.04652	0.00134	0.02533	0.03581
0.02534	0.02455	0.00085	0.03352	0.09374	0.00398	0.00145	0.00552	0.00255	0.00025	0.00341	0.04406	0.00138	0.02682	0.03582
0.02456	0.02222	0.00084	0.03178	0.09124	0.00411	0.00151	0.00531	0.00216	0.00029	0.00298	0.04436	0.0013	0.02498	0.0368
0.02472	0.02365	0.00103	0.03564	0.09634	0.00394	0.00144	0.00556	0.00244	0.00028	0.00304	0.04509	0.00153	0.02846	0.03637
0.02409	0.02326	0.00073	0.03359	0.09204	0.0048	0.00159	0.00605	0.00243	0.00028	0.0026	0.04625	0.00135	0.02654	0.03612
0.02356	0.0235	0.00067	0.03713	0.09671	0.00464	0.00134	0.00564	0.00247	0.0003	0.00332	0.04677	0.00168	0.03043	0.03672
0.024	0.02348	0.00072	0.03414	0.0957	0.00472	0.00156	0.00593	0.00239	0.00032	0.00315	0.04627	0.00147	0.02764	0.03357
0.02469	0.02378	0.00096	0.03439	0.09109	0.00421	0.00152	0.00614	0.00233	0.00033	0.00281	0.04359	0.00123	0.02774	0.03546
0.02312	0.02315	0.00078	0.03303	0.09658	0.0043	0.00135	0.00555	0.00256	0.00029	0.00286	0.04531	0.0013	0.02679	0.03304
0.02471	0.02486	0.0009	0.03314	0.0949	0.00368	0.00153	0.00532	0.0027	0.00028	0.00315	0.04573	0.00137	0.02652	0.03524
0.02366	0.02278	0.00084	0.03468	0.09472	0.00388	0.00139	0.00589	0.00309	0.00027	0.00267	0.0475	0.00137	0.02705	0.03779
0.02358	0.02468	0.00093	0.03376	0.09796	0.00369	0.00141	0.00563	0.00276	0.00029	0.00361	0.04725	0.0012	0.02655	0.03579
0.02415	0.02306	0.00097	0.03248	0.09354	0.00383	0.00155	0.00583	0.00272	0.00035	0.00303	0.04529	0.00141	0.02572	0.0357
0.02295	0.02368	0.00097	0.03418	0.09477	0.00389	0.00162	0.00602	0.00294	0.00029	0.0026	0.04626	0.00145	0.02712	0.03544
0.02298	0.02251	0.00071	0.03354	0.09609	0.00462	0.00148	0.00585	0.0028	0.00036	0.00274	0.04812	0.00119	0.02722	0.03578
0.02372	0.02346	0.00089	0.03238	0.09486	0.00346	0.00145	0.00545	0.00291	0.0003	0.00289	0.04877	0.00118	0.02583	0.03554
0.02468	0.02412	0.00092	0.0345	0.09676	0.00407	0.0015	0.00552	0.00225	0.0003	0.00297	0.04856	0.00139	0.02794	0.03661
0.02447	0.02251	0.00081	0.03349	0.09422	0.00379	0.0019	0.00521	0.00254	0.00035	0.00311	0.04805	0.00098	0.02718	0.03423
0.02505	0.02428	0.00072	0.03451	0.09447	0.00378	0.00143	0.00556	0.00267	0.00033	0.00294	0.04756	0.00116	0.02751	0.03614
0.02486	0.02496	0.00078	0.03325	0.09489	0.00355	0.00153	0.00563	0.00287	0.00032	0.00244	0.04728	0.0013	0.02646	0.03533
0.02351	0.02311	0.00071	0.03501	0.09446	0.0043	0.00143	0.00559	0.0027	0.00036	0.00327	0.04683	0.00122	0.02794	0.03681
0.0241	0.02343	0.00087	0.03467	0.0967	0.00386	0.00125	0.00597	0.00269	0.00026	0.00246	0.04725	0.00166	0.02801	0.03545
0.02412	0.02354	0.00094	0.03441	0.09706	0.0042	0.00178	0.00557	0.00272	0.00035	0.00262	0.04957	0.00142	0.02766	0.03571
