1	21.993829166666668	21.3243578125
2	21.311916666666665	21.24391875
3	21.236891666666665	21.2126375
4	21.197109722222223	21.1528015625
5	21.125004166666667	21.1198671875
6	21.068975	21.0472359375
7	20.97073888888889	20.88755
8	20.816730555555555	20.7493875
9	20.641695833333333	20.572009375
10	20.475168055555557	20.354359375
11	20.290919444444445	20.214940625
12	20.124334722222223	20.059325
13	19.971330555555557	19.8930609375
14	19.841194444444444	19.79030625
15	19.715397222222222	19.6487734375
16	19.599405555555556	19.551909375
17	19.487725	19.438503125
18	19.376720833333334	19.311040625
19	19.256468055555555	19.1979125
20	19.134727777777776	19.072796875
21	19.014222222222223	18.9638984375
22	18.926631944444445	18.8360234375
23	18.822377777777778	18.764303125
24	18.703570833333334	18.628484375
25	18.59797638888889	18.503965625
26	18.485941666666665	18.408265625
27	18.369969444444443	18.331609375
28	18.278647222222222	18.2017578125
29	18.17082361111111	18.077128125
30	18.0745125	17.9836828125
31	17.9761625	17.86945
32	17.875855555555557	17.820653125
33	17.81078888888889	17.7659546875
34	17.719118055555555	17.6244484375
35	17.638202777777778	17.614859375
36	17.570238888888888	17.5195875
37	17.471634722222223	17.455203125
38	17.433468055555554	17.3623484375
39	17.33731111111111	17.2797453125
40	17.296266666666668	17.21805
41	17.208219444444445	17.15404375
42	17.159869444444446	17.1226046875
43	17.09288888888889	17.033203125
44	17.021733333333334	16.9942453125
45	16.962258333333335	16.94595
46	16.898370833333335	16.85788125
47	16.844131944444445	16.820853125
48	16.791272222222222	16.73746875
49	16.736480555555556	16.69825625
50	16.676280555555557	16.62864375
51	16.624359722222223	16.57503125
52	16.558018055555557	16.535503125
53	16.510041666666666	16.476325
54	16.465386111111112	16.434821875
55	16.41573888888889	16.436915625
56	16.358433333333334	16.292646875
57	16.312854166666668	16.2587875
58	16.271191666666667	16.234396875
59	16.210763888888888	16.162459375
60	16.18125277777778	16.1678359375
61	16.144131944444446	16.1246140625
62	16.09201388888889	16.0931375
63	16.06127777777778	15.98209375
64	16.019052777777777	15.9842390625
65	15.985440277777778	15.921321875
66	15.936311111111111	15.8963125
67	15.895663888888889	15.8762421875
68	15.854251388888889	15.85845
69	15.815223611111112	15.7911640625
70	15.776586111111111	15.78763125
71	15.742301388888889	15.7138140625
72	15.701123611111111	15.6360296875
73	15.651719444444444	15.6526046875
74	15.633744444444444	15.6067125
75	15.605423611111112	15.5265109375
76	15.549601388888888	15.548909375
77	15.552841666666666	15.5181265625
78	15.504165277777778	15.5345515625
79	15.465131944444444	15.4732359375
80	15.420019444444444	15.399134375
81	15.388425	15.364534375
82	15.357433333333333	15.3373203125
83	15.341631944444444	15.277428125
84	15.291545833333334	15.30136875
85	15.269981944444444	15.2721671875
86	15.247741666666666	15.259571875
87	15.205920833333334	15.2465375
88	15.202829166666668	15.1401203125
89	15.144480555555555	15.145728125
90	15.128790277777778	15.091040625
91	15.113572222222222	15.076778125
92	15.075897222222222	15.05990625
93	15.055795833333333	15.0041109375
94	15.010826388888889	15.022675
95	14.976879166666667	14.9640890625
96	14.96785	14.98184375
97	14.955741666666666	14.8623734375
98	14.925379166666668	14.890478125
99	14.901555555555555	14.890759375
100	14.87652361111111	14.8804328125
101	14.867384722222223	14.86260625
102	14.834173611111112	14.8140375
103	14.788040277777778	14.7798578125
104	14.755302777777779	14.735103125
105	14.73664861111111	14.707003125
106	14.7101625	14.7091953125
107	14.679322222222222	14.6647828125
108	14.664034722222222	14.6538515625
109	14.633991666666667	14.6328515625
110	14.636922222222223	14.6028765625
111	14.610781944444444	14.594840625
112	14.576847222222222	14.5454828125
113	14.5495125	14.516603125
114	14.533931944444445	14.5194203125
115	14.487827777777778	14.516690625
116	14.456113888888888	14.4685015625
117	14.456484722222223	14.3870296875
118	14.436891666666666	14.3847625
119	14.42189861111111	14.39255
120	14.40935	14.3554
121	14.364705555555556	14.396134375
122	14.3417125	14.3870875
123	14.330361111111111	14.344578125
124	14.309154166666668	14.28621875
125	14.295058333333333	14.3125921875
126	14.311990277777777	14.247775
127	14.261202777777777	14.293075
128	14.22767638888889	14.216490625
129	14.220886111111112	14.2059484375
130	14.196229166666667	14.173071875
131	14.17566388888889	14.158790625
132	14.18939861111111	14.154353125
133	14.143277777777778	14.08599375
134	14.095744444444444	14.135021875
135	14.0751125	14.1066671875
136	14.07584861111111	14.088028125
137	14.076234722222223	14.04924375
138	14.052558333333334	14.0504609375
139	14.022422222222222	14.041290625
140	14.013559722222222	13.9955984375
141	13.989756944444444	13.9802375
142	13.98105	13.9986234375
143	13.971194444444444	13.94404375
144	13.946848611111111	14.021290625
145	13.924443055555555	13.93141875
146	13.913415277777778	13.93679375
147	13.885238888888889	13.91469375
148	13.880665277777778	13.83988125
149	13.874166666666667	13.920665625
150	13.853069444444445	13.8684125
151	13.822301388888889	13.878528125
152	13.822552777777778	13.753034375
153	13.820930555555556	13.826753125
154	13.788430555555555	13.7126125
155	13.777241666666667	13.800446875
156	13.750725	13.7839421875
157	13.744102777777778	13.806190625
158	13.723590277777777	13.7650140625
159	13.736081944444445	13.7615875
160	13.698472222222222	13.7168234375
161	13.696379166666667	13.6693125
162	13.689748611111112	13.7354796875
163	13.666005555555556	13.61501875
164	13.640409722222222	13.6883484375
165	13.641908333333333	13.666809375
166	13.628981944444444	13.6815171875
167	13.605577777777778	13.602140625
168	13.584325	13.5942578125
169	13.5664375	13.56893125
170	13.5952	13.5444984375
171	13.551544444444444	13.5267421875
172	13.555295833333334	13.568875
173	13.515968055555556	13.515715625
174	13.536284722222222	13.5458875
175	13.525088888888888	13.478559375
176	13.507629166666666	13.5440625
177	13.49051388888889	13.490115625
178	13.483461111111112	13.506659375
179	13.470484722222222	13.5236703125
180	13.480927777777778	13.496665625
181	13.467565277777778	13.428515625
182	13.4158125	13.4310140625
183	13.436019444444444	13.445425
184	13.434468055555556	13.465615625
185	13.41328888888889	13.44105625
186	13.406554166666666	13.379453125
187	13.403131944444445	13.40571875
188	13.377530555555555	13.3745875
189	13.351158333333334	13.3818234375
190	13.381020833333332	13.36715625
191	13.352527777777778	13.368434375
192	13.326802777777777	13.3140359375
193	13.328083333333334	13.2956921875
194	13.336098611111112	13.385834375
195	13.317880555555556	13.3114703125
196	13.301595833333334	13.32734375
197	13.299748611111111	13.2771296875
198	13.27160138888889	13.328446875
199	13.270405555555556	13.270884375
200	13.272516666666666	13.2324625
201	13.267443055555555	13.299528125
202	13.237030555555556	13.2597921875
203	13.223479166666667	13.250409375
204	13.237931944444444	13.22951875
205	13.215636111111111	13.18774375
206	13.2070125	13.1760875
207	13.201854166666667	13.201671875
208	13.194265277777777	13.25525625
209	13.195266666666667	13.19079375
210	13.160247222222223	13.173815625
211	13.1719125	13.1087296875
212	13.13735	13.1780265625
213	13.133495833333333	13.1921078125
214	13.15488611111111	13.1504046875
215	13.106834722222223	13.181365625
216	13.132156944444445	13.170034375
217	13.132733333333332	13.11069375
218	13.087884722222222	13.1212375
219	13.096122222222222	13.169334375
220	13.087075	13.131584375
221	13.098331944444444	13.0914671875
222	13.0721625	13.1617984375
223	13.073390277777778	13.0744890625
224	13.057319444444444	13.100734375
225	13.048965277777778	13.09575234375
226	13.044797222222222	13.0713
227	13.04267361111111	13.0925484375
228	13.0332375	13.01098671875
229	13.030269444444444	13.084809375
230	13.036744444444444	13.08830703125
231	13.027776388888888	13.05503046875
232	13.002652777777778	13.0271421875
233	12.987520833333333	13.027003125
234	13.001386111111112	13.06048203125
235	12.986418055555555	12.9956296875
236	12.954372222222222	12.97785859375
237	12.960091666666667	12.9540828125
238	12.952155555555555	13.03729296875
239	12.954022222222223	13.0126625
240	12.942848611111112	12.9596296875
241	12.920209722222221	12.9819125
242	12.9189625	12.9241703125
243	12.916140277777778	12.9211875
244	12.897744444444445	12.93761875
245	12.912118055555556	12.93048125
246	12.897115277777777	12.928978125
247	12.901993055555556	12.8945265625
248	12.866791666666666	12.9068578125
249	12.869656944444445	12.89960234375
250	12.889083333333334	12.9079390625
251	12.862495833333334	12.9209171875
252	12.868226388888889	12.86983125
253	12.839033333333333	12.8610046875
254	12.852919444444444	12.8959765625
255	12.838143055555555	12.85152109375
256	12.842280555555556	12.8909890625
257	12.84553611111111	12.858696875
258	12.805572222222223	12.8223828125
259	12.808252777777778	12.89092890625
260	12.812956944444444	12.84446953125
261	12.789794444444444	12.8534796875
262	12.80407638888889	12.830075
263	12.78840138888889	12.886465625
264	12.777966666666666	12.8557265625
265	12.76988888888889	12.8093078125
266	12.748436111111111	12.8088671875
267	12.762641666666667	12.8587171875
268	12.750080555555556	12.726034375
269	12.754563888888889	12.83053984375
270	12.73921111111111	12.77282890625
271	12.727443055555556	12.7783234375
272	12.707718055555555	12.7502421875
273	12.70303611111111	12.7974265625
274	12.704572222222222	12.730815625
275	12.69952638888889	12.7506921875
276	12.694095833333334	12.801403125
277	12.695318055555555	12.78265859375
278	12.68307361111111	12.7812125
279	12.688272222222222	12.732084375
280	12.658570833333334	12.7199046875
281	12.678136111111112	12.688353125
282	12.687681944444444	12.71137890625
283	12.649077777777778	12.7294953125
284	12.620644444444444	12.693621875
285	12.647638888888888	12.6816671875
286	12.632018055555555	12.76623671875
287	12.619163888888888	12.6757875
288	12.6100125	12.692953125
289	12.612483333333333	12.6771859375
290	12.603741666666666	12.7136015625
291	12.611590277777777	12.62728046875
292	12.612515277777778	12.68974140625
293	12.604147222222222	12.692384375
294	12.600531944444445	12.6865359375
295	12.5801375	12.6643859375
296	12.599879166666666	12.7075328125
297	12.561630555555556	12.67756875
298	12.577002777777778	12.65023828125
299	12.557058333333334	12.58590078125
300	12.544870833333333	12.624846875
301	12.533893055555556	12.6172546875
302	12.519994444444444	12.6234375
303	12.534429166666667	12.64109609375
304	12.534097222222222	12.5766984375
305	12.515315277777777	12.637371875
306	12.539847222222223	12.6337546875
307	12.508545833333333	12.63777734375
308	12.490052777777779	12.59575
309	12.502605555555556	12.55430859375
310	12.50457361111111	12.55537421875
311	12.490894444444445	12.57044609375
312	12.495106944444444	12.529265625
313	12.4773625	12.5652203125
314	12.470855555555556	12.56996875
315	12.457697222222222	12.5401109375
316	12.46665138888889	12.48951015625
317	12.443480555555556	12.576953125
318	12.456916666666666	12.5838765625
319	12.434630555555556	12.5117046875
320	12.427027777777777	12.5102375
321	12.413040277777778	12.5070203125
322	12.431983333333333	12.50215625
323	12.417209722222223	12.5478703125
324	12.430318055555556	12.4917515625
325	12.399415277777777	12.54794453125
326	12.408073611111112	12.50658515625
327	12.39205138888889	12.53264921875
328	12.394258333333333	12.4970078125
329	12.398147222222223	12.47541015625
330	12.36112638888889	12.47188125
331	12.381993055555556	12.5560484375
332	12.35217361111111	12.378865625
333	12.352561111111111	12.457475
334	12.360280555555555	12.44386875
335	12.344479166666666	12.39466875
336	12.3131	12.47220859375
337	12.324376388888888	12.4438484375
338	12.35845138888889	12.43923515625
339	12.359640277777778	12.41805390625
340	12.356818055555555	12.4169984375
341	12.323506944444444	12.430753125
342	12.30916388888889	12.44609453125
343	12.308373611111112	12.39541484375
344	12.296147222222222	12.425609375
345	12.286258333333333	12.4322796875
346	12.288113888888889	12.44210078125
347	12.278916666666667	12.3942578125
348	12.265906944444444	12.359459375
349	12.2520125	12.424565625
350	12.274775	12.37972265625
351	12.236590277777777	12.37266875
352	12.271734722222222	12.33962734375
353	12.249686111111112	12.3956828125
354	12.251747222222223	12.387546875
355	12.219579166666668	12.3491984375
356	12.233858333333334	12.3820546875
357	12.198279166666667	12.37033125
358	12.215941666666666	12.408978125
359	12.245951388888889	12.3508984375
360	12.224363888888888	12.35561796875
361	12.196930555555555	12.3552328125
362	12.187475	12.36098515625
363	12.19776388888889	12.33646953125
364	12.173259722222221	12.33488984375
365	12.167433333333333	12.3239078125
366	12.151845833333333	12.3879765625
367	12.163870833333334	12.35494140625
368	12.14831388888889	12.30016875
369	12.124604166666666	12.38438203125
370	12.142880555555555	12.26215625
371	12.150736111111112	12.2804625
372	12.103366666666666	12.23085078125
373	12.156526388888889	12.2929234375
374	12.148515277777777	12.2795140625
375	12.126166666666666	12.33639453125
376	12.112748611111112	12.330075
377	12.0786	12.2672375
378	12.060448611111111	12.27176953125
379	12.098416666666667	12.2376859375
380	12.100297222222222	12.3190859375
381	12.099913888888889	12.2956015625
382	12.087797222222223	12.2940890625
383	12.101080555555555	12.3304890625
384	12.069766666666666	12.28773515625
385	12.074427777777778	12.28114375
386	12.055277777777778	12.29209765625
387	12.0797125	12.1873390625
388	12.041951388888888	12.275646875
389	12.041229166666668	12.2620015625
390	12.049879166666667	12.23398125
391	12.028491666666667	12.2295359375
392	12.019919444444444	12.2156859375
393	12.075855555555556	12.234440625
394	12.058405555555556	12.247584375
395	11.995405555555555	12.243725
396	12.0109625	12.24578203125
397	12.026441666666667	12.2721671875
398	12.000156944444445	12.152165625
399	12.004858333333333	12.19641484375
400	11.984684722222223	12.2677875
401	12.025004166666667	12.219821875
402	11.972954166666666	12.183715625
403	11.978644444444445	12.2172515625
404	11.965130555555556	12.24521953125
405	11.977879166666666	12.23118984375
406	11.953704166666666	12.1686859375
407	11.940247222222222	12.18919921875
408	11.949020833333334	12.2267515625
409	11.942977777777777	12.237484375
410	11.9359875	12.10898984375
411	11.914177777777779	12.23168515625
412	11.914355555555556	12.1902625
413	11.931655555555556	12.15110390625
414	11.933519444444444	12.20169375
415	11.911458333333334	12.173503125
416	11.888775	12.14319921875
417	11.929858333333334	12.19712265625
418	11.875684722222223	12.18256796875
419	11.888119444444444	12.2049796875
420	11.863825	12.1553578125
421	11.850830555555556	12.139778125
422	11.862145833333333	12.14112421875
423	11.867202777777777	12.1666671875
424	11.857676388888889	12.1759421875
425	11.858951388888888	12.1403546875
426	11.840091666666666	12.1678875
427	11.817348611111111	12.09827109375
428	11.839369444444445	12.1260234375
429	11.82526111111111	12.16201953125
430	11.823331944444444	12.197578125
431	11.826233333333333	12.11719296875
432	11.828033333333334	12.171440625
433	11.804991666666666	12.14724453125
434	11.83656388888889	12.106665625
435	11.795409722222223	12.13259140625
436	11.781336111111111	12.1456046875
437	11.789277777777778	12.1015890625
438	11.809069444444445	12.0976921875
439	11.794922222222223	12.07724765625
440	11.751129166666667	12.075640625
441	11.780384722222223	12.1045484375
442	11.734438888888889	12.132825
443	11.76656111111111	12.075825
444	11.757584722222223	12.192478125
445	11.7571625	12.162525
446	11.74553888888889	12.0279828125
447	11.723831944444445	12.1341734375
448	11.737502777777777	12.1546671875
449	11.737369444444445	12.04736875
450	11.714	12.10025625
451	11.715756944444445	12.11273203125
452	11.680818055555555	12.12053359375
453	11.696394444444444	12.06175703125
454	11.713359722222222	12.0733265625
455	11.701120833333333	12.0415484375
456	11.694644444444444	12.1331609375
457	11.687758333333333	12.0601234375
458	11.692297222222223	12.02388828125
459	11.688454166666666	12.0893484375
460	11.631585416666667	12.0609984375
461	11.627155555555555	12.0002
462	11.637936111111111	12.071146875
463	11.64001388888889	12.1031015625
464	11.640425694444444	12.061265625
465	11.659751388888889	12.12148125
466	11.604740972222222	12.04832265625
467	11.617725694444445	12.05732734375
468	11.608236805555556	12.076765625
469	11.594306944444444	12.013134375
470	11.607772916666667	12.0003
471	11.592108333333334	12.07183203125
472	11.601483333333332	12.12564140625
473	11.59440486111111	12.0176515625
474	11.589886111111111	12.0343078125
475	11.556147222222222	12.0975359375
476	11.561714583333334	12.0429890625
477	11.543502777777778	12.0407703125
478	11.573673611111111	12.15060234375
479	11.565343055555555	12.0734359375
480	11.551885416666666	12.05015234375
481	11.538940972222223	12.0368875
482	11.523352777777777	12.0639953125
483	11.536271527777778	11.9668640625
484	11.498697916666666	12.07856875
485	11.514329166666666	11.9644078125
486	11.518132638888888	12.0016546875
487	11.50520625	12.00844140625
488	11.494709722222222	12.0460109375
489	11.508490972222223	11.986921875
490	11.506364583333333	12.0542328125
491	11.477411805555555	11.93199921875
492	11.486488194444444	12.05837734375
493	11.465028472222222	11.9736296875
494	11.460194444444445	11.985325
495	11.471454166666666	12.0276640625
496	11.450972916666666	12.0439015625
497	11.433353472222223	12.03376875
498	11.446061111111112	11.9624234375
499	11.425030555555555	11.97755859375
500	11.461466666666666	12.0219140625
501	11.435302777777778	11.98790859375
502	11.395856944444445	12.056509375
503	11.41243125	11.96625390625
504	11.399199305555555	11.9461875
505	11.386222916666666	11.99822265625
506	11.378295833333333	12.0352671875
507	11.392003472222223	11.963821875
508	11.366275694444445	12.07036875
509	11.361465277777778	11.988090625
510	11.364909027777777	11.982434375
511	11.356339583333334	12.03767109375
512	11.341585416666666	12.01251953125
513	11.350468055555556	12.030140625
514	11.34683125	12.0672546875
515	11.3368125	11.9882859375
516	11.31151875	12.05256015625
517	11.300938888888888	11.99600078125
518	11.2988875	12.01516171875
519	11.313597916666666	11.9846890625
520	11.287577083333334	12.0602484375
521	11.307929861111111	12.09400234375
522	11.316958333333334	11.9689546875
523	11.287539583333333	11.94382890625
524	11.283776388888889	12.087265625
525	11.26772361111111	11.97442265625
526	11.235061805555555	11.9319328125
527	11.234719444444444	11.97731640625
528	11.254579166666666	11.98576328125
529	11.257638194444445	11.957109375
530	11.233305555555555	12.010825
531	11.226691666666667	12.01746796875
532	11.227610416666666	11.9652078125
533	11.21419375	11.9794890625
534	11.216534027777778	11.961871875
535	11.206756944444445	12.0505890625
536	11.176786111111111	12.072925
537	11.179265972222222	12.011540625
538	11.172697222222222	12.03321875
539	11.1764	12.0269390625
540	11.127933333333333	11.990371875
541	11.163520833333333	12.01110546875
542	11.154988888888889	11.96896953125
543	11.13071388888889	12.05701484375
544	11.136165277777778	11.99788828125
545	11.151982638888889	12.0750734375
546	11.13782013888889	12.0374109375
547	11.121895138888888	11.9482796875
548	11.109888194444444	12.0273625
549	11.110982638888888	12.0571296875
550	11.109143055555556	12.03445
551	11.131358333333333	12.074178125
552	11.100705555555555	11.998478125
553	11.095840277777778	12.0103921875
554	11.05175625	12.027690625
555	11.064877777777777	11.9407359375
556	11.042777777777777	12.01967734375
557	11.055347222222222	12.0265234375
558	11.036447222222222	12.0476953125
559	11.028258333333333	11.979075
560	10.988435416666666	11.986746875
561	11.002426388888889	12.0922984375
562	11.011746527777778	12.02483125
563	10.992029166666667	12.058340625
564	10.998709722222221	12.031615625
565	10.990425694444445	12.03768515625
566	10.972763194444445	11.98690703125
567	10.984204166666666	12.0687109375
568	10.955533333333333	12.017871875
569	10.987992361111111	12.0353703125
570	10.951720833333333	11.9679578125
571	10.945433333333334	11.96606640625
572	10.924439583333333	12.0446359375
573	10.92090625	12.0343359375
574	10.932823611111111	12.01861484375
575	10.925565972222222	12.019290625
576	10.908327083333333	12.0890328125
577	10.876583333333333	12.01265
578	10.875844444444445	12.0221796875
579	10.897984722222223	12.0500796875
580	10.862715972222222	11.9896671875
581	10.867147222222222	12.10040625
582	10.848238194444445	12.02702578125
583	10.866909722222223	12.04596640625
584	10.866179166666667	11.950878125
585	10.815232638888888	12.01196796875
586	10.831439583333333	12.0228890625
587	10.811375694444445	12.03778359375
588	10.81279236111111	12.00615625
589	10.819477083333334	12.0743328125
590	10.849690972222222	12.014434375
591	10.807409722222221	12.07034296875
592	10.821770138888889	12.0286703125
593	10.80007638888889	12.02387890625
594	10.77695138888889	12.071278125
595	10.781453472222223	11.97892890625
596	10.76566875	12.03264921875
597	10.744471527777778	12.0456859375
598	10.746902777777779	12.023246875
599	10.756650694444444	12.07194375
600	10.737192361111111	12.007525
601	10.719158333333333	12.127984375
602	10.85351875	12.140875
603	10.746847916666667	12.077815625
604	10.722919444444445	12.1024671875
605	10.701858333333334	12.08525078125
606	10.694486805555556	12.0733484375
607	10.70804375	12.0497125
608	10.673527777777778	12.0220125
609	10.68020625	12.15061015625
610	10.660903472222222	12.04930390625
611	10.629826388888889	12.0432671875
612	10.635009722222222	12.069621875
613	10.652146527777777	12.0407984375
614	10.635931944444444	12.09640859375
615	10.622605555555555	12.124275
616	10.628	12.02695
617	10.61667361111111	12.1249640625
618	10.602951388888888	12.08342421875
619	10.613111805555555	12.1199515625
620	10.588697222222223	12.087903125
621	10.603072916666667	12.0887890625
622	10.562130555555555	12.0288375
623	10.578055555555556	12.1005640625
624	10.550489583333333	12.1419453125
625	10.569348611111112	12.1651
626	10.53011875	12.15121875
627	10.530932638888888	12.06515
628	10.526495138888889	12.10688125
629	10.519944444444445	12.13989375
630	10.531736111111112	12.1377453125
631	10.49809236111111	12.11664296875
632	10.486300694444445	12.151096875
633	10.499061805555556	12.1641578125
634	10.492811805555556	12.06485546875
635	10.464299305555556	12.13711484375
636	10.459796527777778	12.1115546875
637	10.462331944444445	12.19795
638	10.439306944444445	12.152653125
639	10.469931944444445	12.2286359375
640	10.430314583333333	12.1259921875
641	10.422129861111111	12.1321
642	10.413396527777778	12.17535
643	10.40864375	12.17473046875
644	10.39433611111111	12.099975
645	10.404018055555555	12.1661328125
646	10.39923125	12.181465625
647	10.354193055555555	12.0882140625
648	10.368940277777778	12.1635859375
649	10.363067361111112	12.18443359375
650	10.335155555555556	12.15025625
651	10.334759722222222	12.16943671875
652	10.30080486111111	12.2003421875
653	10.380272222222223	12.10199375
654	10.351097222222222	12.1543421875
655	10.323722222222223	12.234884375
656	10.280850694444444	12.267790625
657	10.299033333333334	12.2151234375
658	10.2799375	12.163659375
659	10.27975625	12.15665625
660	10.258415972222222	12.19102109375
661	10.270327083333333	12.19850859375
662	10.255032638888888	12.2163640625
663	10.2224625	12.18684296875
664	10.2335375	12.17787578125
665	10.238477777777778	12.2124296875
666	10.212757638888888	12.19926875
667	10.232416666666667	12.2195828125
668	10.184078472222222	12.251703125
669	10.188695833333334	12.1951296875
670	10.181315277777777	12.256784375
671	10.16629513888889	12.2545265625
672	10.164299305555556	12.2320359375
673	10.167054861111112	12.28048203125
674	10.142161111111111	12.25133125
675	10.143392361111111	12.2588953125
676	10.128381944444444	12.248015625
677	10.123283333333333	12.2824375
678	10.143872916666666	12.2857984375
679	10.104877777777778	12.2331140625
680	10.095022916666666	12.2292015625
681	10.0637875	12.2612640625
682	10.075040972222222	12.22426875
683	10.09677638888889	12.26325078125
684	10.079610416666666	12.303440625
685	10.103714583333334	12.28290625
686	10.078916666666666	12.294746875
687	10.045140972222223	12.2729265625
688	10.035022916666666	12.2767703125
689	10.004199305555556	12.31098125
690	10.041311111111112	12.307371875
691	10.01336875	12.29647109375
692	9.998433333333333	12.32135078125
693	10.004335416666667	12.28956640625
694	10.043731944444444	12.26025078125
695	9.983909722222222	12.298121875
696	9.971406944444444	12.31516484375
697	9.972910416666666	12.3823046875
698	9.953952777777777	12.3026109375
699	9.984743055555555	12.31247421875
700	9.968445138888889	12.467684375
701	10.006438888888889	12.2704703125
702	9.941597222222223	12.39803203125
703	9.916097916666667	12.302240625
704	9.935484027777777	12.3560625
705	9.917319444444445	12.3660375
706	9.88351875	12.36086484375
707	9.8715125	12.35360234375
708	9.867095833333334	12.3409640625
709	9.855992361111111	12.4490109375
710	9.823822222222223	12.3657890625
711	9.81504375	12.397746875
712	9.811297916666666	12.37800859375
713	9.838845833333334	12.43585859375
714	9.851075694444445	12.38206328125
715	9.766061111111112	12.34333671875
716	9.801579861111112	12.2579015625
717	9.76693125	12.4253765625
718	9.778278472222222	12.412540625
719	9.811645138888888	12.373921875
720	9.78029375	12.42368125
721	9.760770833333334	12.5044515625
722	9.729861111111111	12.4183625
723	9.76597638888889	12.5287890625
724	9.741184722222222	12.41213359375
725	9.721481944444445	12.4570140625
726	9.718133333333334	12.458834375
727	9.71513611111111	12.4661453125
728	9.685252083333333	12.5645078125
729	9.704784027777778	12.4416609375
730	9.662991666666667	12.489175
731	9.702508333333334	12.45783125
732	9.660475694444445	12.471340625
733	9.631291666666666	12.474515625
734	9.643096527777777	12.4564671875
735	9.610147222222222	12.54321640625
736	9.636936111111112	12.41668125
737	9.650609027777778	12.43683125
738	9.598580555555555	12.5172921875
739	9.569640972222222	12.47701953125
740	9.570283333333334	12.52472421875
741	9.533322916666666	12.478171875
742	9.521147222222222	12.44335625
743	9.571004166666667	12.53123125
744	9.555935416666667	12.4940328125
745	9.529704861111112	12.5179453125
746	9.500895833333333	12.52923671875
747	9.484417361111111	12.58170859375
748	9.489875	12.532865625
749	9.559834722222222	12.570290625
750	9.509871527777777	12.603403125
751	9.518988888888888	12.5148078125
752	9.451855555555555	12.4373390625
753	9.423426388888888	12.55447109375
754	9.422714583333333	12.62421328125
755	9.433923611111112	12.4739953125
756	9.392783333333334	12.61077109375
757	9.383864583333333	12.646353125
758	9.383488194444444	12.56648046875
759	9.42586111111111	12.583378125
760	9.374725694444445	12.60914296875
761	9.364500694444445	12.64656640625
762	9.326834027777778	12.666575
763	9.34826111111111	12.5666921875
764	9.3298875	12.6349203125
765	9.3985	12.597665625
766	9.339784027777778	12.724540625
767	9.361411111111112	12.66113046875
768	9.307294444444445	12.560815625
769	9.28594375	12.664953125
770	9.320147222222221	12.638171875
771	9.287420833333334	12.6870609375
772	9.274504861111112	12.65491171875
773	9.2132875	12.6438609375
774	9.257806944444445	12.679665625
775	9.253833333333333	12.68117578125
776	9.322849305555556	12.62437578125
777	9.256074305555556	12.67458828125
778	9.179709722222222	12.76433984375
779	9.19912361111111	12.7371171875
780	9.195517361111111	12.6948015625
781	9.17911111111111	12.7387546875
782	9.1357875	12.74034609375
783	9.195822222222223	12.7965140625
784	9.177613194444444	12.70287890625
785	9.187770833333333	12.7293734375
786	9.144553472222222	12.7221140625
787	9.137450694444444	12.79819375
788	9.125155555555555	12.77553046875
789	9.097715277777779	12.756075
790	9.104874305555555	12.75410078125
791	9.06875625	12.72861875
792	9.064219444444445	12.79507890625
793	9.031163194444444	12.81163125
794	9.081043055555556	12.78231171875
795	9.109007638888889	12.7809421875
796	9.059704166666666	12.7876265625
797	9.038060416666667	12.8129046875
798	9.014079861111112	12.7856421875
799	9.03185	12.7409953125
800	9.013391666666667	12.87594140625
801	9.000086111111111	12.802365625
802	9.027334027777778	12.8806109375
803	8.9405875	12.79426953125
804	8.959713888888889	12.8134453125
805	9.001403472222222	12.82183359375
806	8.948191666666666	12.8541671875
807	8.949614583333334	12.8641734375
808	8.911900694444444	12.8612953125
809	8.908600694444445	12.875159375
810	8.872907638888888	12.8936234375
811	8.866297916666667	12.930271875
812	8.88123125	12.8987765625
813	8.860548611111112	12.8436828125
814	8.937584027777778	12.83104609375
815	8.872490972222222	12.96874375
816	8.831253472222222	12.8630515625
817	8.820671527777778	13.027159375
818	8.913765972222222	12.94600078125
819	8.833347222222223	12.97005859375
820	8.843564583333333	12.91290078125
821	8.849679166666666	12.93928359375
822	8.80839236111111	12.87446953125
823	8.78101111111111	12.9521796875
824	8.854947916666667	12.96924140625
825	8.794554166666666	12.88868125
826	8.717345833333333	12.9578453125
827	8.76256875	13.02244375
828	8.731275	13.06147421875
829	8.73210763888889	12.9778265625
830	8.75225625	12.99812421875
831	8.882729166666667	12.9537984375
832	8.703265277777778	12.99379375
833	8.75074375	12.99163671875
834	8.736836805555555	12.9330890625
835	8.644284722222222	12.9530421875
836	8.6518375	12.9984375
837	8.659351388888888	13.04494375
838	8.721994444444444	13.000590625
839	8.618308333333333	13.0459359375
840	8.605656944444444	13.08149296875
841	8.673666666666668	13.0617296875
842	8.720046527777777	12.98914609375
843	8.60233125	12.98980625
844	8.554493055555556	12.98124453125
845	8.534245833333333	13.0911421875
846	8.583226388888889	13.06635234375
847	8.516106944444445	13.05115625
848	8.53406875	13.02001953125
849	8.536497916666667	13.09218203125
850	8.512224305555556	13.1492046875
851	8.505248611111112	13.082240625
852	8.458503472222223	13.07650625
853	8.488480555555556	13.068846875
854	8.468184027777777	13.08369375
855	8.481339583333334	13.105753125
856	8.429094444444445	13.1200078125
857	8.41087361111111	13.1149046875
858	8.430700694444445	13.19641875
859	8.455456944444444	13.176834375
860	8.499772916666666	13.2135609375
861	8.686377777777778	13.0781140625
862	8.540408333333334	13.098675
863	8.579404861111112	13.0839640625
864	8.445852777777779	13.094996875
865	8.383146527777777	13.16275
866	8.444304166666667	13.20613125
867	8.407011805555555	13.202734375
868	8.34183125	13.151296875
869	8.385704166666667	13.1034125
870	8.368892361111111	13.1139125
871	8.309769444444445	13.20406875
872	8.387016666666666	13.1735875
873	8.327466666666666	13.13515
874	8.299645833333333	13.1817078125
875	8.360835416666667	13.222546875
876	8.411759027777778	13.157425
877	8.296159722222223	13.215721875
878	8.277180555555555	13.2137265625
879	8.228386111111112	13.274478125
880	8.262931944444444	13.2007375
881	8.299809722222221	13.213415625
882	8.239709722222223	13.28955625
883	8.155771527777778	13.250871875
884	8.241947916666666	13.3269828125
885	8.18419236111111	13.352603125
886	8.163147222222221	13.297715625
887	8.163733333333333	13.26064375
888	8.156989583333333	13.3757484375
889	8.217524305555555	13.32179375
890	8.130660416666666	13.3606796875
891	8.088802083333333	13.3349
892	8.100600694444445	13.287478125
893	8.096478472222222	13.2278640625
894	8.075242361111112	13.33238125
895	8.09998611111111	13.2482734375
896	8.083802777777779	13.38760625
897	8.300436805555556	13.2497875
898	8.150371527777779	13.284540625
899	8.045620833333333	13.3616125
900	8.161950694444444	13.34596875
901	8.053365972222222	13.3284578125
902	8.08424375	13.328434375
903	8.071783333333334	13.3433953125
904	7.974665972222223	13.3273234375
905	7.99816875	13.3751421875
906	7.993961111111111	13.3687140625
907	7.9628375	13.3993375
908	8.021452777777778	13.3854015625
909	7.996199305555556	13.46813125
910	8.194985416666666	13.2822859375
911	8.1172125	13.2510125
912	7.944726388888889	13.3594484375
913	7.955967361111111	13.39981875
914	7.901846527777778	13.4060546875
915	7.880624305555555	13.4444796875
916	7.825247222222222	13.3964078125
917	7.858540277777778	13.39524375
918	7.910658333333333	13.4760296875
919	7.916032638888889	13.395928125
920	7.838578472222222	13.48441875
921	7.829590277777778	13.44174375
922	7.820690972222223	13.479165625
923	8.077775	13.53971875
924	8.07783888888889	13.45379375
925	7.939407638888889	13.4079859375
926	7.872051388888889	13.420378125
927	7.870165972222222	13.48134375
928	7.898239583333333	13.4349125
929	7.826144444444444	13.4868453125
930	7.754928472222222	13.434484375
931	7.764472916666667	13.484953125
932	7.769395138888889	13.550834375
933	7.719088194444445	13.521625
934	7.71605625	13.55329375
935	7.67723125	13.499071875
936	7.737035416666667	13.605275
937	7.683874305555555	13.58384375
938	7.6644951388888884	13.613334375
939	7.651961111111111	13.5769546875
940	7.700734722222222	13.6094265625
941	7.7055875	13.64014375
942	7.690195138888889	13.50331875
943	7.674435416666666	13.5384609375
944	7.634752083333334	13.6651578125
945	7.688947222222223	13.5685578125
946	7.691580555555555	13.612215625
947	7.61064375	13.6510890625
948	7.740552083333333	13.5586765625
949	7.7603125	13.61170625
950	7.693176388888889	13.617121875
951	7.5809347222222225	13.5601734375
952	7.576927777777778	13.6759421875
953	7.593004166666667	13.6082265625
954	7.615291666666667	13.6265875
955	7.584413194444444	13.636121875
956	7.551454861111111	13.655125
957	7.548793055555556	13.604809375
958	7.606455555555556	13.710715625
959	7.536911111111111	13.6316296875
960	7.504022916666667	13.683109375
961	7.5557895833333335	13.67486875
962	7.4848743055555556	13.738478125
963	7.532588194444444	13.63748125
964	7.430736805555555	13.6923296875
965	7.537304166666667	13.6319
966	7.430403472222222	13.76548125
967	7.414686111111111	13.8014546875
968	7.502153472222222	13.736775
969	7.5086375	13.679375
970	7.579572916666667	13.6522046875
971	7.480223611111111	13.688465625
972	7.359520833333334	13.757665625
973	7.391329166666667	13.7073875
974	7.378384027777778	13.7296640625
975	7.347869444444444	13.6725953125
976	7.2868611111111115	13.768903125
977	7.409652777777778	13.75086875
978	7.385420833333334	13.714796875
979	7.391994444444444	13.7706390625
980	7.304127083333333	13.775653125
981	7.3090319444444445	13.747675
982	7.313154861111111	13.7541734375
983	7.308278472222222	13.829225
984	7.342089583333333	13.8252765625
985	7.319267361111111	13.7888984375
986	7.293259722222222	13.836178125
987	7.304515277777778	13.7681875
988	7.312979166666667	13.7548125
989	7.239248611111111	13.8144
990	7.220143055555556	13.85559375
991	7.228474305555555	13.779978125
992	7.252008333333333	13.7956578125
993	7.1706	13.7678828125
994	7.253008333333334	13.8265140625
995	7.2565125	13.7903890625
996	7.1787576388888885	13.845075
997	7.221051388888889	13.799721875
998	7.172638888888889	13.8216390625
999	7.1364777777777775	13.839365625
1000	7.1708944444444445	13.8191828125
1001	7.218284722222222	13.899190625
1002	7.158634722222223	13.8390765625
1003	7.172315972222222	13.90149375
1004	7.161096527777778	13.85704375
1005	7.114790972222222	13.88695
1006	7.470467361111111	13.788253125
1007	7.404679166666667	13.808384375
1008	7.332511805555556	13.8244671875
1009	7.168619444444444	13.830334375
1010	7.093109722222223	13.8245453125
1011	7.019567361111111	13.9078171875
1012	7.0608965277777775	13.8534671875
1013	7.0399875	13.9971453125
1014	7.017992361111111	13.94108125
1015	7.027208333333333	13.89536875
1016	7.004616666666666	14.0007796875
1017	7.0375805555555555	13.9427359375
1018	6.9713972222222225	13.9756765625
1019	7.018425	13.8570265625
1020	6.940156944444444	14.00036875
1021	6.984841666666667	13.95498125
1022	7.132600694444444	13.87731875
1023	6.953255555555556	13.932721875
1024	6.9012215277777775	14.03830625
1025	7.259046527777778	13.98659375
1026	7.12040625	14.05650625
1027	7.000410416666667	13.91159375
1028	6.902807638888889	13.9777625
1029	6.921052777777778	14.009828125
1030	6.936222916666667	13.9529015625
1031	6.911625	14.0184875
1032	6.860135416666667	14.0456796875
1033	6.9540138888888885	14.008884375
1034	6.900402083333334	14.053465625
1035	6.904729166666667	13.9920796875
1036	6.956711805555556	14.0718546875
1037	7.1793	14.0472125
1038	7.278959027777778	13.9139609375
1039	7.062780555555555	13.9932359375
1040	6.891829166666667	13.96835625
1041	6.7745243055555555	13.98455
1042	6.797154166666667	14.0815875
1043	6.860171527777778	14.0664421875
1044	6.9924430555555555	13.99678125
1045	6.877995833333333	14.006375
1046	6.7728423611111115	14.084534375
1047	6.898270138888889	14.022884375
1048	6.801338194444445	14.035053125
1049	6.724584722222223	14.020565625
1050	6.698322222222222	14.0092484375
1051	6.670705555555555	14.2223703125
1052	7.619627777777778	13.9784265625
1053	7.07565625	14.0386921875
1054	6.865449305555556	14.0828421875
1055	6.717854861111111	14.0114203125
1056	6.747132638888889	14.094240625
1057	6.689978472222222	14.0847578125
1058	6.669154166666667	14.1171171875
1059	6.6543930555555555	14.1543796875
1060	6.658790277777777	14.174409375
1061	6.610711111111111	14.114934375
1062	6.584472916666667	14.0997875
1063	6.542700694444444	14.1795484375
1064	6.558179166666666	14.1699640625
1065	6.492476388888889	14.2200296875
1066	6.667606944444445	14.1779765625
1067	6.591241666666667	14.1637046875
1068	6.504717361111111	14.1722890625
1069	6.587772222222222	14.160828125
1070	6.582513194444444	14.197715625
1071	6.572113888888889	14.17245625
1072	6.563116666666667	14.3296984375
1073	6.767341666666667	14.18270625
1074	6.5349916666666665	14.1858625
1075	6.572221527777778	14.2017625
1076	6.444304166666667	14.2316265625
1077	6.402997916666667	14.269209375
1078	6.4646333333333335	14.303840625
1079	6.461040972222222	14.2624609375
1080	7.029892361111111	14.314590625
1081	6.981538888888889	14.1618671875
1082	6.765125	14.244184375
1083	6.625415277777778	14.15305625
1084	6.528716666666667	14.319071875
1085	6.453577777777777	14.2634171875
1086	6.395973611111111	14.2852453125
1087	6.389572916666666	14.3140703125
1088	6.408613888888889	14.3345609375
1089	6.418197916666666	14.3228265625
1090	6.347889583333333	14.223496875
1091	6.3650319444444445	14.327090625
1092	6.483034027777777	14.24965625
1093	6.387249305555556	14.3409234375
1094	6.3849277777777775	14.42480625
1095	6.316761111111111	14.373196875
1096	6.300447916666666	14.3209484375
1097	6.297230555555555	14.3866828125
1098	6.356747222222222	14.3191421875
1099	6.383929166666666	14.342890625
1100	6.299611111111111	14.36329375
1101	6.193064583333333	14.3761875
1102	6.227829861111111	14.4058265625
1103	6.260651388888889	14.416034375
1104	6.1969722222222225	14.35989375
1105	6.18340625	14.3973234375
1106	6.162238194444445	14.4146796875
1107	6.1663875	14.494440625
1108	6.286860416666666	14.4580859375
1109	6.359449305555556	14.4711859375
1110	6.344883333333334	14.426871875
1111	6.33318125	14.371946875
1112	6.18005625	14.356925
1113	6.183833333333333	14.471446875
1114	6.234236805555556	14.4497328125
1115	6.356058333333333	14.4338234375
1116	6.140213888888889	14.462575
1117	6.120725	14.4778625
1118	6.105625	14.5143078125
1119	6.106133333333333	14.55418125
1120	6.0348395833333335	14.5071890625
1121	5.994004166666667	14.4065859375
1122	5.9936125	14.5685203125
1123	6.035090277777778	14.602965625
1124	5.971728472222222	14.520365625
1125	6.051708333333333	14.588609375
1126	6.058445138888889	14.6182640625
1127	6.128073611111111	14.57300625
1128	6.139348611111111	14.4998421875
1129	6.099833333333334	14.4891125
1130	6.058384027777778	14.5956734375
1131	5.961529166666667	14.6319984375
1132	5.916985416666667	14.625440625
1133	5.9190402777777775	14.655125
1134	5.989878472222222	14.6631859375
1135	6.047020833333334	14.4921765625
1136	6.025397222222222	14.67928125
1137	6.069515277777778	14.5960765625
1138	6.027220833333334	14.6187140625
1139	5.935218055555556	14.56750625
1140	5.99170625	14.6321328125
1141	5.971880555555556	14.7048921875
1142	5.953241666666667	14.5806359375
1143	6.0929569444444445	14.626046875
1144	6.003788194444445	14.683340625
1145	5.945806944444445	14.6385625
1146	5.852965972222222	14.5743546875
1147	5.899481944444444	14.6918609375
1148	6.146871527777778	14.589040625
1149	6.117060416666667	14.574265625
1150	6.028694444444445	14.560271875
1151	5.982292361111111	14.57226875
1152	5.8819083333333335	14.587075
1153	5.798167361111111	14.625875
1154	5.869628472222222	14.6603734375
1155	6.153486111111111	14.63869375
1156	6.0482555555555555	14.546440625
1157	5.880827777777778	14.59729375
1158	5.7909902777777775	14.6828875
1159	5.803197222222222	14.6570375
1160	5.7518440972222225	14.691484375
1161	5.750075347222222	14.6993390625
1162	5.856520833333334	14.752171875
1163	5.945127083333333	14.618940625
1164	5.800403472222222	14.660790625
1165	5.6915125	14.84489375
1166	5.700476736111111	14.7639078125
1167	5.752352083333333	14.8738984375
1168	5.813262152777778	14.7299828125
1169	5.805898611111111	14.7253625
1170	5.998551388888889	14.667753125
1171	5.947703472222222	14.719671875
1172	5.901672916666667	14.695371875
1173	5.6880829861111115	14.7877890625
1174	5.672205555555555	14.769421875
1175	5.670470486111111	14.7283703125
1176	5.560222916666667	14.71643125
1177	5.655989930555555	14.769775
1178	5.736651388888889	14.680615625
1179	5.593432291666667	14.812934375
1180	5.573821527777778	14.8681640625
1181	5.545049652777778	14.9093453125
1182	5.561295833333333	14.831896875
1183	5.6967131944444445	14.863025
1184	5.794239930555555	14.7692953125
1185	5.638191666666667	14.778140625
1186	5.6385579861111115	14.963628125
1187	5.539077083333333	14.82785625
1188	5.733353819444445	14.8278828125
1189	5.601916666666667	14.8704203125
1190	5.583762847222222	14.8542765625
1191	5.830691666666667	14.872609375
1192	5.667195486111111	14.8061796875
1193	5.549177083333333	14.868340625
1194	5.537056944444444	14.924446875
1195	5.430704166666667	14.8993640625
1196	5.360936111111111	14.8962375
1197	5.422605208333334	14.9199359375
1198	5.409479166666666	14.9463703125
1199	5.455744791666667	14.943878125
1200	5.581356944444445	15.05935
1201	5.437386458333333	14.88789375
1202	5.47383125	14.8406015625
1203	5.5301100694444445	14.886853125
1204	5.500133333333333	14.9163453125
1205	5.434607638888889	14.9936
1206	5.443690625	14.8552140625
1207	5.367388541666666	14.9597359375
1208	5.390496180555555	14.970571875
1209	5.432532291666667	15.0363828125
1210	5.604230208333333	14.902778125
1211	5.555266319444445	14.96158125
1212	5.385945486111111	14.914784375
1213	5.410939583333334	14.9622984375
1214	5.217007986111111	14.9705421875
1215	5.3096145833333335	14.97906875
1216	5.241719097222222	14.962109375
1217	5.267735069444444	15.0527703125
1218	5.300438194444444	15.0986515625
1219	5.3379875	14.9990046875
1220	5.322021180555556	14.96085
1221	5.321401041666666	14.97611875
1222	5.379489583333333	15.0090546875
1223	5.292663888888889	14.99714375
1224	5.210111111111111	14.9533546875
1225	5.317659722222222	14.9263421875
1226	5.549294791666667	14.9867421875
1227	5.609302083333334	14.9132875
1228	5.276678125	14.918171875
1229	5.230445138888889	14.981453125
1230	5.249601388888889	14.966984375
1231	5.237272569444444	14.9619625
1232	5.1237940972222225	14.9776328125
1233	5.220192708333333	15.013
1234	5.202436805555555	15.09174375
1235	5.270331944444444	15.10946875
1236	5.276564930555556	15.0764953125
1237	5.299877777777778	15.02633125
1238	5.181198611111111	15.0559046875
1239	5.1811645833333335	15.02585625
1240	5.020384722222222	15.0899046875
1241	4.972103125	15.1271578125
1242	5.037314930555556	15.1091515625
1243	5.07708125	15.092275
1244	5.1380131944444445	15.0626640625
1245	5.820524305555556	15.027434375
1246	5.436807638888889	15.0401265625
1247	5.197606597222222	15.0383234375
1248	5.118453472222222	15.062465625
1249	5.085468402777778	15.1679515625
1250	5.066381597222223	15.142903125
1251	5.122350694444444	15.137384375
1252	5.011271527777778	15.18866875
1253	5.146790277777778	15.09511875
1254	5.174421527777778	15.0581453125
1255	5.130280555555555	15.1022984375
1256	5.084969097222222	15.163071875
1257	4.919615277777778	15.17375
1258	4.954912152777778	15.1478140625
1259	5.148749652777778	15.1780703125
1260	5.089678125	15.163978125
1261	5.011623263888889	15.135125
1262	4.930218402777777	15.21376875
1263	5.006235763888889	15.1871796875
1264	5.175172569444444	15.231815625
1265	5.258389583333333	15.2646296875
1266	5.103200347222222	15.1008265625
1267	5.002738888888889	15.2212703125
1268	4.934409722222222	15.222296875
1269	4.883059722222222	15.17748125
1270	4.796135416666667	15.1521734375
1271	4.774458680555555	15.224615625
1272	4.854345138888889	15.309984375
1273	5.277539236111111	15.1640859375
1274	5.205444444444445	15.181746875
1275	4.915735069444445	15.17525
1276	4.942554861111111	15.13175
1277	4.786742361111111	15.1921875
1278	5.001789930555556	15.1459953125
1279	4.920365277777778	15.296515625
1280	4.9309440972222225	15.2645765625
1281	4.937622569444445	15.19836875
1282	4.862208333333333	15.1697625
1283	4.8229822916666665	15.3009296875
1284	4.8339944444444445	15.2425828125
1285	5.025388194444444	15.29506875
1286	5.033827430555555	15.241590625
1287	4.830921527777778	15.1966796875
1288	4.688394097222222	15.25743125
1289	4.951945833333333	15.2749328125
1290	4.724082986111111	15.2012578125
1291	4.729988888888889	15.2137390625
1292	4.765217708333333	15.2478109375
1293	4.768373263888889	15.308303125
1294	5.076446875	15.4325078125
1295	4.832871527777778	15.312959375
1296	4.643142361111111	15.2834671875
1297	4.61726875	15.2809828125
1298	4.763122569444445	15.288225
1299	4.548913194444444	15.385446875
1300	4.459725	15.4627453125
1301	4.616465625	15.4230125
1302	4.736980555555555	15.354453125
1303	4.719911111111111	15.383775
1304	4.570469097222222	15.431034375
1305	4.595551736111111	15.3535015625
1306	4.543058333333334	15.45828125
1307	4.510103819444445	15.3985859375
1308	4.613625	15.4258875
1309	4.532164930555555	15.4079953125
1310	4.535340972222222	15.370584375
1311	4.548890625	15.44805
1312	4.464684722222223	15.481109375
1313	4.440245138888889	15.5672828125
1314	4.472405208333333	15.4145078125
1315	4.651462847222223	15.4778953125
1316	4.498467013888889	15.47140625
1317	4.484180208333333	15.4411171875
1318	4.504533680555555	15.5094609375
1319	4.5247069444444445	15.478765625
1320	4.524307638888889	15.452978125
1321	4.637919097222222	15.475571875
1322	4.862267361111111	15.497125
1323	4.824022222222222	15.375140625
1324	4.675945138888889	15.3772484375
1325	4.553248611111111	15.3878375
1326	4.4429375	15.5012546875
1327	4.309312847222222	15.441125
1328	4.363854166666667	15.510003125
1329	4.3046395833333335	15.606565625
1330	4.392410763888889	15.49496875
1331	4.395370138888889	15.512378125
1332	4.486662847222222	15.5300609375
1333	4.420257986111111	15.5006828125
1334	4.317156597222223	15.6793875
1335	4.429098958333333	15.593415625
1336	4.725188194444445	15.4493875
1337	4.574116666666667	15.5418046875
1338	4.333353472222222	15.60020625
1339	4.693344097222222	15.436471875
1340	4.601884722222223	15.5238828125
1341	4.289903472222222	15.54129375
1342	4.183738888888889	15.5835015625
1343	4.546863194444445	15.5992859375
1344	4.460231944444445	15.561471875
1345	4.1920125	15.614475
1346	4.241608680555555	15.649175
1347	4.249526388888889	15.6321140625
1348	4.329498611111111	15.60369375
1349	4.2731104166666665	15.6234703125
1350	4.150618055555555	15.6334859375
1351	4.219334722222222	15.597371875
1352	4.2694503472222225	15.6353890625
1353	4.1195361111111115	15.651428125
1354	4.044180208333334	15.7340265625
1355	4.081671527777778	15.6658
1356	4.044771875	15.7297921875
1357	4.238710763888889	15.677684375
1358	4.553208333333333	15.6279296875
1359	4.299832291666666	15.6917921875
1360	4.34944375	15.710075
1361	4.141332986111111	15.7224078125
1362	3.979115625	15.723759375
1363	3.9599663194444443	15.7095796875
1364	4.113464236111111	15.8530078125
1365	4.367713541666666	15.6971390625
1366	4.301473958333333	15.7543640625
1367	4.280092013888889	15.6699140625
1368	4.087946527777778	15.727590625
1369	3.9889559027777777	15.7838390625
1370	4.043802777777778	15.685921875
1371	4.165016319444445	15.6130234375
1372	4.0806555555555555	15.76745
1373	4.188214236111111	15.756559375
1374	4.014108680555555	15.8310890625
1375	4.080413888888889	15.6908765625
1376	4.029918402777778	15.7876625
1377	4.022681597222222	15.7695046875
1378	4.293701736111111	15.772378125
1379	4.126584722222222	15.731415625
1380	3.952426736111111	15.83435
1381	3.9627059027777776	15.7352609375
1382	3.9277229166666667	15.80898125
1383	4.077406944444444	15.7877375
1384	4.1081625	15.794915625
1385	4.18020625	15.8090984375
1386	4.262144097222222	15.81335
1387	4.523462152777777	15.6820953125
1388	4.220070486111111	15.793609375
1389	4.055758333333333	15.747478125
1390	3.9434243055555553	15.8000953125
1391	4.043772916666667	15.8060453125
1392	4.151949305555555	15.7777078125
1393	3.9890725694444447	15.8393109375
1394	4.143734027777778	15.801584375
1395	4.6009954861111115	15.739775
1396	4.046385069444445	15.7640875
1397	3.8567833333333335	15.7677515625
1398	3.903460763888889	15.8553515625
1399	3.8171545138888887	15.85398125
1400	3.729409722222222	15.8234984375
1401	3.7013645833333335	15.974175
1402	3.7909354166666667	15.948028125
1403	3.8568861111111112	15.847465625
1404	3.8173246527777778	15.8640515625
1405	3.9788840277777777	15.910815625
1406	3.8389288194444444	15.840653125
1407	3.802728125	15.9043
1408	3.763892708333333	15.858715625
1409	3.8359402777777776	15.8954453125
1410	3.746920138888889	15.9582578125
1411	3.5980815972222224	16.05966875
1412	3.7204756944444446	15.9988375
1413	3.8696270833333335	15.9862546875
1414	3.8405416666666667	15.93381875
1415	3.7152836805555554	16.02898125
1416	3.7607913194444444	15.827428125
1417	3.546813541666667	16.05326875
1418	3.8360288194444445	15.89164375
1419	3.9655180555555556	15.9165125
1420	3.8460635416666666	15.917909375
1421	3.702899652777778	15.97636875
1422	3.722284375	15.995128125
1423	3.8036413194444445	15.8668890625
1424	3.7931104166666665	15.956225
1425	3.9603118055555555	16.0488328125
1426	3.6964118055555555	15.9461953125
1427	3.527946875	16.0336796875
1428	3.8845368055555554	15.952703125
1429	3.596688888888889	16.0298328125
1430	3.6392083333333334	16.035746875
1431	3.412240277777778	16.048234375
1432	3.716298263888889	16.03626875
1433	3.589455902777778	15.958453125
1434	4.100724305555556	16.057265625
1435	4.274779861111111	15.884546875
1436	3.841001388888889	15.93904375
1437	3.893476736111111	15.953284375
1438	3.605973263888889	16.0082296875
1439	3.601887847222222	16.0413265625
1440	3.8317256944444447	15.9946515625
1441	3.6334086805555557	16.044659375
1442	3.785148611111111	15.976721875
1443	3.5167763888888888	15.995940625
1444	3.4369083333333332	16.1285421875
1445	3.3894559027777778	16.023225
1446	3.4612322916666667	16.13621875
1447	3.5596517361111113	16.0916125
1448	3.5409076388888887	16.091859375
1449	3.5216659722222223	16.126528125
1450	3.5554006944444443	16.053
1451	3.3770149305555557	16.1576125
1452	3.363986458333333	16.11900625
1453	3.903592013888889	16.0927171875
1454	3.6926618055555553	16.02750625
1455	3.4665423611111112	16.1322953125
1456	3.363603125	16.112384375
1457	3.29176875	16.1848
1458	3.260423611111111	16.1648
1459	3.277902777777778	16.1210828125
1460	3.3778482638888887	16.2275234375
1461	3.2697458333333334	16.117003125
1462	3.350725	16.13248125
1463	3.313732986111111	16.216465625
1464	3.29759375	16.2169234375
1465	3.3363725694444444	16.273490625
1466	3.4212086805555555	16.0793359375
1467	3.2506423611111113	16.1567921875
1468	3.1339229166666667	16.2253359375
1469	3.273529861111111	16.301940625
1470	3.1908930555555557	16.1845984375
1471	3.1309677083333334	16.2203203125
1472	3.212120486111111	16.3205984375
1473	3.392060416666667	16.2336515625
1474	3.178288888888889	16.2349
1475	3.1644208333333332	16.1901453125
1476	3.144645138888889	16.338359375
1477	3.1159222222222223	16.342009375
1478	3.9582229166666667	16.229115625
1479	3.891880902777778	16.13925625
1480	3.4667177083333334	16.0776625
1481	3.5608243055555557	16.2406984375
1482	3.670084722222222	16.04461875
1483	3.513990277777778	16.134196875
1484	3.331945486111111	16.2761890625
1485	3.225607986111111	16.202803125
1486	3.07168125	16.2650859375
1487	3.4421875	16.2030921875
1488	3.3284979166666666	16.3464421875
1489	3.2203864583333335	16.2229453125
1490	3.1608729166666665	16.25344375
1491	3.1947763888888887	16.2594578125
1492	3.0128208333333335	16.2293421875
1493	2.908585763888889	16.2954046875
1494	3.2263930555555556	16.27230625
1495	3.123417708333333	16.376059375
1496	3.048404166666667	16.284671875
1497	2.9580076388888887	16.27594375
1498	3.0570802083333333	16.264790625
1499	3.190537847222222	16.3472125
1500	3.168359375	16.238659375
1501	3.3046409722222223	16.2386625
1502	3.119270138888889	16.20430625
1503	3.4948208333333333	16.2592453125
1504	3.0868857638888887	16.3146703125
1505	2.963478472222222	16.3449546875
1506	3.066234722222222	16.36716875
1507	3.052762847222222	16.3919484375
1508	2.997542361111111	16.348025
1509	2.8393767361111113	16.45916875
1510	2.998866666666667	16.46750625
1511	2.965462847222222	16.4470109375
1512	3.1458725694444443	16.338709375
1513	3.5319833333333333	16.331046875
1514	3.6363489583333335	16.31356875
1515	3.301739236111111	16.3232875
1516	3.1454673611111112	16.317646875
1517	3.152510416666667	16.3840109375
1518	3.2399145833333334	16.3608234375
1519	3.0620399305555557	16.3678734375
1520	3.118838888888889	16.3688609375
1521	2.947217361111111	16.4018109375
1522	3.0381746527777778	16.3090515625
1523	3.1742947916666666	16.39746875
1524	3.030926388888889	16.4198828125
1525	2.951411111111111	16.3697109375
1526	2.811625520833333	16.4845703125
1527	2.8264553819444442	16.3855078125
1528	2.824047222222222	16.3921953125
1529	2.9221756944444444	16.4037703125
1530	3.2684989583333333	16.398646875
1531	3.0184604166666666	16.3766015625
1532	2.9302100694444446	16.398734375
1533	2.7409649305555557	16.4225171875
1534	2.6838034722222224	16.4344734375
1535	2.7555899305555553	16.426184375
1536	2.5897482638888887	16.516278125
1537	2.6101854166666665	16.439409375
1538	2.7681390625	16.47956875
1539	2.736225	16.5613140625
1540	2.837140277777778	16.4924796875
1541	2.9246701388888887	16.5091109375
1542	2.7819637152777776	16.5628828125
1543	2.742446354166667	16.416878125
1544	2.7902493055555557	16.4735546875
1545	2.6490303819444443	16.52215
1546	2.646284722222222	16.5191203125
1547	2.600315625	16.5630421875
1548	2.65256875	16.487821875
1549	2.5951309027777776	16.69776875
1550	2.5464998263888887	16.5941921875
1551	2.527173263888889	16.6814671875
1552	2.535693402777778	16.6194828125
1553	2.6160213541666666	16.6457109375
1554	2.655509895833333	16.586896875
1555	2.538726215277778	16.6162828125
1556	2.422594965277778	16.6960515625
1557	2.6071727430555556	16.6814875
1558	2.7471559027777777	16.5315421875
1559	2.644743402777778	16.6059015625
1560	2.6459911458333334	16.581565625
1561	2.593529513888889	16.635028125
1562	2.474413541666667	16.68335
1563	2.4811684027777776	16.6985578125
1564	2.4212710069444445	16.7156765625
1565	2.605873611111111	16.628575
1566	2.6129694444444445	16.6542421875
1567	3.0826177083333333	16.60731875
1568	2.8688645833333335	16.606315625
1569	2.5545414930555554	16.6724796875
1570	2.508968576388889	16.6943390625
1571	3.0692211805555556	16.54259375
1572	3.029238888888889	16.56750625
1573	2.6574848958333335	16.5796765625
1574	2.4041366319444446	16.698115625
1575	2.539404861111111	16.704965625
1576	2.7501505208333334	16.7607046875
1577	2.6057946180555556	16.720259375
1578	2.6404699652777777	16.596
1579	2.9987256944444445	16.54225
1580	2.6932638888888887	16.6975859375
1581	2.442175	16.71219375
1582	2.807356770833333	16.6754296875
1583	2.723357986111111	16.6212203125
1584	2.418327777777778	16.61689375
1585	2.545731076388889	16.7480171875
1586	3.0822690972222224	16.5525921875
1587	2.601563888888889	16.665746875
1588	2.3120994791666667	16.6927890625
1589	2.2420791666666666	16.79600625
1590	2.3262932291666667	16.7766
1591	2.504349826388889	16.7815984375
1592	2.4202223958333335	16.7069515625
1593	2.4639748263888888	16.734371875
1594	2.3943480902777776	16.7376640625
1595	2.206342361111111	16.829128125
1596	2.749187847222222	16.6743
1597	2.5655383680555555	16.675259375
1598	2.241903298611111	16.701575
1599	2.1048432291666668	16.84435
1600	2.4265276041666666	16.7629203125
1601	2.398700173611111	16.732296875
1602	2.230151041666667	16.8381796875
1603	2.145176388888889	16.7360234375
1604	2.0592180555555557	16.8677
1605	2.1146899305555555	16.8915109375
1606	2.3729710069444443	16.7529
1607	2.222159027777778	16.8769046875
1608	2.5714027777777777	16.8506796875
1609	2.5323711805555558	16.833865625
1610	2.2227114583333334	16.8601015625
1611	2.082128125	16.87865625
1612	2.0929703125	16.8589578125
1613	2.2010109375	16.940415625
1614	2.241442534722222	16.894878125
1615	2.223157638888889	16.8957796875
1616	2.1954930555555556	16.8955765625
1617	2.041398263888889	16.914484375
1618	2.121940972222222	16.8970171875
1619	2.1434137152777777	16.92401875
1620	2.0250246527777778	16.973640625
1621	2.0050739583333335	16.983759375
1622	1.8872362847222222	16.983653125
1623	1.915953125	16.9437828125
1624	2.0772647569444445	17.0201390625
1625	1.8764569444444446	16.97073125
1626	2.0953835069444446	16.9574421875
1627	2.146499826388889	16.831834375
1628	2.1504701388888887	16.999765625
1629	2.0696585069444446	16.98225
1630	1.949471701388889	17.049209375
1631	1.861109375	16.9722953125
1632	1.9951131944444445	16.999809375
1633	1.9544630208333333	17.064665625
1634	1.9640397569444445	17.0463796875
1635	2.0109473958333335	17.007603125
1636	2.1265335069444444	16.9845765625
1637	2.0245381944444443	17.0942609375
1638	1.9983590277777779	17.026621875
1639	1.9763909722222222	17.0519328125
1640	2.2805784722222224	16.999084375
1641	2.0509989583333335	16.9104203125
1642	1.9326055555555555	16.999421875
1643	2.0216604166666667	17.008846875
1644	2.282025347222222	16.9053140625
1645	2.5329083333333333	17.0139140625
1646	3.2170319444444444	16.82095625
1647	2.5483395833333335	16.7947203125
1648	2.329184722222222	16.8571078125
1649	2.243639236111111	16.9115015625
1650	2.001437673611111	16.902265625
1651	1.9085361111111112	16.965665625
1652	1.9183006944444445	17.0564796875
1653	1.9311666666666667	17.0673046875
1654	1.8425663194444444	16.9907703125
1655	1.9033864583333333	17.037453125
1656	1.7997876736111111	17.1335296875
1657	1.9094364583333334	17.1003234375
1658	1.9680453125	16.970596875
1659	1.9192439236111112	16.9995375
1660	2.0612614583333335	17.0544265625
1661	2.1828631944444443	17.0412546875
1662	2.1408928819444446	17.03181875
1663	2.463668923611111	16.9849875
1664	1.9892104166666666	16.98909375
1665	1.8247440972222222	17.0024890625
1666	1.6331692708333334	17.1174578125
1667	1.725746875	17.0868609375
1668	1.9665897569444444	17.1533421875
1669	1.7910904513888888	17.1234640625
1670	1.5941555555555555	17.1692359375
1671	1.7063407986111112	17.113509375
1672	1.8156625	17.1608296875
1673	1.9918536458333334	17.08325625
1674	1.8060993055555556	17.0952234375
1675	1.8395932291666666	17.140340625
1676	1.9266631944444443	17.05974375
1677	1.745197048611111	17.146371875
1678	1.7808630208333334	17.1338265625
1679	1.5822524305555556	17.12456875
1680	1.6657085069444444	17.20301875
1681	1.870734548611111	17.1941875
1682	1.6585722222222221	17.170371875
1683	1.6176736111111112	17.248540625
1684	1.8949350694444445	17.190503125
1685	1.8787578125	17.1946359375
1686	1.8296059027777778	17.09374375
1687	1.9771536458333334	17.105775
1688	1.9476512152777778	17.10464375
1689	1.8744680555555555	17.1412765625
1690	2.005404340277778	17.1026703125
1691	1.777692013888889	17.0939359375
1692	1.6998914930555555	17.174925
1693	1.6654206597222223	17.209046875
1694	1.9688567708333333	17.08805
1695	1.7014835069444445	17.176690625
1696	1.764928298611111	17.1856421875
1697	1.5401006944444444	17.2083875
1698	1.5972465277777779	17.196796875
1699	1.6752118055555556	17.187915625
1700	1.6218409722222222	17.2393375
1701	1.7104380208333334	17.175571875
1702	1.5034503472222223	17.289409375
1703	1.3476119791666668	17.2557609375
1704	1.3053002604166666	17.318103125
1705	1.3283740451388888	17.3129515625
1706	1.3390243923611111	17.418575
1707	1.4009433159722222	17.4112375
1708	1.6147633680555555	17.390515625
1709	1.5016081597222222	17.3785609375
1710	1.4748470486111112	17.40244375
1711	1.5801918402777777	17.301990625
1712	2.167787673611111	17.1886078125
1713	2.149523611111111	17.039903125
1714	1.5955536458333333	17.257640625
1715	1.5289107638888888	17.260846875
1716	1.4602973958333334	17.3872046875
1717	1.6990017361111112	17.1944625
1718	1.5629598958333333	17.302790625
1719	1.7452883680555555	17.18796875
1720	1.760028125	17.3525890625
1721	1.5355532986111111	17.2917015625
1722	1.4474227430555555	17.3139703125
1723	1.3765177083333333	17.378759375
1724	1.456368923611111	17.3029828125
1725	1.6908069444444445	17.3512375
1726	1.734770138888889	17.3636046875
1727	1.7672326388888888	17.273571875
1728	1.6136335069444445	17.32499375
1729	1.4245686631944445	17.4436890625
1730	1.29693125	17.3922421875
1731	1.2406637152777777	17.4513953125
1732	1.7737868055555555	17.3476328125
1733	1.7609197916666666	17.350228125
1734	1.6594428819444444	17.3994828125
1735	1.5511675347222222	17.2943484375
1736	1.2301389756944445	17.339053125
1737	1.2919948784722222	17.3741734375
1738	1.4780272569444444	17.402959375
1739	1.3226506944444445	17.471646875
1740	1.3554258680555555	17.3655921875
1741	1.2954665798611111	17.5060484375
1742	1.188109201388889	17.5033125
1743	1.4097264756944445	17.4528359375
1744	1.2704518229166666	17.421971875
1745	1.1901703993055555	17.495740625
1746	1.1873196180555556	17.555846875
1747	1.2658074652777778	17.4840703125
1748	1.3171128472222222	17.456353125
1749	1.2642049479166666	17.50255625
1750	1.239524392361111	17.471384375
1751	1.2798394097222223	17.4953296875
1752	1.2855754340277779	17.507203125
1753	1.1556511284722222	17.4987578125
1754	1.0318358506944445	17.606128125
1755	1.0875047743055555	17.580221875
1756	1.6467543402777778	17.5475125
1757	1.3864769965277777	17.4541640625
1758	1.2498760416666668	17.4782703125
1759	1.649668923611111	17.3797734375
1760	1.589957638888889	17.3893421875
1761	1.5267921875	17.461075
1762	1.5907916666666666	17.3883203125
1763	1.2816501736111112	17.4403875
1764	1.1481065972222222	17.575015625
1765	1.0566125	17.4832375
1766	1.6768208333333334	17.4029453125
1767	1.4666828125	17.4406234375
1768	1.364737326388889	17.5358984375
1769	1.4664401041666666	17.4134390625
1770	1.666037673611111	17.4178359375
1771	1.4303697916666667	17.4290015625
1772	1.2155173611111112	17.456740625
1773	1.2940655381944444	17.5162796875
1774	1.3601194444444444	17.5674578125
1775	1.2157802083333333	17.5300609375
1776	1.0836375	17.61645625
1777	1.0834875868055556	17.5115609375
1778	0.9062925347222223	17.6189671875
1779	1.0197515625	17.57599375
1780	1.3536057291666668	17.5163046875
1781	1.1069316840277779	17.63093125
1782	0.9083974826388889	17.628925
1783	0.7819215277777778	17.6731203125
1784	0.8309571180555556	17.6426203125
1785	0.8745815972222222	17.639184375
1786	0.7675136284722223	17.633878125
1787	0.7123166232638889	17.698375
1788	0.7789131076388889	17.74265
1789	0.9267285590277777	17.64554375
1790	0.9322940104166667	17.6669453125
1791	0.9300448784722222	17.687334375
1792	0.8347315104166667	17.6309859375
1793	1.843042361111111	17.668846875
1794	2.0190793402777776	17.4074703125
1795	1.2786706597222222	17.553859375
1796	0.9570168402777778	17.644875
1797	0.8155659722222223	17.731646875
1798	0.6926834201388888	17.7381421875
1799	0.7629171875	17.78635625
1800	1.0262205729166667	17.6648953125
1801	1.1231666666666666	17.6061671875
1802	0.9215769965277778	17.6552703125
1803	0.8957707465277778	17.688884375
1804	1.1297782118055555	17.726459375
1805	0.8267780381944444	17.689265625
1806	0.7009561631944444	17.8341640625
1807	0.7413574652777778	17.761834375
1808	0.7180730034722222	17.8240765625
1809	0.9805881076388889	17.6911953125
1810	0.8793467013888889	17.749759375
1811	0.81051015625	17.750034375
1812	0.9584126736111112	17.7502984375
1813	0.7577080729166666	17.828409375
1814	0.7375873263888889	17.7821875
1815	0.6623052517361111	17.8644390625
1816	0.7214783854166666	17.86535
1817	0.8128432291666666	17.8064125
1818	1.0034550347222222	17.738475
1819	0.7741450520833333	17.726003125
1820	0.55551484375	17.9348953125
1821	0.6273150607638889	17.8884984375
1822	0.6280518229166666	17.8815265625
1823	0.7803387152777778	17.7700640625
1824	0.8153844618055556	17.86795
1825	0.7805519097222222	17.8229578125
1826	0.6008975694444444	17.8947015625
1827	0.5702296440972222	17.8398203125
1828	1.3695782986111111	17.85665625
1829	1.9261833333333334	17.612015625
1830	1.2095550347222221	17.543540625
1831	0.8240623263888889	17.7189203125
1832	0.7368739583333334	17.781803125
1833	0.5669522569444444	17.805225
1834	0.4894396701388889	17.862403125
1835	0.5011314670138889	17.9208953125
1836	0.5508779079861111	17.963371875
1837	0.6358025173611112	17.89549375
1838	0.5938263454861111	17.905465625
1839	1.4058511284722222	17.7276296875
1840	1.7601538194444444	17.750859375
1841	1.1056944444444445	17.700746875
1842	0.8594471354166666	17.7823640625
1843	0.6441029079861111	17.75949375
1844	0.4052200954861111	17.7616703125
1845	0.31254331597222224	17.842275
1846	0.3183939019097222	18.0146328125
1847	0.33205933159722223	17.9951234375
1848	0.31468726128472224	17.9971234375
1849	0.40995108506944444	18.002984375
1850	0.4156830295138889	17.972959375
1851	0.322284765625	18.0510859375
1852	0.4558158420138889	17.950046875
1853	1.106338454861111	17.938346875
1854	0.5670997829861111	17.9411921875
1855	0.31606497395833333	17.9490359375
1856	0.37871197916666666	18.005459375
1857	0.4940811197916667	17.9496875
1858	0.49016059027777775	17.978690625
1859	0.5485467881944445	17.9412515625
1860	0.36490577256944445	17.9529796875
1861	0.17153639322916667	18.1162234375
1862	0.25083728298611113	18.1811234375
1863	0.2850658203125	18.0603609375
1864	0.2579307942708333	18.1377609375
1865	0.2923908203125	18.106425
1866	0.2378050998263889	18.048440625
1867	0.2333351345486111	18.098753125
1868	0.14716692708333334	18.1225703125
1869	0.08333056640625	18.186428125
1870	0.13602146267361112	18.1941546875
1871	0.19606482204861111	18.1040796875
1872	0.7612589409722222	17.9763546875
1873	0.7751940104166667	17.9776375
1874	0.4261832465277778	17.9665984375
1875	0.36659066840277776	18.1020625
1876	0.5549930989583334	17.9970109375
1877	0.2747468532986111	18.113971875
1878	0.4159391059027778	18.1460640625
1879	0.19384800347222222	18.05810625
1880	0.19610889756944444	18.193053125
1881	0.17396748046875	18.1963875
1882	0.16442835286458332	18.2000296875
1883	0.200440625	18.2068875
1884	0.19655093315972222	18.181371875
1885	0.0035529459635416667	18.1959265625
1886	0.035716663953993054	18.1574859375
1887	0.04107097439236111	18.215121875
1888	0.15491883680555554	18.1957734375
1889	0.5666822482638889	18.14946875
1890	0.3976671440972222	18.161375
1891	0.19646458333333333	18.2222484375
1892	0.053522379557291666	18.314528125
1893	0.2615263671875	18.2616421875
1894	0.1512365017361111	18.1508375
1895	0.0634046657986111	18.24045
1896	-0.006132001410590278	18.21585625
1897	-0.02104878200954861	18.270384375
1898	0.31505421006944445	18.242721875
1899	0.2685119791666667	18.15866875
1900	0.08485064561631944	18.236028125
1901	0.0007105577256944444	18.2353640625
1902	0.25262526041666666	18.2603953125
1903	0.38650872395833336	18.1830890625
1904	0.21214366319444444	18.180028125
1905	0.07940960286458333	18.238421875
1906	0.3177546875	18.161009375
1907	0.39760104166666665	18.173625
1908	0.22435190972222221	18.1701703125
1909	0.04624235026041667	18.150775
1910	0.033994468858506946	18.3161203125
1911	0.3859521701388889	18.1474921875
1912	0.15245250651041667	18.188203125
1913	-0.10510687934027778	18.32846875
1914	0.05528071831597222	18.3291625
1915	0.06476229926215278	18.34768125
1916	-0.026355476888020833	18.27610625
1917	0.062219563802083336	18.274490625
1918	0.07194688042534722	18.233346875
1919	-0.024935799153645834	18.387615625
1920	-0.1418376953125	18.3704109375
1921	0.04664442816840278	18.207840625
1922	0.06745492621527778	18.319115625
1923	-0.18866918402777777	18.208603125
1924	-0.06062804361979167	18.36563125
1925	-0.08979308810763889	18.447234375
1926	0.211569140625	18.2483125
1927	-0.002856754557291667	18.30333125
1928	0.16871304253472222	18.19976875
1929	-0.034030097113715276	18.358475
1930	0.0027101318359375	18.275396875
1931	0.009025938585069445	18.30776875
1932	-0.09558383246527778	18.241940625
1933	-0.08338448350694444	18.299596875
1934	-0.2346669921875	18.361971875
1935	-0.08466049262152778	18.3215703125
1936	-0.1574642361111111	18.306925
1937	-0.038359703233506945	18.339425
1938	-0.2765203559027778	18.4780953125
1939	-0.14708772786458332	18.4015359375
1940	0.057605674913194446	18.342184375
1941	-0.11513822699652777	18.3038671875
1942	-0.08914474283854167	18.480121875
1943	-0.17178098958333332	18.402415625
1944	-0.2656847222222222	18.43599375
1945	-0.23966258680555555	18.416053125
1946	0.07190423177083333	18.40319375
1947	0.04909932725694444	18.36859375
1948	-0.09536411675347223	18.413228125
1949	-0.17516036241319444	18.391765625
1950	-0.12231153428819444	18.3861375
1951	-0.11093709852430556	18.295059375
1952	-0.18728350694444446	18.370453125
1953	0.12758165147569445	18.26430625
1954	0.03771384548611111	18.3003609375
1955	-0.33731705729166667	18.3630296875
1956	-0.30520362413194446	18.4248421875
1957	-0.28023116319444447	18.465490625
1958	-0.23907194010416666	18.29449375
1959	-0.2566835286458333	18.417103125
1960	-0.19168485243055555	18.3836734375
1961	-0.34214913194444446	18.3580859375
1962	-0.4212223090277778	18.498403125
1963	-0.4236345486111111	18.4154453125
1964	-0.3205165147569444	18.577675
1965	-0.318128515625	18.53573125
1966	-0.4579167534722222	18.4731171875
1967	-0.46995902777777776	18.518346875
1968	-0.5850740451388889	18.5568859375
1969	-0.4664332465277778	18.4694140625
1970	-0.43167899305555557	18.5324875
1971	-0.25943778211805557	18.53595625
1972	0.04408351779513889	18.3083453125
1973	-0.31877317708333336	18.468675
1974	-0.16679982638888888	18.311775
1975	-0.13178815104166666	18.440340625
1976	-0.27322183159722224	18.462334375
1977	-0.44400963541666666	18.5120484375
1978	-0.31703843315972224	18.428990625
1979	-0.042702113172743056	18.3850984375
1980	-0.3818249565972222	18.573703125
1981	-0.4662126302083333	18.4874109375
1982	-0.6117036024305555	18.533165625
1983	-0.5587800347222223	18.572825
1984	-0.40926388888888887	18.494471875
1985	-0.5287317708333333	18.576665625
1986	-0.6941551649305555	18.577571875
1987	-0.45012161458333333	18.543634375
1988	-0.4025155815972222	18.5222921875
1989	-0.5887496527777778	18.602871875
1990	-0.6444272569444445	18.52715
1991	-0.461658203125	18.5643234375
1992	-0.10743543836805555	18.5724875
1993	-0.36646831597222224	18.5566625
1994	-0.5382220052083333	18.60548125
1995	-0.3200643880208333	18.6285375
1996	0.1605053493923611	18.435059375
1997	-0.33974303385416665	18.5225921875
1998	-0.5529248697916667	18.512728125
1999	-0.40462647569444443	18.4635
2000	-0.5758482204861111	18.568221875
2001	-0.5433513020833334	18.52893125
2002	-0.5571139756944444	18.560228125
2003	-0.6715191840277778	18.6340375
2004	-0.6371069878472222	18.6686375
2005	-0.2912177951388889	18.6678390625
2006	0.5572595052083333	18.335796875
2007	-0.14206961805555557	18.456421875
2008	-0.19073993055555555	18.54858125
2009	0.6934779947916667	18.28215
2010	0.15854921875	18.28890625
2011	-0.21579835069444445	18.37906875
2012	-0.2549106770833333	18.457290625
2013	-0.5425338107638888	18.56728125
2014	-0.6336991319444445	18.635553125
2015	-0.7315965277777777	18.60006875
2016	-0.6985045138888889	18.7247671875
2017	-0.6810673177083333	18.6812046875
2018	-0.7040344184027778	18.6575328125
2019	-0.8369792534722222	18.7510796875
2020	-0.7752621527777778	18.667125
2021	-0.7829713541666666	18.656896875
2022	-0.7950532118055555	18.70855625
2023	-0.8523282986111111	18.772325
2024	-0.8745481770833333	18.704659375
2025	-0.90739609375	18.7249578125
2026	-0.48594370659722225	18.6472625
2027	-0.7087227864583333	18.6558921875
2028	-0.9169231770833334	18.77033125
2029	-0.8868729166666667	18.803975
2030	-0.8617368055555555	18.6720421875
2031	-0.8399263888888889	18.818896875
2032	-0.8383000868055556	18.69333125
2033	-0.9190997395833334	18.7508046875
2034	-0.8906347222222222	18.784125
2035	-0.7864383680555556	18.7655796875
2036	-0.8983274305555555	18.7999875
2037	-0.91047109375	18.8294328125
2038	-0.5658358940972222	18.7288515625
2039	-0.6634249131944444	18.6645
2040	-0.8208613715277778	18.7729828125
2041	-0.7788582465277778	18.7245375
2042	-0.9257807291666666	18.806340625
2043	-0.7796380208333333	18.7903390625
2044	-0.5755470052083334	18.637446875
2045	-0.6700670138888889	18.806821875
2046	-0.07408980034722222	18.648725
2047	-0.4755168402777778	18.657209375
2048	-0.6952310329861111	18.6719140625
2049	-0.9044587673611111	18.7725375
2050	-1.0128219618055556	18.7544703125
2051	-0.9703386284722222	18.7773234375
2052	-0.6248970052083334	18.787496875
2053	-0.20669997829861111	18.67281875
2054	-0.3068820746527778	18.658740625
2055	-0.5784870659722222	18.648378125
2056	-0.6709551215277778	18.715240625
2057	-0.678148046875	18.65734375
2058	-0.8820335069444445	18.76231875
2059	-1.0398916666666667	18.7460890625
2060	-1.0239013020833334	18.7756125
2061	-1.139041579861111	18.88185625
2062	-1.0514832465277777	18.8662171875
2063	-0.9818189236111111	18.83531875
2064	-1.0983241319444443	18.757303125
2065	-0.6969978732638888	18.8489875
2066	-1.0041947916666667	18.803940625
2067	-0.8739808159722222	18.8128015625
2068	-0.9552051215277778	18.81721875
2069	-1.0334194444444444	18.8079
2070	-0.9208723090277777	18.7928890625
2071	-0.8818484375	18.786515625
2072	-1.0467110243055555	18.8593875
2073	-1.1551266493055556	18.9167
2074	-1.1735479166666667	18.895953125
2075	-1.2209296875	18.961828125
2076	-1.1500526041666668	18.9515671875
2077	-0.33044453125	18.741809375
2078	-0.15975524088541668	18.572521875
2079	-0.43924722222222223	18.6391015625
2080	-0.49693177083333334	18.5837125
2081	-0.9290277777777778	18.836903125
2082	-1.047971267361111	18.814190625
2083	-1.1124032118055556	18.91635
2084	-1.2040213541666667	18.90445625
2085	-1.2502815972222223	19.0057296875
2086	-1.2672114583333334	18.865134375
2087	-1.2567467881944445	18.971428125
2088	-1.3153444444444444	19.032396875
2089	-1.2993800347222222	19.056278125
2090	-1.2885915798611112	19.0188359375
2091	-1.2038410590277777	18.970896875
2092	-1.1546337673611111	18.9109828125
2093	-1.117152951388889	18.9255078125
2094	-1.3180407986111111	18.9640953125
2095	-1.3278144097222222	19.039040625
2096	-1.3322910590277777	19.04610625
2097	-1.2117409722222223	19.1115921875
2098	-1.2813546006944445	18.9812046875
2099	-1.0853118923611111	19.002440625
2100	-1.1667721354166667	19.01741875
