mass_1	mass_2	phase	time	distance	a_1	a_2	tilt_1	tilt_2	phi_12	phi_jl	theta_jn	psi	ra	dec
0.70068	0.60281	0.04482	0.88236	0.34303	0.04412	0.05042	0.05904	0.01817	0.04375	0.16827	0.25297	0.05645	0.97342	0.71623
0.70713	0.6044	0.05129	0.86418	0.31788	0.04892	0.04672	0.05055	0.0285	0.04402	0.15143	0.24721	0.04982	0.9688	0.72491
0.71007	0.59992	0.04724	0.83271	0.29278	0.04411	0.04468	0.04896	0.01518	0.05373	0.15846	0.26646	0.05199	0.92889	0.71347
0.71015	0.63986	0.05087	0.87948	0.26805	0.04834	0.04817	0.05317	0.01551	0.04929	0.15804	0.2341	0.05486	0.94742	0.70966
0.72895	0.61575	0.04495	0.86569	0.27799	0.04141	0.04348	0.05223	0.02201	0.05206	0.15564	0.23863	0.05138	0.97198	0.68823
0.72931	0.61715	0.04907	0.87355	0.23335	0.0398	0.04698	0.03808	0.02824	0.04475	0.15267	0.23082	0.05146	1.05297	0.71161
0.71382	0.59619	0.03874	0.85747	0.21305	0.0466	0.04451	0.04649	0.01919	0.04055	0.14753	0.19126	0.05293	0.95249	0.69975
0.7109	0.6114	0.05505	0.81867	0.26037	0.04904	0.04312	0.03626	0.01668	0.04465	0.15442	0.20976	0.04998	0.92269	0.71703
0.73255	0.62229	0.05404	0.84357	0.22592	0.04635	0.05316	0.04161	0.01542	0.0419	0.15527	0.20018	0.05173	0.93699	0.68221
0.69083	0.59122	0.05025	0.89414	0.15243	0.04689	0.05185	0.04954	0.01642	0.04559	0.1484	0.17504	0.04271	0.92114	0.7135
0.70703	0.60344	0.04783	0.93105	0.2096	0.0495	0.04145	0.04872	0.01644	0.04699	0.1577	0.18368	0.05019	0.95893	0.70843
0.71587	0.58907	0.05153	0.82466	0.18241	0.04812	0.04434	0.03736	0.01801	0.04208	0.1501	0.18648	0.04799	0.92747	0.6938
0.68754	0.58907	0.05051	0.89976	0.17718	0.05012	0.04633	0.05823	0.01832	0.04792	0.15431	0.16693	0.04223	0.9569	0.71265
0.68099	0.58278	0.0423	0.96126	0.17262	0.04723	0.04941	0.04246	0.01638	0.05275	0.14877	0.17249	0.04066	0.95123	0.72285
0.63488	0.57358	0.04635	0.95338	0.18735	0.05624	0.04555	0.0388	0.01399	0.04924	0.15524	0.17962	0.04009	0.95469	0.70769
0.62157	0.5743	0.04746	0.93713	0.19572	0.04496	0.04817	0.03822	0.01903	0.04884	0.14823	0.18361	0.03469	1.00829	0.70253
0.62477	0.56343	0.0467	0.94895	0.20345	0.04695	0.04711	0.05156	0.01827	0.03934	0.142	0.14013	0.03045	0.92053	0.71349
0.64113	0.55421	0.04643	0.86386	0.24902	0.04741	0.04415	0.04083	0.0182	0.03955	0.14816	0.15836	0.03224	0.9501	0.70567
0.63443	0.54779	0.0423	0.90233	0.25256	0.05207	0.041	0.04069	0.01623	0.04226	0.14284	0.15614	0.0301	0.89687	0.68811
0.64124	0.5983	0.0456	0.96288	0.21513	0.0485	0.04163	0.04624	0.01525	0.03841	0.13402	0.13937	0.0239	0.91095	0.71513
0.62982	0.54654	0.04077	0.90306	0.18779	0.04809	0.04032	0.0375	0.02226	0.04153	0.15748	0.09737	0.01978	0.9486	0.68652
0.64962	0.59272	0.03908	0.94165	0.21923	0.0374	0.04249	0.04199	0.01684	0.03973	0.13852	0.13005	0.02007	0.93683	0.69823
0.64162	0.53565	0.03817	0.91359	0.25106	0.04549	0.03826	0.05422	0.01935	0.03728	0.12642	0.11507	0.01588	0.94385	0.70414
0.66787	0.53384	0.03942	0.98962	0.22542	0.04724	0.03902	0.03892	0.02178	0.04513	0.13713	0.08473	0.01057	0.92874	0.71977
0.74039	0.54275	0.04082	0.94589	0.28255	0.04107	0.03444	0.04169	0.01932	0.04039	0.13322	0.13641	0.01427	0.9205	0.71228
0.66596	0.54351	0.0465	0.97876	0.20542	0.04129	0.03665	0.04516	0.02073	0.03912	0.11652	0.10168	0.01108	0.92568	0.6922
0.75288	0.55018	0.03913	0.99729	0.25307	0.04523	0.02895	0.05653	0.02107	0.0366	0.11598	0.11349	0.01348	0.94903	0.67555
0.6911	0.53049	0.05022	0.96531	0.26527	0.03775	0.03386	0.04915	0.02332	0.03579	0.10389	0.08488	0.01492	0.90818	0.7047
0.70171	0.53743	0.03754	1.00548	0.2218	0.03681	0.02886	0.04988	0.02606	0.03744	0.09433	0.09505	0.01283	0.9653	0.69502
0.70043	0.54159	0.03809	0.94847	0.22776	0.04121	0.02788	0.04269	0.02176	0.04081	0.09482	0.0881	0.01238	0.90069	0.67245
0.74106	0.49996	0.04085	1.04819	0.25881	0.03287	0.0272	0.04399	0.0173	0.03369	0.11297	0.09494	0.0161	0.91355	0.67275
0.72669	0.518	0.03891	0.95018	0.29509	0.03503	0.02415	0.05158	0.01683	0.03596	0.10023	0.08818	0.01654	0.89563	0.69422
0.69468	0.50467	0.04286	0.94442	0.29821	0.03925	0.03006	0.05583	0.02386	0.03211	0.09244	0.08345	0.01398	0.99985	0.67773
0.70692	0.54514	0.03781	0.96955	0.26175	0.03024	0.02832	0.04863	0.0188	0.03278	0.09204	0.09726	0.01426	0.90622	0.70167
0.68839	0.52478	0.03583	0.95822	0.20245	0.03252	0.02407	0.04637	0.02027	0.03691	0.08608	0.10087	0.01037	0.92131	0.69253
0.71973	0.52763	0.03351	0.97303	0.23933	0.02911	0.02159	0.04141	0.02157	0.02756	0.09414	0.11335	0.01318	0.90339	0.72613
0.74604	0.5284	0.03924	0.95404	0.29494	0.03517	0.01712	0.04786	0.01768	0.03437	0.07687	0.1108	0.01181	0.94797	0.68731
0.69582	0.51853	0.03082	0.96207	0.18961	0.02694	0.02025	0.04226	0.01938	0.03519	0.09304	0.09468	0.01048	0.90262	0.67798
0.69067	0.52324	0.03707	0.97671	0.22861	0.02458	0.01879	0.03767	0.0171	0.03436	0.09635	0.13425	0.01049	0.89249	0.67903
0.69896	0.5508	0.03266	0.96613	0.22509	0.02397	0.02558	0.03868	0.01699	0.03676	0.07999	0.07935	0.01125	0.87174	0.71465
0.59965	0.52637	0.02963	0.96707	0.26276	0.03082	0.0173	0.05334	0.02055	0.03596	0.09415	0.08518	0.00904	0.89341	0.70817
0.66267	0.50815	0.0305	0.97347	0.23071	0.02299	0.01641	0.04661	0.02077	0.0328	0.08487	0.09637	0.01064	0.90193	0.69471
0.68025	0.51679	0.03587	0.97066	0.23918	0.01774	0.01841	0.04276	0.01738	0.03619	0.08193	0.10206	0.00747	0.90474	0.70788
0.64153	0.5154	0.03448	0.95746	0.22104	0.02207	0.01911	0.04406	0.01708	0.04036	0.10586	0.0995	0.00806	0.94158	0.69381
0.69191	0.52335	0.03205	0.95066	0.19075	0.01132	0.01211	0.04064	0.02125	0.02983	0.08544	0.10761	0.00812	0.87191	0.70293
0.59374	0.50518	0.02932	0.95757	0.24826	0.01362	0.0165	0.04371	0.02725	0.03461	0.09747	0.09892	0.00624	0.8805	0.71445
0.68556	0.48994	0.02948	0.96491	0.22194	0.01797	0.01315	0.03802	0.0228	0.03745	0.09886	0.12733	0.00993	0.90168	0.71872
0.72253	0.52348	0.03126	0.96644	0.25214	0.01921	0.01142	0.03968	0.02591	0.03796	0.07952	0.11471	0.00587	0.89894	0.72803
0.67434	0.5366	0.02397	0.96617	0.24172	0.01422	0.01901	0.03484	0.02008	0.03555	0.07227	0.13962	0.00689	0.89876	0.68866
0.6804	0.53223	0.03052	0.97106	0.22568	0.01722	0.01327	0.0417	0.01679	0.03238	0.08995	0.09487	0.00893	0.87351	0.70948
0.75809	0.57981	0.02919	0.9579	0.27767	0.0151	0.01739	0.05297	0.01554	0.02754	0.08378	0.12543	0.00679	0.8789	0.7012
0.66805	0.53583	0.02795	0.97467	0.26988	0.01694	0.01244	0.0508	0.01943	0.02793	0.0759	0.12525	0.00814	0.89999	0.71827
0.67336	0.57498	0.02903	0.97575	0.21893	0.018	0.01781	0.0319	0.0146	0.03302	0.08243	0.10915	0.00743	0.8808	0.73468
0.64261	0.50921	0.02454	0.96435	0.22176	0.01326	0.01837	0.04019	0.01561	0.03262	0.09236	0.11351	0.00724	0.87495	0.71954
0.70065	0.53889	0.02053	0.9969	0.24302	0.01101	0.01273	0.03432	0.01851	0.02872	0.09715	0.11149	0.00683	0.88249	0.729
0.65901	0.51741	0.02602	0.97203	0.2232	0.01437	0.01251	0.02724	0.02288	0.02626	0.09386	0.17249	0.00586	0.88721	0.69766
0.67917	0.54612	0.0204	0.9445	0.23152	0.01425	0.01423	0.03867	0.01342	0.02821	0.08416	0.20597	0.00844	0.92275	0.72051
0.61975	0.50681	0.02205	0.93915	0.18895	0.01889	0.01406	0.03639	0.02467	0.0326	0.07722	0.13069	0.00863	0.90351	0.7266
0.71472	0.59345	0.02326	0.99321	0.28392	0.01297	0.01111	0.03332	0.02159	0.02724	0.10207	0.12695	0.00397	0.89464	0.72628
0.62217	0.50367	0.02444	0.97316	0.27989	0.00874	0.01305	0.02914	0.02258	0.02599	0.0803	0.13473	0.00663	0.9506	0.72393
0.65903	0.51249	0.01602	0.98416	0.23922	0.01022	0.01276	0.03118	0.01993	0.02385	0.09576	0.11448	0.00619	0.89395	0.72656
0.62826	0.48592	0.0153	0.9522	0.2213	0.01312	0.01271	0.03653	0.01807	0.02395	0.0807	0.13085	0.00753	0.92388	0.72758
0.5912	0.47279	0.02073	0.94079	0.20058	0.01586	0.01113	0.03861	0.01555	0.02894	0.09759	0.11087	0.00637	0.89953	0.72484
0.67703	0.50801	0.01849	0.96986	0.19509	0.01042	0.0138	0.03424	0.0201	0.02129	0.09764	0.15176	0.00831	0.91569	0.72088
0.65731	0.50846	0.02109	0.95834	0.20946	0.01173	0.01481	0.03181	0.01905	0.02675	0.09708	0.11665	0.00481	0.88538	0.73143
0.65163	0.50001	0.01998	0.94997	0.23963	0.00852	0.01255	0.04166	0.01424	0.0259	0.10197	0.12652	0.00589	0.89916	0.70714
0.55985	0.50056	0.01892	0.94394	0.20154	0.01221	0.01531	0.03391	0.01655	0.01946	0.10372	0.12583	0.00901	0.92676	0.73015
0.63848	0.53887	0.01382	0.98307	0.26641	0.01612	0.01467	0.03778	0.02302	0.02305	0.08682	0.11929	0.0052	0.88174	0.73219
0.60728	0.49679	0.01698	0.96535	0.25237	0.01008	0.01272	0.03332	0.01904	0.0258	0.09461	0.09946	0.01003	0.86572	0.7287
0.7079	0.51231	0.01647	0.95552	0.24555	0.01135	0.01206	0.02993	0.01754	0.02753	0.09029	0.12018	0.00543	0.87797	0.70519
0.69187	0.53483	0.01509	0.9701	0.23425	0.01132	0.01248	0.03957	0.01577	0.02451	0.09208	0.11458	0.00421	0.90267	0.72771
0.72112	0.52512	0.01342	0.97061	0.23521	0.00783	0.01282	0.04356	0.02091	0.02059	0.0949	0.12737	0.00666	0.89921	0.73024
0.67432	0.51845	0.01641	0.96232	0.24662	0.01209	0.01231	0.04457	0.01534	0.01721	0.08481	0.14676	0.00581	0.89006	0.73768
0.7011	0.54033	0.01407	0.9617	0.24846	0.01288	0.01107	0.04724	0.01639	0.02659	0.10169	0.11935	0.00412	0.91137	0.72908
0.7081	0.5222	0.01725	0.97236	0.22458	0.01383	0.01424	0.03055	0.01949	0.02137	0.0968	0.12949	0.00609	0.8792	0.72022
0.6434	0.52428	0.01431	0.95815	0.19317	0.00704	0.01276	0.02845	0.01893	0.02191	0.09488	0.14413	0.00341	0.89229	0.73545
0.57544	0.51316	0.01499	0.93028	0.1929	0.01281	0.01353	0.03847	0.02384	0.02216	0.08715	0.13843	0.00553	0.86327	0.7091
0.65561	0.4956	0.01735	0.96916	0.21553	0.00584	0.01404	0.04494	0.01675	0.01931	0.0957	0.16098	0.00739	0.89305	0.74132
0.69404	0.49211	0.01278	0.97886	0.19583	0.00581	0.01244	0.03093	0.02138	0.01873	0.09427	0.13025	0.00524	0.86572	0.73491
0.58981	0.52056	0.01242	0.97232	0.21229	0.00708	0.01143	0.03701	0.01953	0.01942	0.09454	0.13906	0.00513	0.8563	0.73623
0.66762	0.53346	0.01387	0.96538	0.23032	0.01107	0.01618	0.03733	0.01554	0.01508	0.09213	0.14241	0.00529	0.90673	0.72501
0.64652	0.52746	0.01576	0.95379	0.25634	0.00757	0.01005	0.02576	0.02275	0.01662	0.0887	0.12789	0.00508	0.928	0.72655
0.74088	0.56203	0.01228	0.97474	0.29253	0.01024	0.012	0.04387	0.01672	0.01883	0.09058	0.1427	0.006	0.91845	0.75472
0.68125	0.51188	0.01633	0.9905	0.27762	0.00473	0.01172	0.04124	0.02177	0.01996	0.09539	0.10516	0.00659	0.90473	0.72557
0.65477	0.493	0.01528	0.95754	0.23667	0.00741	0.01033	0.03846	0.02865	0.01596	0.09839	0.13146	0.0061	0.94267	0.72441
0.62286	0.49947	0.01264	0.9652	0.2472	0.00566	0.01065	0.04215	0.01931	0.01572	0.08572	0.14245	0.00852	0.91828	0.73192
0.72297	0.5436	0.01186	0.98445	0.23638	0.00513	0.00926	0.04289	0.01943	0.01865	0.09437	0.15238	0.00513	0.8868	0.72309
0.65812	0.49929	0.0132	0.97849	0.21384	0.0055	0.01076	0.04176	0.0195	0.01789	0.07551	0.14887	0.00592	0.89284	0.73529
0.56057	0.47419	0.01485	0.93053	0.19841	0.00368	0.01188	0.03496	0.01374	0.01721	0.09471	0.13879	0.00626	0.88438	0.71612
0.63321	0.51754	0.0078	0.9526	0.25391	0.01038	0.01292	0.04069	0.01752	0.01993	0.08362	0.1066	0.00546	0.88633	0.72698
0.60478	0.47129	0.01524	0.9508	0.20214	0.01128	0.01244	0.04019	0.01928	0.01932	0.09434	0.14345	0.00658	0.863	0.71466
0.56489	0.49324	0.01248	0.93983	0.19094	0.00555	0.0139	0.03833	0.01851	0.01853	0.08409	0.13492	0.00734	0.90413	0.73249
0.63836	0.52518	0.01037	0.97237	0.2154	0.00333	0.01015	0.04	0.01658	0.01859	0.07529	0.13117	0.00443	0.86122	0.72081
0.6542	0.49852	0.0132	0.93443	0.2606	0.0029	0.01083	0.03855	0.01734	0.01941	0.09407	0.12114	0.00481	0.89428	0.72136
0.69973	0.56439	0.01199	0.95958	0.28787	0.00238	0.01187	0.04125	0.02169	0.01081	0.09654	0.13895	0.00845	0.87488	0.72035
0.5557	0.51212	0.0111	0.94799	0.2549	0.00495	0.00978	0.03227	0.01932	0.0201	0.08207	0.11643	0.00573	0.8706	0.70848
0.56351	0.50689	0.01345	0.95313	0.2467	0.00228	0.01595	0.03325	0.02049	0.01721	0.08404	0.134	0.00436	0.87645	0.69351
0.58779	0.45592	0.01257	0.93757	0.24466	0.00823	0.01027	0.04327	0.0166	0.01482	0.0833	0.13083	0.00667	0.86811	0.7204
0.68739	0.50461	0.01139	0.98102	0.25543	0.00172	0.0109	0.04177	0.02447	0.01374	0.08845	0.13437	0.00648	0.8992	0.73576
0.78952	0.61999	0.01057	0.95289	0.2532	0.00511	0.01097	0.05996	0.02138	0.02169	0.07555	0.1219	0.00771	0.92846	0.72634
0.74534	0.57092	0.01367	0.97494	0.27074	0.00563	0.01256	0.03528	0.01779	0.01651	0.09611	0.12866	0.00512	0.8921	0.73524
0.60567	0.50699	0.01037	0.94774	0.235	0.00361	0.00818	0.03865	0.02132	0.01567	0.09757	0.12797	0.00515	0.89508	0.72687
0.66219	0.52819	0.00856	0.9399	0.24244	0.00571	0.01139	0.03799	0.02317	0.01249	0.10275	0.12188	0.00668	0.88449	0.71969
0.60012	0.51222	0.0141	0.95766	0.24455	0.00261	0.01277	0.03319	0.01853	0.0233	0.09827	0.11406	0.00766	0.89928	0.74212
0.71626	0.54817	0.01043	0.98619	0.27974	0.00506	0.01754	0.04716	0.02146	0.01342	0.08939	0.12256	0.01068	0.88136	0.7326
0.60041	0.51078	0.01215	0.96033	0.21548	0.00166	0.01233	0.04607	0.01474	0.01361	0.09438	0.11266	0.00696	0.89658	0.73333
0.78386	0.60144	0.01327	0.97156	0.30162	0.00278	0.01318	0.05438	0.01802	0.01954	0.08801	0.12696	0.00412	0.87891	0.72413
0.74343	0.56587	0.01063	0.96703	0.29873	0.00248	0.01089	0.043	0.01624	0.0208	0.11184	0.12957	0.005	0.85299	0.73296
0.6608	0.53087	0.0088	0.94192	0.26783	0.00575	0.01149	0.04297	0.01463	0.01536	0.08557	0.09931	0.0053	0.88217	0.71639
0.69984	0.55089	0.01175	0.95842	0.24913	0.00267	0.01554	0.0456	0.01423	0.01648	0.09694	0.11852	0.00555	0.87721	0.7301
0.65965	0.5385	0.01867	0.93832	0.23023	0.00274	0.01034	0.03679	0.01733	0.01612	0.09245	0.11946	0.00658	0.89694	0.70777
0.60997	0.50858	0.01044	0.93536	0.23059	0.00318	0.00993	0.03044	0.02097	0.01164	0.08601	0.11777	0.00659	0.90162	0.74101
0.69578	0.52088	0.01151	0.94484	0.26215	0.00769	0.00847	0.03235	0.02339	0.01592	0.0942	0.10073	0.00603	0.89473	0.72648
0.62982	0.53381	0.00914	0.96987	0.23723	0.00583	0.01299	0.03477	0.01718	0.01169	0.08767	0.11311	0.00528	0.86834	0.74111
0.63542	0.52113	0.01026	0.92347	0.25472	0.00314	0.0114	0.03994	0.02364	0.01432	0.09137	0.1426	0.00724	0.89863	0.69997
0.61178	0.54111	0.01032	0.9436	0.20913	0.00297	0.01273	0.04265	0.02528	0.01276	0.10318	0.11002	0.00546	0.90878	0.71542
0.53657	0.53614	0.0094	0.91554	0.2007	0.00312	0.0124	0.03884	0.02152	0.01421	0.09938	0.12938	0.00512	0.82921	0.71394
0.57798	0.52722	0.01098	0.9117	0.1804	0.00385	0.01327	0.04872	0.0216	0.01568	0.0853	0.13881	0.00861	0.88072	0.71011
0.69561	0.57411	0.01077	0.96892	0.27657	0.00504	0.01151	0.04916	0.0265	0.01164	0.09593	0.12885	0.00778	0.86581	0.73983
0.57175	0.52475	0.00866	0.9376	0.20304	0.002	0.01408	0.04127	0.02001	0.01371	0.07868	0.12999	0.00614	0.84432	0.7256
0.66496	0.56239	0.01015	0.91769	0.23562	0.00244	0.01043	0.04243	0.01736	0.01525	0.09573	0.12945	0.00771	0.83762	0.71934
0.54065	0.55559	0.01141	0.89742	0.19355	0.00611	0.00751	0.03414	0.01704	0.01203	0.09697	0.13346	0.00783	0.87575	0.70887
0.60441	0.52345	0.00966	0.92941	0.24994	0.00327	0.01078	0.0446	0.02411	0.01405	0.09854	0.13575	0.01023	0.83347	0.71957
0.60044	0.51766	0.00974	0.94834	0.2204	0.0063	0.00988	0.03958	0.02285	0.01449	0.10102	0.12293	0.00732	0.84547	0.73994
0.7561	0.60818	0.01444	0.9358	0.25771	0.00511	0.01354	0.0422	0.01857	0.00656	0.0865	0.10566	0.00984	0.87244	0.71096
0.58546	0.54327	0.00983	0.92884	0.24164	0.00161	0.01024	0.04333	0.01256	0.01057	0.08724	0.1333	0.00536	0.82903	0.7323
0.67232	0.56645	0.01001	0.94248	0.22891	0.00248	0.01027	0.03702	0.01532	0.01178	0.0914	0.1336	0.00852	0.82345	0.72663
0.66131	0.54012	0.00786	0.93212	0.25541	0.00429	0.01274	0.03947	0.02321	0.01351	0.08623	0.13937	0.00857	0.82774	0.72385
0.61297	0.5194	0.00956	0.92862	0.25282	0.00348	0.01092	0.04199	0.01462	0.01308	0.10687	0.11422	0.00952	0.83663	0.72617
0.61384	0.53579	0.00848	0.91034	0.23717	0.00176	0.0083	0.04625	0.01411	0.01185	0.09633	0.1454	0.00498	0.82755	0.71094
0.64149	0.53206	0.0105	0.92654	0.21818	0.00342	0.00995	0.04119	0.01766	0.01256	0.10052	0.14318	0.00476	0.85675	0.71794
0.63671	0.50378	0.01095	0.90111	0.24443	0.00288	0.01202	0.03094	0.01775	0.01347	0.07986	0.12673	0.00432	0.84468	0.72255
0.55539	0.51721	0.00698	0.93447	0.21764	0.00504	0.01241	0.03988	0.01921	0.0152	0.08163	0.12392	0.00414	0.83007	0.74336
0.59188	0.55678	0.00981	0.91868	0.23179	0.00248	0.00978	0.03321	0.01857	0.01515	0.09474	0.11101	0.00639	0.7977	0.71911
0.60428	0.5503	0.0095	0.92682	0.22523	0.00228	0.00888	0.02731	0.0177	0.01546	0.08713	0.12735	0.00436	0.81181	0.71948
0.61763	0.49821	0.00977	0.9096	0.22001	0.00436	0.01115	0.03446	0.01486	0.00893	0.09257	0.13729	0.00557	0.85303	0.71423
0.59252	0.55795	0.00748	0.91979	0.20794	0.00566	0.00928	0.04135	0.01527	0.01449	0.1016	0.13612	0.0055	0.83352	0.70568
0.61165	0.55221	0.01106	0.88417	0.23335	0.00608	0.00781	0.03737	0.01868	0.0146	0.10465	0.12605	0.00559	0.79728	0.71931
0.63211	0.53717	0.01011	0.9313	0.23219	0.00314	0.00835	0.04018	0.01731	0.01381	0.09136	0.1283	0.00676	0.87756	0.71198
0.65461	0.59066	0.00641	0.93435	0.30381	0.00246	0.00553	0.04792	0.01425	0.01311	0.09477	0.12193	0.0054	0.82885	0.73897
0.58732	0.56414	0.00958	0.93004	0.21007	0.00583	0.01113	0.03951	0.02148	0.00935	0.09286	0.13062	0.00584	0.83126	0.71304
0.60712	0.55612	0.0079	0.89117	0.25695	0.00367	0.01289	0.03184	0.02283	0.01115	0.0921	0.14312	0.00689	0.82619	0.69433
0.61933	0.60043	0.00761	0.92756	0.2351	0.00429	0.0111	0.02993	0.01797	0.00822	0.09389	0.12887	0.00675	0.83508	0.71442
0.62077	0.5725	0.00713	0.91461	0.22723	0.0017	0.01502	0.03216	0.01411	0.01266	0.09037	0.12735	0.00478	0.85218	0.7162
0.68431	0.58773	0.00934	0.93477	0.24722	0.00187	0.00924	0.04614	0.01766	0.00959	0.08442	0.12554	0.00492	0.83858	0.73905
0.65335	0.61687	0.00745	0.91673	0.26903	0.00534	0.0117	0.04901	0.01671	0.01292	0.08309	0.14493	0.00635	0.83624	0.71013
0.67213	0.5933	0.0068	0.91363	0.21174	0.00403	0.01072	0.03777	0.01803	0.01515	0.08419	0.14932	0.00813	0.8428	0.72358
0.71459	0.603	0.00805	0.90648	0.24403	0.00554	0.01209	0.04673	0.01509	0.01478	0.09957	0.14854	0.00635	0.82057	0.69878
0.5759	0.55307	0.00885	0.9236	0.20318	0.00507	0.00752	0.02882	0.01728	0.0124	0.09873	0.12788	0.00494	0.85081	0.69723
0.69512	0.57489	0.00843	0.92314	0.25476	0.00632	0.00834	0.03235	0.01742	0.01035	0.09958	0.1398	0.00508	0.83518	0.70384
0.72566	0.62893	0.00923	0.93192	0.22278	0.00743	0.00729	0.04247	0.01596	0.01045	0.10368	0.16275	0.00732	0.81604	0.71599
0.70985	0.63886	0.00711	0.915	0.32365	0.00234	0.01304	0.04925	0.01479	0.01347	0.1068	0.14846	0.00401	0.86181	0.70617
0.61721	0.59776	0.01463	0.91686	0.25053	0.00461	0.01263	0.03929	0.0165	0.01351	0.09656	0.11813	0.00656	0.82225	0.70991
0.74358	0.6227	0.00994	0.93616	0.22464	0.00393	0.01156	0.05659	0.02006	0.00983	0.09805	0.13076	0.00519	0.83242	0.70686
0.63913	0.59548	0.00507	0.91553	0.24504	0.00617	0.01294	0.04906	0.01122	0.01135	0.07528	0.13034	0.00493	0.80092	0.73046
0.70576	0.57997	0.00433	0.9397	0.27658	0.00431	0.01097	0.052	0.02221	0.0131	0.09186	0.12025	0.00716	0.8446	0.73586
0.70702	0.60424	0.00942	0.91145	0.2503	0.00404	0.0129	0.0489	0.0169	0.0133	0.08732	0.13157	0.00647	0.84541	0.69921
0.68239	0.61615	0.0063	0.92283	0.2617	0.00455	0.01153	0.0449	0.0167	0.01315	0.08127	0.12365	0.00419	0.86034	0.73234
0.73062	0.61149	0.00903	0.98037	0.29488	0.00635	0.00819	0.04468	0.02279	0.0116	0.08292	0.15984	0.0042	0.83633	0.7396
0.77751	0.62679	0.00358	0.92259	0.25808	0.00633	0.01315	0.05484	0.02073	0.0138	0.08663	0.13477	0.00358	0.83362	0.72212
0.74836	0.63826	0.00568	0.94362	0.30556	0.00336	0.01258	0.05498	0.01947	0.01005	0.0861	0.14352	0.00382	0.813	0.71679
0.68792	0.58286	0.00468	0.93628	0.26645	0.00416	0.01022	0.04507	0.02159	0.00601	0.08478	0.10689	0.0071	0.86515	0.74459
0.67379	0.59359	0.00944	0.94449	0.2516	0.00689	0.01665	0.03591	0.01152	0.00964	0.08773	0.11442	0.00818	0.8337	0.73293
0.73313	0.65347	0.00906	0.94142	0.26417	0.004	0.00738	0.03957	0.02445	0.01196	0.07428	0.1508	0.00829	0.8187	0.7302
0.76504	0.63406	0.00879	0.95435	0.28586	0.00517	0.00807	0.04671	0.01668	0.01198	0.0929	0.13516	0.00573	0.82675	0.7437
0.71022	0.60579	0.00753	0.95165	0.2752	0.00634	0.00955	0.04114	0.01683	0.01023	0.09462	0.13972	0.00767	0.86627	0.72819
0.67251	0.56112	0.0067	0.91143	0.22212	0.00776	0.0105	0.04211	0.01658	0.01111	0.08741	0.13566	0.00871	0.81796	0.7222
0.73349	0.61588	0.00798	0.92398	0.26334	0.00517	0.01011	0.04847	0.02093	0.01253	0.1054	0.12253	0.00778	0.81724	0.71833
0.67083	0.61358	0.00673	0.93893	0.21316	0.00527	0.01115	0.03393	0.01478	0.01338	0.0911	0.13843	0.00724	0.83029	0.74506
0.66494	0.58898	0.01046	0.91399	0.24131	0.00855	0.01047	0.04228	0.02183	0.00943	0.08018	0.11467	0.00549	0.86834	0.72628
0.63959	0.56301	0.00941	0.9221	0.22188	0.00865	0.01429	0.04126	0.01644	0.01364	0.09529	0.13942	0.00777	0.8003	0.72486
0.67462	0.60665	0.00803	0.94006	0.1882	0.00407	0.01056	0.05332	0.01338	0.01624	0.09466	0.15218	0.00818	0.85041	0.68344
0.66494	0.61154	0.00686	0.90934	0.2347	0.00444	0.01083	0.03145	0.02489	0.01496	0.10268	0.12817	0.00687	0.83438	0.71146
0.72161	0.6189	0.00792	0.90052	0.25742	0.007	0.00781	0.04249	0.02254	0.01316	0.09727	0.15847	0.00565	0.83882	0.71569
0.70733	0.63749	0.00878	0.93058	0.25698	0.00534	0.01073	0.0513	0.02152	0.01245	0.09293	0.17097	0.0052	0.85814	0.71388
0.7057	0.60832	0.00842	0.91032	0.22464	0.00502	0.01102	0.0567	0.01754	0.01241	0.0849	0.14589	0.00538	0.85774	0.69468
0.62347	0.5632	0.00901	0.8973	0.21006	0.00602	0.00876	0.03459	0.0198	0.00933	0.08293	0.12703	0.00618	0.84709	0.73191
0.7011	0.61531	0.01037	0.90965	0.198	0.00776	0.01128	0.04014	0.01623	0.00983	0.09399	0.12728	0.00529	0.89453	0.72612
0.68996	0.58932	0.00524	0.908	0.23355	0.00411	0.0073	0.04152	0.01978	0.01176	0.09112	0.16312	0.00532	0.83353	0.71581
0.80244	0.62966	0.01005	0.91806	0.30304	0.00769	0.00951	0.04232	0.01546	0.01152	0.09672	0.1663	0.00637	0.84838	0.72321
0.76191	0.59318	0.00575	0.9666	0.26089	0.00214	0.01008	0.04743	0.01968	0.00971	0.09506	0.13557	0.00506	0.8841	0.73064
0.7742	0.62392	0.00918	0.91418	0.26518	0.00683	0.01099	0.04958	0.01682	0.01333	0.08449	0.14088	0.00622	0.87025	0.72936
0.70898	0.59533	0.00838	0.92916	0.23378	0.00883	0.00809	0.05371	0.02366	0.01266	0.08223	0.13905	0.0052	0.87713	0.72171
0.67803	0.62309	0.00649	0.91716	0.2189	0.00317	0.00961	0.04213	0.01889	0.00816	0.0771	0.15047	0.00546	0.85943	0.72165
0.76024	0.61619	0.00574	0.92774	0.22594	0.00356	0.00841	0.0456	0.01757	0.01115	0.0931	0.15822	0.00784	0.8783	0.7236
0.68211	0.60647	0.00523	0.91958	0.23578	0.00696	0.00885	0.04714	0.01678	0.00982	0.08491	0.15013	0.00661	0.86309	0.73236
0.72331	0.63616	0.00601	0.94774	0.22693	0.00308	0.00832	0.05227	0.01712	0.00928	0.09332	0.15933	0.00759	0.86753	0.73456
0.75265	0.65464	0.00705	0.92428	0.25936	0.00652	0.01407	0.06597	0.02056	0.00696	0.08416	0.16307	0.00636	0.88867	0.71925
0.7239	0.63598	0.00535	0.95039	0.27112	0.00774	0.00703	0.04405	0.0147	0.01016	0.08107	0.1741	0.00492	0.85543	0.72326
0.70858	0.63095	0.01022	0.94314	0.25633	0.00612	0.00779	0.046	0.01148	0.01101	0.09388	0.14766	0.00516	0.85818	0.74968
0.6441	0.58517	0.0059	0.91395	0.24272	0.00658	0.00785	0.05076	0.01823	0.01291	0.09084	0.13407	0.00627	0.83604	0.72176
0.65986	0.56805	0.00726	0.92229	0.2512	0.00524	0.00766	0.04758	0.01562	0.01127	0.08682	0.14399	0.00393	0.84603	0.72315
0.68614	0.60207	0.00715	0.92262	0.23215	0.00675	0.01175	0.04229	0.02109	0.01465	0.10471	0.15783	0.0054	0.85738	0.72614
0.69962	0.59901	0.00653	0.91621	0.252	0.00446	0.00892	0.04762	0.02305	0.01176	0.08986	0.12573	0.00718	0.83141	0.71075
0.71739	0.59096	0.00371	0.92381	0.26577	0.00441	0.01065	0.04888	0.01629	0.01205	0.08142	0.14206	0.00526	0.80605	0.73446
0.73576	0.61772	0.00555	0.92923	0.23268	0.00273	0.01021	0.05727	0.02266	0.00488	0.07924	0.15369	0.00731	0.83881	0.73198
0.78685	0.6443	0.00445	0.93469	0.23089	0.00687	0.00466	0.04078	0.02316	0.00962	0.09246	0.15761	0.00398	0.86528	0.72261
0.74293	0.6466	0.00475	0.96086	0.25085	0.00226	0.00738	0.04639	0.01984	0.00987	0.09647	0.14729	0.00654	0.86136	0.70753
0.76806	0.62381	0.0096	0.90679	0.24056	0.00289	0.00892	0.03643	0.0195	0.01129	0.07926	0.17097	0.00624	0.86758	0.71146
0.8091	0.68602	0.00922	0.94017	0.26237	0.00207	0.0081	0.04035	0.02385	0.01016	0.08345	0.16678	0.00541	0.8355	0.73159
0.77381	0.63899	0.00651	0.93147	0.24389	0.00447	0.00912	0.05115	0.01934	0.01047	0.08866	0.1329	0.00415	0.83747	0.73076
0.74566	0.66394	0.00425	0.93506	0.20533	0.00294	0.00737	0.03567	0.01791	0.00696	0.09063	0.16538	0.00994	0.86191	0.70558
0.78396	0.68899	0.00496	0.9468	0.23842	0.00534	0.0105	0.04886	0.02048	0.00516	0.09914	0.16245	0.0082	0.86216	0.71734
0.82093	0.67876	0.00922	0.95429	0.25858	0.00357	0.01077	0.04875	0.01856	0.00757	0.09163	0.16578	0.00545	0.85148	0.72458
0.84093	0.70537	0.00263	0.95271	0.28316	0.00661	0.00956	0.05787	0.02353	0.00874	0.09865	0.15424	0.00748	0.83895	0.73216
0.8515	0.73802	0.00494	0.97923	0.27017	0.00575	0.00911	0.05694	0.02882	0.00461	0.09001	0.18175	0.01241	0.84598	0.7385
0.81441	0.69253	0.00257	0.97296	0.25232	0.00658	0.01133	0.05334	0.02551	0.00701	0.09615	0.15214	0.00564	0.86627	0.72265
0.83018	0.69001	0.00976	0.95372	0.25017	0.00479	0.00722	0.04645	0.0199	0.00738	0.09077	0.14267	0.00612	0.86034	0.71923
0.83701	0.68946	0.0072	0.95071	0.26879	0.00791	0.00793	0.05945	0.02176	0.00718	0.09317	0.16652	0.00738	0.86477	0.73894
0.82307	0.68867	0.00712	0.93449	0.29168	0.00237	0.00775	0.06045	0.01638	0.00771	0.08193	0.16941	0.00895	0.86389	0.7352
0.68937	0.62783	0.00592	0.91323	0.22098	0.0046	0.00609	0.03752	0.02106	0.00979	0.09148	0.14418	0.005	0.8638	0.70011
0.68768	0.60858	0.00625	0.93074	0.22365	0.00187	0.00972	0.03158	0.01475	0.00737	0.09371	0.13443	0.00509	0.85225	0.71504
0.77485	0.67492	0.00396	0.91951	0.24405	0.00482	0.00668	0.058	0.01707	0.00785	0.08171	0.14546	0.00741	0.87056	0.72839
0.61884	0.56318	0.00282	0.93081	0.2093	0.00206	0.00992	0.04306	0.01672	0.01154	0.09302	0.14488	0.00519	0.8528	0.71491
0.69707	0.60942	0.00805	0.90726	0.23162	0.00338	0.00778	0.04447	0.0119	0.01279	0.09452	0.14843	0.00677	0.87213	0.71656
0.70118	0.62307	0.0046	0.93852	0.25369	0.0046	0.00791	0.04145	0.01781	0.01266	0.09517	0.11619	0.00596	0.88941	0.71212
0.665	0.60696	0.00497	0.91917	0.23148	0.00465	0.0086	0.04207	0.01582	0.00975	0.09109	0.14658	0.0055	0.8752	0.73882
0.79648	0.69472	0.00575	0.94322	0.26394	0.00821	0.01146	0.05386	0.01641	0.0084	0.08826	0.17977	0.00747	0.88879	0.73302
0.77187	0.63899	0.00907	0.9509	0.26593	0.00565	0.00819	0.06538	0.01423	0.00989	0.07856	0.15935	0.00504	0.88959	0.7257
0.7666	0.64954	0.00802	0.93926	0.23535	0.0065	0.00746	0.0545	0.01719	0.00796	0.08995	0.19047	0.00446	0.86621	0.73529
0.7623	0.65732	0.00736	0.94927	0.22544	0.0108	0.00966	0.04263	0.02222	0.009	0.07643	0.14572	0.00431	0.88656	0.73446
0.75401	0.66492	0.00815	0.95342	0.25073	0.00547	0.01167	0.05684	0.02321	0.00604	0.08612	0.1412	0.00645	0.84635	0.7396
0.76262	0.65075	0.01107	0.94595	0.24999	0.00351	0.0042	0.05537	0.02149	0.00635	0.10015	0.15337	0.00557	0.85486	0.74159
0.78753	0.64666	0.00613	0.92998	0.24586	0.01194	0.00685	0.05127	0.02374	0.01007	0.08611	0.16806	0.00607	0.88336	0.73925
0.81602	0.72072	0.00772	0.96267	0.34044	0.00536	0.00567	0.06476	0.01822	0.00176	0.08765	0.19575	0.00718	0.87741	0.74008
0.80705	0.65498	0.00152	0.95299	0.29301	0.00583	0.00857	0.0458	0.02635	0.01075	0.09997	0.15534	0.00392	0.88611	0.7389
0.80536	0.69811	0.00701	0.93756	0.25593	0.0087	0.00593	0.06329	0.02504	0.00412	0.08413	0.16263	0.00819	0.83127	0.71546
0.75961	0.6654	0.00878	0.94146	0.25636	0.00578	0.00777	0.05109	0.01889	0.00624	0.08518	0.17717	0.00725	0.86136	0.739
0.83347	0.72522	0.00609	0.93116	0.28438	0.00996	0.00954	0.06079	0.02522	0.00874	0.10898	0.20548	0.00483	0.88005	0.72397
0.7465	0.65021	0.00683	0.94504	0.30094	0.00272	0.006	0.06447	0.01454	0.00848	0.08022	0.15221	0.007	0.86629	0.72623
0.70845	0.64708	0.00399	0.97335	0.28025	0.00284	0.01285	0.05296	0.01778	0.0063	0.08063	0.15692	0.00426	0.84116	0.72451
0.72143	0.64234	0.00458	0.95551	0.22141	0.00483	0.00658	0.04603	0.02298	0.01079	0.08005	0.12789	0.00541	0.89434	0.72679
0.7945	0.69601	0.00701	0.94371	0.23428	0.00465	0.00971	0.05709	0.01566	0.00622	0.10015	0.16547	0.00648	0.86059	0.72683
0.78527	0.68571	0.00518	0.94875	0.27362	0.00285	0.01355	0.0484	0.01937	0.00515	0.10221	0.17656	0.00566	0.84976	0.74089
0.79994	0.66349	0.00152	0.94331	0.26434	0.00355	0.0119	0.04761	0.01648	0.00829	0.08559	0.16662	0.00316	0.87018	0.71229
0.78099	0.62553	0.00331	0.96371	0.29708	0.00431	0.00473	0.05367	0.02249	0.01058	0.09766	0.1706	0.00516	0.86607	0.74844
0.81843	0.66933	0.00445	0.9525	0.28318	0.00566	0.01508	0.05223	0.02282	0.00305	0.07911	0.17524	0.0098	0.89458	0.73584
0.81016	0.69347	0.00394	0.93264	0.21841	0.00838	0.00418	0.05966	0.019	0.00683	0.08271	0.15368	0.0058	0.89572	0.71692
0.75553	0.63105	0.00564	0.9335	0.26201	0.00471	0.00821	0.06352	0.02044	0.01064	0.08313	0.17006	0.00628	0.87679	0.7344
0.79213	0.67481	0.00418	0.91909	0.26212	0.00377	0.00904	0.0543	0.02067	0.00335	0.09606	0.16238	0.00472	0.87916	0.74009
0.75428	0.64248	0.00452	0.90405	0.24056	0.00816	0.00763	0.04063	0.01458	0.00718	0.07462	0.18773	0.0044	0.86807	0.72327
0.77238	0.66364	0.00365	0.91515	0.22469	0.00538	0.00961	0.05609	0.01409	0.00568	0.07435	0.19617	0.00586	0.88161	0.71402
0.72512	0.67003	0.0043	0.93535	0.24628	0.00304	0.01378	0.05079	0.02185	0.00783	0.08442	0.15724	0.00741	0.89656	0.7467
0.77626	0.65371	0.00268	0.89035	0.23048	0.00725	0.01074	0.04738	0.01307	0.0074	0.0853	0.15219	0.00918	0.88534	0.70937
0.78845	0.65863	0.0039	0.92816	0.24233	0.00991	0.01139	0.054	0.01916	0.00505	0.08614	0.1594	0.00665	0.87889	0.72505
0.83285	0.69832	0.00179	0.92444	0.22005	0.00676	0.00759	0.05621	0.01887	0.00818	0.07324	0.168	0.00653	0.8972	0.734
0.74342	0.62147	0.00392	0.91565	0.25936	0.0057	0.00902	0.05905	0.01657	0.00634	0.09595	0.1521	0.00349	0.84743	0.72511
0.79679	0.62592	0.00674	0.90535	0.26163	0.0076	0.00849	0.05332	0.02148	0.00571	0.09112	0.19475	0.00445	0.87028	0.70927
0.7389	0.63974	0.0055	0.90622	0.19594	0.00259	0.00604	0.03447	0.02237	0.00989	0.08707	0.13782	0.00345	0.86879	0.71772
0.80151	0.68437	0.00676	0.90631	0.24678	0.00908	0.0077	0.06828	0.01973	0.00588	0.09758	0.16802	0.00725	0.88868	0.70824
0.76247	0.65013	0.00677	0.92589	0.20403	0.00957	0.00974	0.04599	0.01995	0.01046	0.08428	0.20196	0.00406	0.86999	0.73053
0.80286	0.70399	0.00593	0.91657	0.16137	0.00943	0.00756	0.06164	0.01839	0.01031	0.07502	0.16286	0.0078	0.88458	0.72417
0.75831	0.69048	0.00343	0.93173	0.20693	0.00995	0.00708	0.05569	0.02907	0.00129	0.08236	0.17977	0.00603	0.89094	0.7247
0.72031	0.61097	0.00198	0.89663	0.21632	0.00827	0.01192	0.04541	0.01828	0.00383	0.08728	0.16582	0.00487	0.86711	0.71808
0.72674	0.61969	0.00665	0.91726	0.18926	0.00211	0.00891	0.04654	0.017	0.00183	0.08329	0.16744	0.00484	0.84964	0.72075
0.7608	0.67573	0.00251	0.95005	0.21816	0.00764	0.01026	0.05458	0.01818	0.00317	0.08027	0.18395	0.00612	0.87568	0.71485
0.85259	0.66261	0.00121	0.91099	0.20313	0.00614	0.00787	0.05	0.01446	0.00527	0.08896	0.20119	0.00548	0.88293	0.70435
0.82082	0.69104	0.00368	0.95175	0.19483	0.00573	0.00966	0.04453	0.02547	0.00472	0.09312	0.1645	0.00559	0.88464	0.73091
0.82067	0.7054	0.00435	0.93078	0.19218	0.00953	0.01004	0.06501	0.01907	0.00604	0.09426	0.1617	0.00567	0.90582	0.73906
0.69141	0.61762	0.00573	0.93038	0.20745	0.00402	0.00633	0.04996	0.02307	0.01043	0.08477	0.14607	0.00575	0.90741	0.73997
0.74484	0.6816	0.00243	0.93458	0.25834	0.00641	0.00402	0.05273	0.02614	0.00782	0.0949	0.15499	0.00841	0.88754	0.73123
0.69305	0.64833	0.00708	0.94816	0.23443	0.00474	0.00642	0.04283	0.01589	0.00166	0.08879	0.16714	0.00647	0.87775	0.72668
0.70653	0.63484	0.00505	0.91523	0.22499	0.00196	0.00579	0.04596	0.01574	0.0065	0.08199	0.17484	0.0042	0.8846	0.71685
0.79491	0.70701	0.00364	0.9313	0.24411	0.01249	0.0068	0.05988	0.0206	0.00566	0.09866	0.18877	0.00577	0.85678	0.72901
0.88517	0.73629	0.00193	0.95762	0.2731	0.00779	0.00643	0.06121	0.01457	0.00292	0.08788	0.17679	0.00749	0.91772	0.72649
0.76077	0.64996	0.0025	0.97158	0.18271	0.00667	0.00867	0.04365	0.01367	0.00193	0.09894	0.17553	0.007	0.91568	0.73713
0.79238	0.66711	0.00465	0.9517	0.20708	0.01106	0.0093	0.04988	0.01473	0.0019	0.09821	0.1885	0.00438	0.88923	0.72359
0.80227	0.70279	0.00253	0.95095	0.22946	0.00977	0.00956	0.07178	0.0231	0.00666	0.09436	0.204	0.00355	0.88441	0.72685
0.7137	0.59968	0.00545	0.94387	0.20327	0.0027	0.00942	0.04848	0.01879	0.00205	0.09439	0.17687	0.00448	0.88032	0.72327
0.76603	0.63971	0.00188	0.94148	0.19113	0.00812	0.00597	0.05403	0.01377	0.01097	0.09139	0.17095	0.00597	0.89017	0.72405
0.71232	0.64566	0.00279	0.88716	0.22852	0.00845	0.0067	0.04732	0.01894	0.00111	0.10067	0.13969	0.005	0.92727	0.72057
0.75439	0.65739	0.00143	0.92917	0.23195	0.01785	0.00678	0.06464	0.01657	0.00085	0.0885	0.16201	0.0041	0.92814	0.72223
0.70665	0.61715	0.00304	0.92674	0.19681	0.0042	0.00336	0.05469	0.01823	0.00372	0.10386	0.17118	0.00609	0.92604	0.71641
0.77562	0.66629	0.00288	0.94459	0.212	0.00461	0.00832	0.04992	0.01517	0.0084	0.1009	0.18071	0.00587	0.89632	0.74409
0.6901	0.64515	0.00573	0.92548	0.18202	0.00609	0.00876	0.04697	0.0219	0.00379	0.09074	0.17706	0.00611	0.92094	0.7255
0.76467	0.63127	0.00218	0.95671	0.24992	0.0034	0.00636	0.05455	0.02192	0.00814	0.09451	0.19682	0.00484	0.90269	0.7527
0.78024	0.69686	0.00346	0.955	0.23868	0.00303	0.0078	0.05761	0.02297	0.00198	0.09069	0.19089	0.00703	0.92074	0.73308
0.81054	0.7051	0.00283	0.9304	0.23419	0.00605	0.00581	0.04736	0.02336	0.00124	0.09885	0.1856	0.00719	0.91523	0.73635
0.72835	0.62673	0.00565	0.87952	0.24845	0.01215	0.00804	0.03827	0.01802	0.00973	0.08992	0.17164	0.00756	0.90789	0.73226
0.7256	0.64029	0.00315	0.93473	0.20104	0.00734	0.00541	0.05215	0.01359	0.0013	0.10154	0.20787	0.00354	0.91037	0.71153
0.79857	0.66008	0.00348	0.93092	0.21667	0.00555	0.00677	0.06464	0.019	0.00699	0.1148	0.16726	0.00452	0.92364	0.73472
0.79385	0.64722	0.00338	0.96263	0.18079	0.00548	0.00783	0.04725	0.01794	0.00909	0.08218	0.23356	0.00365	0.92184	0.74298
0.78382	0.62761	0.00352	0.94943	0.21193	0.0043	0.00463	0.04317	0.01955	0.00293	0.09086	0.18075	0.00681	0.90814	0.73972
0.78615	0.63279	0.0044	0.95793	0.17748	0.00633	0.00643	0.05913	0.01672	0.00552	0.08778	0.23289	0.00657	0.88989	0.74005
0.81952	0.62474	0.00545	0.95025	0.18832	0.00849	0.00751	0.06614	0.01629	0.00613	0.08768	0.24536	0.00604	0.91376	0.71253
0.85025	0.67581	0.00194	0.93996	0.2462	0.00124	0.00671	0.0552	0.01287	0.00859	0.09715	0.25227	0.00542	0.89543	0.74765
0.85543	0.6824	0.00424	0.94592	0.20504	0.01119	0.0076	0.05417	0.01956	0.00636	0.10142	0.23941	0.00257	0.92861	0.73294
0.84871	0.70013	0.00383	0.92821	0.21841	0.01891	0.00736	0.07036	0.02089	0.00591	0.09425	0.22584	0.00876	0.90904	0.73544
0.80981	0.63158	0.00219	0.94925	0.19644	0.00125	0.01212	0.04693	0.02365	0.00304	0.0931	0.25114	0.00636	0.86996	0.75402
0.75451	0.60609	0.00387	0.9484	0.19242	0.00421	0.00483	0.04116	0.02341	0.0011	0.08407	0.22215	0.00398	0.86815	0.71591
0.80983	0.61569	0.00152	0.9491	0.1907	0.01082	0.00723	0.04718	0.02284	0.00822	0.08005	0.27676	0.00603	0.87698	0.73468
0.80716	0.6499	0.00578	0.93022	0.19133	0.01919	0.00557	0.04737	0.01566	0.00113	0.10252	0.22965	0.00494	0.89499	0.74985
0.78832	0.68044	0.00345	0.95335	0.25146	0.00958	0.00718	0.05401	0.01798	0.00214	0.08945	0.23288	0.00751	0.89815	0.73316
0.84922	0.66557	0.00212	0.9585	0.29074	0.01333	0.00597	0.05772	0.01712	0.00176	0.10452	0.24951	0.00556	0.87981	0.73589
0.89732	0.70398	0.0012	0.96792	0.24128	0.00503	0.00593	0.06395	0.01705	0.00107	0.09502	0.28808	0.00465	0.8787	0.74388
0.82437	0.69153	0.00244	0.95527	0.26864	0.00789	0.00498	0.05898	0.02178	0.00431	0.08806	0.21031	0.00432	0.91167	0.74677
0.83209	0.71181	0.00299	0.93279	0.2565	0.00715	0.00716	0.06828	0.02443	0.00265	0.07893	0.22646	0.00588	0.84792	0.75442
0.83013	0.69835	0.00505	0.92675	0.25044	0.01124	0.00715	0.07504	0.01859	0.00207	0.09839	0.20007	0.00376	0.87507	0.72181
0.85551	0.6764	0.00167	0.96537	0.22713	0.01448	0.00714	0.05419	0.01669	0.00356	0.09814	0.24574	0.00989	0.90766	0.73786
0.84446	0.64081	0.00224	0.97884	0.2175	0.00554	0.00847	0.0509	0.01955	0.00246	0.0846	0.23401	0.00768	0.87979	0.74799
0.8537	0.70996	0.00322	0.94926	0.18134	0.01847	0.0091	0.0679	0.02698	0.00334	0.09356	0.24786	0.00568	0.91037	0.72008
0.80537	0.6399	0.00392	0.94574	0.18654	0.01472	0.00557	0.06261	0.01372	0.00545	0.0906	0.23058	0.00632	0.9221	0.74021
0.78453	0.64212	0.0036	0.95533	0.24461	0.00651	0.00842	0.05124	0.01518	0.01087	0.103	0.21181	0.00858	0.89412	0.7379
0.80995	0.68913	0.00218	0.90293	0.21536	0.00988	0.00691	0.0683	0.02066	0.00478	0.10079	0.23893	0.00347	0.87637	0.73915
0.87209	0.70051	0.00511	0.96601	0.23783	0.00825	0.0052	0.07351	0.02055	0.00499	0.11083	0.22292	0.00563	0.90638	0.73248
0.82055	0.62609	0.00323	0.96391	0.25699	0.00549	0.00445	0.06607	0.01956	0.0022	0.08938	0.18558	0.01008	0.92444	0.72537
0.76648	0.60969	0.00263	0.93446	0.19683	0.0047	0.00624	0.04311	0.01903	0.008	0.09782	0.21642	0.00697	0.8917	0.73583
0.77579	0.65748	0.00129	0.95157	0.18662	0.00878	0.00618	0.04413	0.01296	0.00837	0.10706	0.24694	0.00672	0.90684	0.71311
0.8341	0.6604	0.0046	0.94585	0.19129	0.00886	0.00704	0.04592	0.01676	0.00389	0.09322	0.1985	0.00809	0.90313	0.72954
0.82663	0.68928	0.00272	0.94121	0.21982	0.00914	0.00333	0.05683	0.0164	0.00209	0.10234	0.22005	0.0065	0.91079	0.74473
0.76727	0.65459	0.0029	0.96193	0.21817	0.00432	0.00553	0.05256	0.01553	0.00764	0.09597	0.18641	0.00862	0.94622	0.73073
0.82492	0.68407	0.0034	0.93897	0.23243	0.00307	0.00306	0.04748	0.01711	0.00636	0.09288	0.26175	0.00598	0.90089	0.71686
0.80831	0.6582	0.00273	0.95191	0.26474	0.00412	0.00605	0.07482	0.01413	0.00631	0.10318	0.21291	0.00603	0.90209	0.73065
0.82238	0.70857	0.00458	0.94788	0.17584	0.0095	0.00501	0.06177	0.01843	0.00595	0.1005	0.25145	0.00437	0.91061	0.72926
0.83526	0.66892	0.00335	0.9647	0.21713	0.00421	0.00925	0.06424	0.01638	0.00166	0.09433	0.24373	0.00718	0.89607	0.72572
0.87251	0.68254	0.00161	0.9727	0.17382	0.01217	0.00647	0.05763	0.01512	0.00149	0.08334	0.20256	0.00379	0.92641	0.73145
0.82029	0.67337	0.00417	0.95769	0.25488	0.01128	0.00282	0.05871	0.01865	0.0035	0.09386	0.22988	0.00388	0.90086	0.72113
0.77071	0.66251	0.00301	0.93866	0.17987	0.00907	0.0036	0.05101	0.01778	0.00254	0.08445	0.21218	0.00757	0.92693	0.75153
0.78477	0.68736	0.00151	0.92987	0.20153	0.01247	0.00708	0.04261	0.01684	0.01104	0.10626	0.20963	0.00731	0.90115	0.72611
0.81928	0.69501	0.0005	0.9191	0.23965	0.00573	0.00632	0.05222	0.02016	0.00729	0.10001	0.20803	0.00763	0.91594	0.72126
0.82932	0.67716	0.00147	0.95061	0.25127	0.01198	0.00374	0.06923	0.01893	0.01066	0.0989	0.19627	0.00557	0.90119	0.72924
0.7901	0.65496	0.00505	0.94763	0.2072	0.0104	0.00564	0.05314	0.02069	0.00183	0.09375	0.18077	0.0034	0.93479	0.73116
0.78974	0.66468	0.00335	0.94836	0.18165	0.01182	0.00519	0.05644	0.01834	0.00485	0.09843	0.19312	0.00808	0.88439	0.73242
0.78919	0.64748	0.00214	0.90406	0.21673	0.00778	0.00763	0.05588	0.02525	0.00232	0.077	0.18329	0.00482	0.89083	0.7434
0.76703	0.66335	0.00321	0.92076	0.24767	0.01043	0.00358	0.04627	0.01401	0.00178	0.07801	0.21422	0.00555	0.89054	0.71377
0.78624	0.65491	0.00249	0.937	0.24384	0.01606	0.00528	0.05851	0.01725	0.00411	0.08931	0.21568	0.00542	0.88163	0.7248
0.76397	0.64952	0.00148	0.93262	0.19045	0.0097	0.00549	0.05158	0.01939	0.0023	0.08258	0.21365	0.00764	0.90716	0.73768
0.80479	0.67241	0.00244	0.93165	0.26206	0.00322	0.01049	0.0679	0.02319	0.00736	0.09499	0.22593	0.00764	0.89192	0.74646
0.75932	0.6779	0.00322	0.90487	0.22189	0.00669	0.00498	0.06923	0.02285	0.00675	0.08818	0.21009	0.00627	0.90834	0.74378
0.73707	0.68914	0.00112	0.92901	0.22767	0.00382	0.00601	0.04555	0.01918	0.00606	0.09523	0.20454	0.00597	0.8859	0.75244
0.77307	0.6857	0.00238	0.92789	0.27327	0.00596	0.00667	0.04969	0.02241	0.0014	0.09596	0.20455	0.00419	0.88869	0.729
0.83766	0.70964	0.00129	0.96286	0.26959	0.01384	0.00621	0.05859	0.02202	0.00779	0.10333	0.22277	0.0063	0.88303	0.74099
0.81341	0.72423	0.00339	0.95528	0.21089	0.00716	0.00905	0.05549	0.01761	0.00845	0.09029	0.24263	0.01149	0.90083	0.7415
0.82865	0.66785	0.00183	0.94442	0.28052	0.00381	0.00819	0.04686	0.01621	0.00498	0.10569	0.22129	0.00956	0.9037	0.74121
0.86614	0.69348	0.00119	0.96018	0.15796	0.00386	0.00848	0.06378	0.0274	0.00121	0.1011	0.19937	0.00639	0.93312	0.76553
0.77005	0.68786	0.0019	0.92095	0.20833	0.00486	0.00517	0.06208	0.01886	0.00107	0.1056	0.18352	0.00522	0.91521	0.74724
0.79481	0.67563	0.00307	0.95037	0.17915	0.00861	0.00812	0.07536	0.01562	0.00289	0.08675	0.19516	0.00833	0.89376	0.73547
0.78299	0.65904	0.00492	0.93812	0.23653	0.0094	0.00469	0.06052	0.01695	0.0035	0.09726	0.20307	0.00638	0.8863	0.71886
0.75512	0.67791	0.00154	0.92702	0.25184	0.00701	0.00584	0.06363	0.02906	0.00692	0.09144	0.20325	0.0095	0.8888	0.72938
0.81063	0.63807	0.00179	0.93765	0.24392	0.00601	0.00708	0.06552	0.02306	0.00984	0.10236	0.17943	0.00406	0.91702	0.73166
0.73532	0.63575	0.00198	0.91376	0.19472	0.0129	0.00659	0.04743	0.02362	0.00764	0.0889	0.19548	0.00649	0.90929	0.71496
0.80269	0.67255	0.00177	0.93922	0.21619	0.0077	0.00424	0.06209	0.02011	0.00094	0.1041	0.19295	0.00473	0.90761	0.74476
0.74965	0.65443	0.00202	0.92637	0.20869	0.00664	0.00563	0.04511	0.01953	0.0081	0.08864	0.16647	0.00402	0.9165	0.7191
0.74099	0.67443	0.00224	0.93801	0.21174	0.01371	0.00911	0.05719	0.02296	0.00362	0.0989	0.19004	0.00654	0.92725	0.70756
0.76328	0.68428	0.00171	0.9367	0.24145	0.00407	0.00454	0.06395	0.02067	0.00236	0.11468	0.16948	0.00738	0.917	0.73473
0.7774	0.63129	0.0054	0.92323	0.25998	0.01455	0.00493	0.04869	0.01421	0.0016	0.08753	0.17935	0.00237	0.92214	0.7293
0.75078	0.65374	0.00317	0.94955	0.22996	0.00632	0.00766	0.05228	0.01848	0.00447	0.09302	0.19998	0.00972	0.92263	0.73451
0.77741	0.6755	0.00263	0.9626	0.20753	0.00675	0.00449	0.07277	0.0193	0.00187	0.09108	0.16949	0.00657	0.8932	0.7392
0.76947	0.61219	0.00529	0.98063	0.20545	0.00745	0.00453	0.04888	0.01517	0.00641	0.09085	0.14651	0.00763	0.88525	0.74563
0.79086	0.62072	0.00209	0.97348	0.20899	0.00578	0.00401	0.04691	0.01485	0.00375	0.10149	0.18524	0.00583	0.88817	0.70758
0.80636	0.71398	0.00278	0.9218	0.23641	0.00772	0.00621	0.07922	0.02492	0.0064	0.10238	0.18306	0.00459	0.89744	0.72194
0.80323	0.65434	0.00195	0.9423	0.19319	0.01038	0.00594	0.06233	0.01604	0.00869	0.08521	0.18441	0.00605	0.88285	0.7355
0.80955	0.63734	0.00196	0.94816	0.2462	0.00785	0.00366	0.06262	0.01585	0.00547	0.09276	0.18809	0.00707	0.89475	0.73754
0.83127	0.64032	0.00296	0.9411	0.20934	0.00693	0.00995	0.06255	0.02254	0.00351	0.0857	0.18371	0.00409	0.90899	0.73891
0.8563	0.72015	0.00717	0.96261	0.32747	0.00647	0.00328	0.08814	0.02263	0.00205	0.10059	0.20171	0.00629	0.86896	0.73967
0.79676	0.65287	0.00499	0.94348	0.26668	0.0096	0.00499	0.08343	0.02497	0.00185	0.08041	0.16673	0.00631	0.87336	0.70883
0.82881	0.68762	0.0023	0.96	0.19799	0.00979	0.00629	0.07984	0.02409	0.00231	0.09492	0.21502	0.00714	0.92765	0.71099
0.85672	0.71259	0.00459	0.94859	0.2804	0.01059	0.00443	0.08338	0.02579	0.00693	0.0972	0.1911	0.00614	0.90713	0.71951
0.87386	0.69787	0.00373	0.96754	0.2521	0.01083	0.00289	0.09981	0.01951	0.00127	0.09276	0.20585	0.00567	0.90695	0.75773
0.85837	0.73099	0.00274	0.9614	0.30837	0.00449	0.0032	0.09204	0.02341	0.00256	0.08987	0.21107	0.00402	0.87283	0.74222
0.81857	0.68979	0.00218	0.92956	0.25176	0.00244	0.00602	0.08187	0.02105	0.00192	0.09008	0.19105	0.00435	0.90251	0.73892
0.83191	0.70432	0.00215	0.9319	0.2311	0.00509	0.00924	0.09382	0.02215	0.00093	0.08376	0.18893	0.00582	0.89233	0.74633
0.73507	0.64424	0.00275	0.94727	0.21025	0.01666	0.00773	0.0642	0.01775	0.0037	0.08866	0.19949	0.00713	0.86064	0.73764
0.76567	0.64991	0.0029	0.93215	0.19652	0.01198	0.00638	0.05924	0.02053	0.00696	0.07689	0.22958	0.00523	0.85612	0.72593
0.84618	0.66706	0.00133	0.95015	0.17635	0.01059	0.00802	0.07745	0.02013	0.0018	0.09431	0.20543	0.00877	0.89279	0.75744
0.81825	0.65292	0.00169	0.9326	0.25233	0.00386	0.00576	0.07615	0.0188	0.00597	0.09657	0.18022	0.00545	0.86739	0.73048
0.7806	0.66924	0.00183	0.94876	0.18331	0.00911	0.00609	0.08046	0.021	0.00195	0.11222	0.21578	0.00701	0.89433	0.74173
0.76616	0.65576	0.0022	0.94694	0.2711	0.00334	0.00674	0.06741	0.01341	0.00577	0.08373	0.16776	0.00366	0.85751	0.72846
0.89048	0.69341	0.00147	0.99241	0.1875	0.01592	0.00551	0.08548	0.01967	0.00964	0.08557	0.20845	0.0055	0.90603	0.7535
0.87808	0.6894	0.00221	0.96394	0.20923	0.00942	0.00516	0.0819	0.01715	0.00244	0.09321	0.18098	0.00884	0.90784	0.76189
0.86215	0.67061	0.00181	0.95725	0.2039	0.00393	0.00394	0.07313	0.01536	0.00331	0.09753	0.21827	0.00597	0.89788	0.74393
0.82602	0.66125	0.00383	0.98267	0.20246	0.00233	0.00629	0.06493	0.01955	0.00353	0.09792	0.22373	0.00715	0.89588	0.73649
0.85978	0.68415	0.00187	0.97026	0.22941	0.00413	0.00329	0.05797	0.01481	0.00476	0.08718	0.21289	0.00619	0.89095	0.76197
0.82384	0.64799	0.00218	0.95984	0.20369	0.00704	0.00317	0.05246	0.01566	0.00364	0.09898	0.23552	0.00409	0.90605	0.75489
0.81976	0.67729	0.00606	0.94752	0.27114	0.00538	0.00675	0.06891	0.02267	0.00113	0.10256	0.18851	0.00645	0.88936	0.74751
0.81756	0.68563	0.00482	0.93869	0.23787	0.00141	0.00332	0.05796	0.0303	0.00337	0.0901	0.24266	0.00772	0.90201	0.72664
0.78129	0.6355	0.00272	0.97373	0.2122	0.00464	0.00701	0.05076	0.02268	0.00246	0.0889	0.18529	0.00673	0.90228	0.74918
0.79526	0.61938	0.00231	0.97188	0.22474	0.00351	0.00626	0.04471	0.01912	0.00265	0.10396	0.16756	0.00724	0.89399	0.73914
0.79936	0.63552	0.00258	0.9763	0.21472	0.00416	0.00494	0.04595	0.01793	0.00219	0.09975	0.1842	0.01156	0.91058	0.74398
0.80602	0.61287	0.00246	0.96695	0.18331	0.00498	0.00498	0.04607	0.01551	0.00545	0.09478	0.20039	0.00408	0.88774	0.74389
0.77125	0.63393	0.00239	0.97369	0.32476	0.00267	0.00593	0.06409	0.02316	0.00197	0.09937	0.18021	0.00389	0.89296	0.72148
0.75134	0.68582	0.00186	0.94391	0.25476	0.00996	0.00474	0.05913	0.01644	0.007	0.0917	0.18221	0.00402	0.90688	0.73113
0.75841	0.68105	0.00261	0.94853	0.23678	0.00223	0.00651	0.06106	0.0186	0.00175	0.1036	0.18858	0.00573	0.90515	0.73197
0.77348	0.65947	0.00256	0.94014	0.21528	0.00691	0.00586	0.06183	0.01858	0.00115	0.10478	0.20628	0.00573	0.90889	0.71659
0.87016	0.69218	0.00351	0.93375	0.23042	0.00548	0.00416	0.06792	0.01469	0.00274	0.08585	0.20233	0.00328	0.89851	0.73009
0.80345	0.65124	0.00152	0.92662	0.22182	0.00269	0.00538	0.07346	0.01487	0.00182	0.0915	0.18535	0.00524	0.90051	0.72365
0.67744	0.62184	0.00147	0.91991	0.2142	0.00273	0.00561	0.04032	0.015	0.00668	0.0921	0.16082	0.00429	0.88919	0.70199
0.75474	0.65202	0.00144	0.92373	0.23243	0.00401	0.00975	0.05713	0.01829	0.0006	0.09547	0.15158	0.00486	0.91953	0.71171
0.71723	0.64259	0.00076	0.9019	0.24789	0.00528	0.00598	0.04741	0.02495	0.00177	0.0933	0.14963	0.00545	0.92455	0.72287
0.84243	0.67817	0.00226	0.93826	0.22002	0.00278	0.00525	0.07791	0.01737	0.00204	0.1047	0.16991	0.005	0.87323	0.72607
0.79487	0.67094	0.00152	0.92018	0.25452	0.00847	0.00372	0.07286	0.02339	0.00205	0.08257	0.18513	0.00526	0.88094	0.72878
0.81812	0.67993	0.0027	0.93852	0.25552	0.00232	0.00584	0.06845	0.02141	0.00221	0.09657	0.20712	0.004	0.90319	0.72383
0.80068	0.65361	0.00532	0.95761	0.20006	0.00218	0.00282	0.06856	0.01244	0.00109	0.10626	0.21201	0.00519	0.90159	0.73775
0.81274	0.6867	0.00082	0.93178	0.21709	0.00243	0.00995	0.07333	0.02249	0.00145	0.09614	0.20839	0.00536	0.88793	0.73111
0.81928	0.65729	0.00203	0.95879	0.20772	0.00753	0.0063	0.07217	0.01818	0.00361	0.09165	0.21149	0.0094	0.88444	0.73517
0.75239	0.58819	0.00325	0.97338	0.21474	0.00408	0.00603	0.06961	0.02088	0.00279	0.09338	0.16125	0.00528	0.86371	0.74473
0.79613	0.63992	0.00524	0.95865	0.21517	0.00276	0.00288	0.06507	0.01957	0.00215	0.09664	0.1714	0.00866	0.86362	0.75158
0.8339	0.64879	0.00148	0.94307	0.20463	0.0047	0.00295	0.0662	0.01202	0.00751	0.09035	0.20913	0.00682	0.90886	0.76168
0.81234	0.64456	0.00173	0.9635	0.2595	0.00667	0.00491	0.07571	0.02169	0.00295	0.10086	0.17854	0.00487	0.89706	0.73153
0.82582	0.61428	0.00344	0.98952	0.20336	0.0042	0.00348	0.03992	0.01922	0.00238	0.09374	0.16649	0.00572	0.90779	0.75725
0.88204	0.69215	0.00161	0.99293	0.19038	0.0023	0.00345	0.06488	0.02241	0.00222	0.09019	0.21275	0.00528	0.91148	0.77371
0.82484	0.63657	0.0027	0.98222	0.21871	0.00889	0.00306	0.06963	0.01714	0.00134	0.07646	0.17861	0.00715	0.90317	0.73748
0.79736	0.63382	0.00169	0.97145	0.24431	0.00749	0.00691	0.07747	0.02292	0.00302	0.08464	0.23923	0.00675	0.89878	0.74164
0.82337	0.62121	0.00189	0.94749	0.21013	0.00699	0.00603	0.05851	0.01547	0.00109	0.09703	0.21916	0.00617	0.91442	0.75035
0.76821	0.61582	0.00332	0.94323	0.20163	0.00355	0.00622	0.07699	0.01893	0.00505	0.10038	0.19766	0.00651	0.92661	0.76213
0.79942	0.68697	0.0019	0.9432	0.24746	0.00388	0.00582	0.08357	0.02214	0.00189	0.09982	0.18917	0.00607	0.89416	0.73832
0.78777	0.61551	0.00241	0.96778	0.20069	0.00914	0.00512	0.06308	0.01532	0.00202	0.09654	0.23763	0.00542	0.92265	0.77251
0.77256	0.63248	0.00083	0.96216	0.23821	0.00472	0.00328	0.06197	0.0144	0.00177	0.08914	0.2312	0.00474	0.90615	0.76575
0.82196	0.70577	0.00228	0.9756	0.29575	0.00408	0.00367	0.09791	0.02151	0.00423	0.10132	0.2573	0.0053	0.92093	0.75949
0.83223	0.72398	0.00214	0.97152	0.23561	0.00705	0.00745	0.1076	0.02623	0.00323	0.10396	0.24672	0.00553	0.9103	0.74664
0.78622	0.6867	0.00352	0.9554	0.22905	0.00384	0.01232	0.0699	0.022	0.00192	0.0883	0.21873	0.00341	0.90194	0.73188
0.79368	0.6558	0.00412	0.95131	0.29504	0.00407	0.00683	0.07428	0.01513	0.00462	0.09312	0.21749	0.00542	0.90226	0.73629
0.78913	0.64083	0.00108	0.92856	0.19831	0.00317	0.00714	0.05321	0.01411	0.00696	0.08861	0.21776	0.00502	0.89384	0.74067
0.77993	0.64449	0.00126	0.89554	0.21337	0.00424	0.00545	0.06517	0.01963	0.0024	0.09007	0.17469	0.00577	0.90019	0.72223
0.77326	0.65326	0.00342	0.90671	0.21494	0.00423	0.00485	0.07049	0.01619	0.00104	0.09802	0.2028	0.0082	0.8962	0.7496
0.81149	0.68688	0.00168	0.95128	0.29985	0.00607	0.00438	0.0676	0.02475	0.00199	0.08986	0.21045	0.00393	0.88344	0.72712
0.8858	0.68659	0.00448	0.94728	0.21288	0.00234	0.00828	0.06675	0.02394	0.00175	0.1006	0.24317	0.00419	0.9102	0.73919
0.79029	0.67145	0.00364	0.97424	0.23653	0.00297	0.00571	0.07459	0.01846	0.00562	0.09757	0.18417	0.00511	0.89127	0.7205
0.84335	0.65299	0.0013	0.92723	0.23411	0.00144	0.00648	0.06787	0.02278	0.00097	0.09881	0.20962	0.00358	0.91656	0.71442
0.81271	0.6814	0.00178	0.93101	0.24994	0.00182	0.00525	0.07755	0.02287	0.0037	0.08776	0.18488	0.00561	0.91983	0.72212
0.79702	0.7087	0.00239	0.9169	0.2523	0.01037	0.00708	0.0674	0.01609	0.00152	0.1037	0.17096	0.00621	0.89477	0.74572
0.85737	0.72414	0.00417	0.95428	0.27279	0.00489	0.00349	0.08344	0.0237	0.00124	0.10601	0.19016	0.00288	0.93342	0.74048
0.78387	0.69992	0.00256	0.94856	0.22968	0.00163	0.00462	0.07413	0.01725	0.00138	0.10865	0.21433	0.00465	0.88116	0.72868
0.81991	0.68532	0.00151	0.96414	0.25725	0.00169	0.00671	0.07444	0.01857	0.00385	0.09682	0.18882	0.00742	0.89711	0.73482
0.80279	0.68556	0.0017	0.92045	0.15973	0.01065	0.00542	0.07134	0.02109	0.00247	0.10582	0.22596	0.00843	0.90017	0.71342
0.78391	0.68427	0.00331	0.9598	0.26084	0.00352	0.00829	0.06211	0.02175	0.00658	0.09243	0.22456	0.00478	0.90545	0.70762
0.78433	0.70185	0.00117	0.95906	0.28073	0.00348	0.0049	0.08455	0.02017	0.00227	0.09897	0.1885	0.00669	0.88668	0.73616
0.81356	0.69814	0.00276	0.93642	0.24009	0.00939	0.00557	0.09794	0.02417	0.00161	0.11035	0.15597	0.00353	0.88165	0.719
0.8141	0.69926	0.0022	0.91612	0.25357	0.00313	0.00809	0.08238	0.0207	0.00278	0.07889	0.17696	0.00638	0.91078	0.73276
0.88719	0.70324	0.00398	0.93076	0.16943	0.00667	0.00436	0.09703	0.01953	0.00513	0.09764	0.24888	0.00416	0.91508	0.73721
