mass_1	mass_2	phase	time	distance	a_1	a_2	tilt_1	tilt_2	phi_12	phi_jl	theta_jn	psi	ra	dec
0.31128	0.36297	0.05174	0.61308	0.72865	0.04824	0.03947	0.0148	0.01348	0.03963	0.05252	0.0975	0.05058	0.22571	0.08466
0.3197	0.34191	0.05543	0.59476	0.72657	0.0388	0.04476	0.02799	0.0185	0.05385	0.05545	0.10825	0.04475	0.24294	0.07583
0.33103	0.35638	0.0457	0.59355	0.7155	0.03982	0.04814	0.02733	0.01613	0.0488	0.0523	0.10389	0.05372	0.24268	0.07246
0.33346	0.35413	0.04424	0.60394	0.73346	0.04438	0.04492	0.02832	0.01208	0.04177	0.05694	0.1129	0.04531	0.23996	0.08266
0.35487	0.3621	0.04383	0.58231	0.72727	0.04052	0.03602	0.0196	0.01357	0.05142	0.05519	0.1038	0.04374	0.22082	0.07642
0.32316	0.43082	0.04972	0.57964	0.7249	0.04782	0.0378	0.01847	0.01183	0.04879	0.05136	0.10692	0.04174	0.24176	0.07346
0.3138	0.43361	0.04648	0.56595	0.74056	0.0384	0.05059	0.01941	0.01575	0.04472	0.05684	0.0931	0.04898	0.2115	0.07827
0.32544	0.37125	0.04538	0.5453	0.7531	0.0477	0.04773	0.02143	0.01137	0.04567	0.05053	0.10358	0.0418	0.21646	0.07401
0.31769	0.43125	0.04459	0.58635	0.75971	0.03979	0.04471	0.02222	0.01749	0.05088	0.05368	0.0933	0.04956	0.23765	0.07482
0.35567	0.45995	0.05508	0.60747	0.77497	0.03847	0.04091	0.0244	0.01667	0.05099	0.05485	0.08538	0.04292	0.2035	0.08364
0.33078	0.437	0.03956	0.5978	0.77548	0.04444	0.03296	0.02641	0.01422	0.04648	0.04938	0.08828	0.03931	0.22086	0.0754
0.31955	0.41298	0.0473	0.55186	0.77266	0.04605	0.03613	0.02386	0.01827	0.04465	0.05577	0.09864	0.04096	0.18956	0.07862
0.35236	0.41515	0.05102	0.68815	0.77707	0.03641	0.03629	0.02564	0.01367	0.04623	0.05278	0.09455	0.03727	0.20982	0.08313
0.31928	0.52619	0.04917	0.6872	0.77697	0.04454	0.04109	0.02572	0.01304	0.04383	0.05263	0.10643	0.03216	0.21407	0.07037
0.32533	0.46776	0.05153	0.5459	0.78473	0.04572	0.04031	0.02903	0.01094	0.04721	0.05651	0.06851	0.03042	0.21698	0.08334
0.33982	0.40374	0.05068	0.59108	0.78476	0.03891	0.03559	0.0275	0.01373	0.04338	0.05597	0.07623	0.03554	0.23349	0.07815
0.33795	0.48645	0.04594	0.67503	0.77667	0.0424	0.035	0.01741	0.01279	0.05193	0.0485	0.08394	0.02866	0.19622	0.06514
0.35367	0.48625	0.04388	0.74681	0.79265	0.04255	0.03965	0.02888	0.01408	0.04476	0.05096	0.07413	0.02597	0.21985	0.07938
0.3507	0.51073	0.04544	0.63984	0.79404	0.04164	0.03898	0.01767	0.01268	0.0498	0.04332	0.0602	0.0215	0.20968	0.08003
0.35018	0.5856	0.0517	0.6069	0.79892	0.03401	0.03801	0.02171	0.01442	0.05112	0.0447	0.0458	0.01825	0.20885	0.07747
0.35144	0.50116	0.04186	0.59575	0.7894	0.04106	0.03398	0.01682	0.01743	0.04141	0.04378	0.04664	0.01819	0.21479	0.07452
0.33704	0.54116	0.04901	0.66248	0.78377	0.03884	0.03377	0.01774	0.01739	0.04396	0.04362	0.08616	0.01296	0.18651	0.0892
0.35371	0.47029	0.04622	0.6792	0.79079	0.0335	0.0415	0.01851	0.01723	0.03926	0.04218	0.06363	0.01134	0.17669	0.08531
0.34232	0.52843	0.03364	0.6283	0.79261	0.03819	0.02996	0.01917	0.01499	0.04647	0.04081	0.06636	0.00858	0.17649	0.07506
0.34668	0.47992	0.04244	0.70279	0.78661	0.03134	0.03742	0.02122	0.01359	0.03212	0.03952	0.09215	0.00992	0.17533	0.08023
0.33694	0.55912	0.04487	0.65292	0.78387	0.03045	0.03097	0.01862	0.01446	0.03816	0.03213	0.06632	0.00733	0.20851	0.081
0.33211	0.57757	0.0431	0.61541	0.78926	0.03399	0.02542	0.01745	0.01012	0.03518	0.03915	0.04321	0.00434	0.16825	0.07837
0.34328	0.54463	0.04079	0.65824	0.78392	0.02835	0.02723	0.02068	0.01512	0.04094	0.03364	0.04646	0.00894	0.17334	0.06814
0.34375	0.57235	0.04758	0.62776	0.78024	0.03011	0.03279	0.01715	0.01485	0.03693	0.03701	0.05493	0.00135	0.16914	0.08215
0.3791	0.60862	0.03801	0.60989	0.78367	0.02903	0.03539	0.02134	0.01746	0.03873	0.02924	0.05677	0.00156	0.17303	0.08112
0.31439	0.51245	0.04097	0.66927	0.78571	0.02622	0.02578	0.0256	0.00902	0.03376	0.03731	0.05135	0.00613	0.19242	0.07534
0.35014	0.53003	0.03935	0.7245	0.78467	0.03111	0.02802	0.01772	0.01607	0.03977	0.02894	0.0657	0.0074	0.17815	0.07236
0.34516	0.5249	0.04353	0.66612	0.78747	0.02468	0.03129	0.02481	0.01488	0.03644	0.02449	0.05742	0.00542	0.18031	0.07734
0.35354	0.54354	0.03201	0.48061	0.78545	0.03008	0.02631	0.02921	0.01826	0.03309	0.01724	0.04127	0.00231	0.1698	0.09046
0.3411	0.55873	0.03627	0.63578	0.78293	0.02686	0.02257	0.0267	0.01492	0.03087	0.02057	0.05951	0.00252	0.17422	0.06925
0.36242	0.50578	0.02838	0.63841	0.78106	0.02139	0.02782	0.02086	0.01553	0.03315	0.01757	0.04903	0.00139	0.18227	0.0719
0.35904	0.54008	0.03981	0.63579	0.78647	0.01966	0.0325	0.02167	0.01346	0.03656	0.01753	0.04793	0.00737	0.15816	0.08215
0.34416	0.56553	0.03856	0.55276	0.78565	0.01698	0.02654	0.0248	0.01827	0.03248	0.01505	0.08555	0.0036	0.15159	0.08324
0.37042	0.64509	0.03839	0.53373	0.78887	0.02255	0.02749	0.02058	0.00803	0.04162	0.01782	0.04066	0.00305	0.15419	0.07503
0.40457	0.61374	0.0326	0.60373	0.78441	0.02462	0.02779	0.01999	0.0127	0.02738	0.01794	0.06339	0.00073	0.15914	0.08951
0.38697	0.63044	0.0323	0.55821	0.78277	0.02233	0.02039	0.02286	0.01383	0.02576	0.01347	0.03479	0.00384	0.12679	0.07641
0.34842	0.5878	0.03059	0.49796	0.78207	0.01852	0.02518	0.01836	0.01259	0.03631	0.01312	0.07636	0.00067	0.17216	0.0668
0.39181	0.60565	0.02784	0.63158	0.77853	0.01457	0.03253	0.01852	0.01163	0.03374	0.01611	0.03695	0.00034	0.15347	0.08282
0.37413	0.5641	0.03003	0.50897	0.78077	0.01525	0.0276	0.01985	0.01595	0.03253	0.01323	0.05949	0.0011	0.16026	0.07301
0.35295	0.57679	0.0301	0.5207	0.7834	0.01675	0.03106	0.02191	0.00995	0.02679	0.00913	0.05469	0.0012	0.15897	0.08503
0.35252	0.50493	0.03054	0.55451	0.78577	0.01075	0.02532	0.02245	0.01764	0.03851	0.01169	0.04088	0.00129	0.14177	0.09683
0.39131	0.61146	0.02649	0.54362	0.77826	0.01404	0.02144	0.0246	0.0154	0.03495	0.00722	0.04985	0.00341	0.10987	0.0793
0.38691	0.58964	0.02955	0.54102	0.78365	0.01172	0.0258	0.02294	0.01158	0.03286	0.00868	0.05801	0.00182	0.14054	0.07519
0.37821	0.556	0.02361	0.52741	0.78313	0.01603	0.02597	0.02189	0.01209	0.03565	0.0082	0.0753	0.00642	0.14251	0.07954
0.35911	0.54879	0.02875	0.45313	0.78701	0.00949	0.02056	0.01855	0.01708	0.03428	0.01054	0.03895	0.00173	0.15848	0.07822
0.34126	0.48338	0.02919	0.56831	0.78648	0.01251	0.02401	0.01778	0.01734	0.031	0.00927	0.03826	0.00736	0.13215	0.07738
0.35376	0.53322	0.02755	0.50973	0.78088	0.01324	0.02291	0.0304	0.01427	0.02747	0.00759	0.03019	0.00474	0.13989	0.07811
0.39163	0.61773	0.02555	0.47275	0.79088	0.01052	0.02808	0.01419	0.01371	0.03081	0.00713	0.03421	0.00454	0.12776	0.06976
0.34374	0.50458	0.02693	0.44813	0.78854	0.01165	0.02251	0.01972	0.01269	0.028	0.00742	0.02347	0.00154	0.161	0.0847
0.35621	0.51411	0.02474	0.49064	0.78393	0.01239	0.02408	0.0221	0.01122	0.02882	0.00711	0.05128	0.00191	0.14392	0.07335
0.30713	0.42898	0.02445	0.56399	0.78773	0.01559	0.02108	0.01659	0.01772	0.02865	0.00768	0.02682	0.00073	0.17544	0.07884
0.33917	0.43757	0.01647	0.49871	0.78825	0.01442	0.02064	0.0231	0.01345	0.03599	0.00584	0.04439	0.00091	0.15912	0.08018
0.35433	0.51578	0.02646	0.47669	0.79319	0.01009	0.02448	0.01593	0.01157	0.02688	0.00476	0.01328	0.00168	0.15562	0.07014
0.34949	0.51968	0.02241	0.5565	0.78612	0.01555	0.02558	0.02562	0.01131	0.02749	0.00614	0.01835	0.00203	0.14317	0.08305
0.33263	0.5094	0.02298	0.42555	0.78233	0.01628	0.01845	0.0193	0.01636	0.02766	0.00626	0.03415	0.0034	0.17044	0.0849
0.34294	0.511	0.02048	0.49221	0.78221	0.01925	0.02334	0.02482	0.01418	0.03146	0.00708	0.02328	0.00072	0.13465	0.0889
0.36867	0.538	0.02009	0.45992	0.78577	0.0135	0.02539	0.01802	0.01009	0.02688	0.00813	0.02749	0.00094	0.14063	0.07971
0.35296	0.46073	0.01778	0.50544	0.78189	0.01159	0.02729	0.01611	0.01187	0.02622	0.00695	0.01822	0.00052	0.14036	0.08646
0.33448	0.43108	0.0185	0.50628	0.78562	0.01233	0.02394	0.02417	0.01209	0.03042	0.01063	0.03508	0.00154	0.17727	0.09087
0.35206	0.5172	0.01551	0.48285	0.78459	0.01827	0.01966	0.01753	0.0129	0.02887	0.01085	0.01388	0.00133	0.13425	0.08106
0.32732	0.53458	0.01602	0.48182	0.7914	0.01326	0.02028	0.01697	0.0167	0.02683	0.00671	0.01877	0.00083	0.1519	0.08486
0.33161	0.54205	0.01652	0.44954	0.78513	0.0135	0.0298	0.02671	0.01675	0.023	0.01373	0.02168	0.00083	0.12667	0.09354
0.32551	0.51884	0.01463	0.49918	0.79527	0.01697	0.02558	0.02004	0.01135	0.02831	0.01128	0.02547	0.00133	0.14524	0.07981
0.375	0.59772	0.01943	0.47469	0.78901	0.0137	0.01846	0.01786	0.01281	0.02208	0.01415	0.01246	0.00095	0.13401	0.07324
0.3015	0.46654	0.01773	0.49611	0.78313	0.0114	0.02775	0.02287	0.01314	0.01878	0.00688	0.04938	0.00232	0.16013	0.08235
0.30426	0.44235	0.01824	0.4575	0.79094	0.01254	0.01853	0.02199	0.015	0.01906	0.01029	0.05402	0.00189	0.17514	0.07723
0.28941	0.50889	0.0129	0.49832	0.78745	0.01253	0.02249	0.01786	0.01372	0.02706	0.00575	0.03694	0.00066	0.17332	0.07913
0.32527	0.51171	0.02178	0.37739	0.78754	0.01655	0.02184	0.01588	0.01338	0.02196	0.00991	0.02362	0.00667	0.14385	0.08217
0.33727	0.5119	0.01708	0.47902	0.78585	0.00947	0.02282	0.01725	0.01337	0.02076	0.00923	0.03221	0.0013	0.18525	0.08227
0.34624	0.53857	0.01364	0.37305	0.78485	0.01209	0.0205	0.0169	0.01506	0.0197	0.00731	0.01024	0.00084	0.16073	0.07291
0.31339	0.53344	0.01407	0.40184	0.79092	0.01241	0.01888	0.01526	0.01573	0.01668	0.00795	0.02294	0.00051	0.15339	0.07663
0.34159	0.52101	0.01905	0.43424	0.79095	0.01104	0.02476	0.01857	0.0158	0.0181	0.01234	0.0217	0.00194	0.17619	0.07587
0.42046	0.62136	0.01708	0.43784	0.78366	0.01506	0.02544	0.02109	0.017	0.02033	0.00943	0.02439	0.00147	0.1603	0.08525
0.37032	0.5814	0.01708	0.44726	0.79086	0.01156	0.02451	0.01825	0.01156	0.02103	0.00814	0.01437	0.00151	0.16269	0.0743
0.36033	0.53835	0.01089	0.46054	0.78295	0.01606	0.01923	0.02195	0.00992	0.0236	0.00784	0.03762	0.00127	0.17944	0.07728
0.38581	0.57917	0.01435	0.39711	0.78643	0.01694	0.0248	0.0224	0.00804	0.01742	0.00853	0.02614	0.00205	0.14326	0.07278
0.33901	0.54582	0.01224	0.43088	0.78971	0.01277	0.02094	0.02117	0.0071	0.01965	0.00862	0.02106	0.00122	0.13815	0.07759
0.37583	0.55465	0.01084	0.39369	0.78436	0.01349	0.02285	0.0198	0.01058	0.01578	0.00586	0.02514	0.00066	0.16053	0.07943
0.28849	0.51581	0.01082	0.45495	0.78956	0.01359	0.02773	0.02125	0.01079	0.01758	0.01159	0.03588	0.00101	0.16538	0.06953
0.27713	0.47238	0.01761	0.409	0.787	0.01505	0.02276	0.01638	0.01105	0.01408	0.00717	0.02555	0.00103	0.15407	0.07253
0.31212	0.47048	0.015	0.38629	0.78464	0.01547	0.02096	0.01706	0.00825	0.0201	0.0113	0.01609	0.00076	0.15417	0.0743
0.32125	0.47987	0.01726	0.43281	0.7908	0.01631	0.02372	0.01873	0.01314	0.01469	0.00745	0.02117	0.00038	0.11589	0.07613
0.35491	0.56691	0.01701	0.39156	0.79391	0.0154	0.0242	0.01396	0.01295	0.01537	0.00846	0.00806	0.00091	0.14676	0.07554
0.32733	0.60175	0.01228	0.49717	0.79447	0.01374	0.02037	0.02416	0.01026	0.01412	0.01128	0.02074	0.00091	0.1278	0.07002
0.31404	0.46899	0.01193	0.50033	0.78689	0.01569	0.02337	0.01766	0.01326	0.02114	0.00547	0.01674	0.0011	0.16251	0.07911
0.32219	0.56162	0.01369	0.44693	0.78505	0.0153	0.02244	0.02263	0.01472	0.02103	0.00761	0.03462	0.00093	0.15445	0.06347
0.31231	0.51548	0.0128	0.4624	0.79321	0.01719	0.02151	0.0153	0.01292	0.01946	0.00679	0.01837	0.00345	0.1414	0.08086
0.31654	0.52052	0.01143	0.54097	0.78783	0.01438	0.02071	0.01236	0.01625	0.01278	0.00785	0.01587	0.00052	0.11547	0.08714
0.29886	0.44647	0.01091	0.54696	0.7921	0.01512	0.01629	0.01555	0.01164	0.01588	0.00681	0.01453	0.0007	0.16309	0.07369
0.23084	0.46242	0.01081	0.45665	0.7927	0.01449	0.01989	0.01466	0.0148	0.0168	0.00865	0.03438	0.00175	0.13754	0.0694
0.32037	0.59199	0.01232	0.39365	0.78613	0.01638	0.02304	0.0148	0.0147	0.01327	0.00757	0.01942	0.00246	0.14482	0.06719
0.31495	0.55651	0.01436	0.56601	0.79154	0.014	0.02684	0.01593	0.00828	0.01738	0.00818	0.02779	0.00129	0.15316	0.08115
0.35079	0.63114	0.023	0.37573	0.7984	0.01497	0.02198	0.01145	0.0124	0.01637	0.0079	0.01252	0.00628	0.1472	0.07822
0.31522	0.49786	0.00662	0.57634	0.78752	0.01522	0.02075	0.01475	0.01028	0.01625	0.0077	0.0315	0.0007	0.16216	0.07821
0.30343	0.61007	0.01947	0.4565	0.79326	0.01246	0.02024	0.01863	0.00956	0.01753	0.00692	0.01493	0.00081	0.14235	0.08199
0.28153	0.50245	0.01112	0.45473	0.7913	0.01455	0.0243	0.01722	0.01304	0.01466	0.00786	0.01926	0.00143	0.11144	0.07596
0.30032	0.50472	0.01366	0.43256	0.79715	0.0132	0.01903	0.01355	0.01205	0.01439	0.00522	0.01908	0.00064	0.15615	0.0727
0.23198	0.49405	0.01759	0.56483	0.7887	0.01335	0.01992	0.01758	0.01356	0.01464	0.00877	0.03152	0.00085	0.19141	0.07278
0.3275	0.57373	0.01538	0.41631	0.79206	0.0144	0.01858	0.01285	0.00877	0.01344	0.006	0.03415	0.00204	0.2147	0.07765
0.31299	0.53212	0.01454	0.46386	0.79031	0.01252	0.02254	0.01197	0.01216	0.01529	0.00459	0.02685	0.001	0.1528	0.06059
0.29548	0.50256	0.01082	0.45916	0.79236	0.01179	0.02303	0.01503	0.01645	0.01443	0.00865	0.02813	0.00099	0.17453	0.08197
0.25453	0.54887	0.01093	0.50346	0.79208	0.01509	0.02291	0.01577	0.00798	0.01516	0.00752	0.01917	0.00088	0.16505	0.07919
0.28923	0.59447	0.0086	0.45774	0.78932	0.01317	0.02298	0.01115	0.01162	0.01367	0.00784	0.02122	0.00105	0.19139	0.07815
0.26388	0.57037	0.01228	0.47679	0.79233	0.01786	0.02333	0.01717	0.01373	0.01364	0.0056	0.02084	0.0015	0.18482	0.07119
0.24588	0.56665	0.01314	0.42664	0.78975	0.0124	0.02364	0.01477	0.01118	0.0133	0.00633	0.02239	0.00111	0.1783	0.08545
0.29787	0.53478	0.00799	0.50911	0.78865	0.01215	0.02187	0.01674	0.01071	0.01582	0.0063	0.01832	0.00075	0.18303	0.08047
0.28803	0.6331	0.00962	0.36401	0.79095	0.0142	0.02164	0.01733	0.0097	0.01058	0.01118	0.01301	0.0013	0.18149	0.0686
0.24898	0.49827	0.01242	0.57297	0.79199	0.01529	0.02243	0.017	0.01422	0.01353	0.00718	0.01637	0.00086	0.18749	0.07935
0.25518	0.49476	0.00931	0.48143	0.79218	0.01515	0.01931	0.01665	0.00686	0.01164	0.0056	0.02226	0.00062	0.18007	0.08088
0.29494	0.59116	0.01361	0.37585	0.78573	0.01285	0.02168	0.03017	0.00822	0.01705	0.00956	0.02899	0.00244	0.17396	0.07346
0.2689	0.46174	0.01112	0.49048	0.7924	0.01712	0.0192	0.01473	0.01496	0.01267	0.00444	0.03382	0.00096	0.15329	0.08612
0.23569	0.47576	0.01077	0.51922	0.79408	0.01373	0.01967	0.01742	0.00977	0.01358	0.00461	0.0427	0.00119	0.17085	0.07437
0.2561	0.51512	0.01411	0.48932	0.78671	0.01238	0.02244	0.01945	0.0108	0.01246	0.00897	0.0575	0.0032	0.17563	0.08665
0.23367	0.50949	0.00952	0.44131	0.79196	0.01596	0.02241	0.01525	0.01213	0.0118	0.00835	0.0238	0.00302	0.16126	0.06803
0.32699	0.60104	0.00973	0.43066	0.79156	0.01466	0.01749	0.02432	0.01035	0.01205	0.01112	0.03819	0.00112	0.16292	0.06713
0.25769	0.54026	0.00825	0.49121	0.80224	0.0169	0.01724	0.01699	0.01075	0.01167	0.00703	0.01728	0.00103	0.17461	0.06817
0.24051	0.47591	0.01009	0.48204	0.79494	0.01428	0.02057	0.02007	0.01305	0.01335	0.01044	0.00886	0.00212	0.17522	0.08325
0.25433	0.51028	0.01067	0.39824	0.79327	0.01267	0.01786	0.01766	0.01378	0.01178	0.00899	0.02025	0.001	0.15715	0.07477
0.36575	0.6462	0.00746	0.38869	0.79675	0.01649	0.02098	0.01231	0.01207	0.01538	0.00947	0.0151	0.00108	0.15953	0.07436
0.29134	0.51478	0.00699	0.38014	0.79051	0.01707	0.0208	0.01852	0.01242	0.00977	0.00665	0.02722	0.00078	0.16447	0.07359
0.29942	0.52824	0.01068	0.42528	0.79046	0.01399	0.01627	0.01375	0.00987	0.01431	0.00604	0.01517	0.00059	0.14241	0.07679
0.29506	0.54203	0.01197	0.47248	0.78666	0.01652	0.0193	0.01838	0.00824	0.01702	0.00689	0.03338	0.00042	0.15584	0.07983
0.26738	0.49637	0.01262	0.41951	0.78551	0.01289	0.02235	0.01736	0.0086	0.00836	0.00779	0.03376	0.00268	0.19594	0.07092
0.25585	0.47089	0.00782	0.52707	0.78888	0.01434	0.02346	0.01896	0.00908	0.01284	0.0037	0.02372	0.00041	0.19914	0.07635
0.30878	0.55071	0.00936	0.45264	0.79554	0.01867	0.02067	0.01251	0.00397	0.01205	0.00672	0.03078	0.00086	0.17088	0.07335
0.26145	0.48698	0.01028	0.49189	0.79267	0.01152	0.02017	0.01709	0.00893	0.01314	0.0062	0.02861	0.00134	0.16938	0.08665
0.20618	0.32525	0.00991	0.60417	0.78762	0.01369	0.02129	0.02154	0.00788	0.0149	0.0121	0.03924	0.00379	0.15703	0.07621
0.24041	0.4788	0.00845	0.45417	0.79503	0.0165	0.02428	0.01818	0.00811	0.01081	0.00629	0.01844	0.00096	0.15408	0.0756
0.25761	0.43857	0.00998	0.53473	0.78978	0.01754	0.02214	0.01137	0.0055	0.01218	0.00441	0.01853	0.00101	0.16666	0.0728
0.28854	0.48845	0.01091	0.46449	0.79586	0.02098	0.02024	0.01264	0.00732	0.01295	0.00739	0.02306	0.00212	0.18149	0.07869
0.24799	0.45117	0.00728	0.48199	0.78453	0.01574	0.01854	0.02045	0.00693	0.01078	0.00636	0.04975	0.00076	0.16016	0.07375
0.26862	0.43238	0.00812	0.48717	0.78518	0.01499	0.01924	0.01934	0.00966	0.01238	0.00698	0.04864	0.00165	0.17704	0.07871
0.26815	0.54997	0.00887	0.3878	0.79446	0.01492	0.0184	0.02034	0.00724	0.00858	0.00731	0.02244	0.00075	0.16285	0.07132
0.28087	0.5566	0.01136	0.44331	0.78453	0.01301	0.02114	0.01772	0.00544	0.01219	0.0095	0.02682	0.0013	0.1893	0.07146
0.33492	0.62665	0.01116	0.44314	0.78774	0.0136	0.02314	0.01066	0.01145	0.01276	0.00752	0.03465	0.00078	0.16615	0.07299
0.43804	0.6904	0.00676	0.41003	0.80098	0.01362	0.01625	0.01272	0.01014	0.01426	0.00779	0.01897	0.00083	0.17214	0.06662
0.32117	0.5575	0.01024	0.4269	0.78972	0.01616	0.0174	0.02035	0.00451	0.01554	0.00524	0.01527	0.00094	0.17116	0.07096
0.37527	0.68475	0.01256	0.38851	0.79107	0.0153	0.01777	0.01543	0.01041	0.01495	0.00985	0.00774	0.00048	0.20923	0.08049
0.35347	0.56046	0.00999	0.47134	0.78686	0.02082	0.01913	0.0218	0.00667	0.01284	0.00415	0.02014	0.0006	0.22046	0.07409
0.35019	0.51401	0.00703	0.53216	0.7888	0.01834	0.01604	0.01012	0.00919	0.01217	0.00786	0.02254	0.00037	0.20285	0.07738
0.36193	0.53144	0.00813	0.41408	0.78987	0.01562	0.01774	0.0152	0.00629	0.0143	0.00919	0.02504	0.00054	0.17517	0.0788
0.27171	0.4101	0.00848	0.56988	0.78864	0.01178	0.01491	0.01714	0.00972	0.00993	0.00492	0.03165	0.00117	0.1698	0.08269
0.32572	0.51268	0.01006	0.55763	0.78818	0.01737	0.02013	0.00868	0.00998	0.01313	0.00525	0.014	0.00051	0.17947	0.07872
0.45024	0.64575	0.0078	0.46339	0.79231	0.01252	0.02004	0.016	0.01407	0.01329	0.00742	0.0097	0.00138	0.16237	0.06803
0.34429	0.61217	0.00994	0.4753	0.79006	0.01732	0.01661	0.0166	0.00681	0.0153	0.007	0.01306	0.00044	0.16312	0.08154
0.37188	0.66852	0.00793	0.42832	0.78913	0.02377	0.01909	0.0116	0.00498	0.01602	0.00778	0.01856	0.00114	0.15163	0.07429
0.41353	0.68624	0.01086	0.44311	0.80045	0.02119	0.02117	0.01892	0.00764	0.00891	0.00877	0.00718	0.00129	0.1725	0.06864
0.32965	0.55674	0.00897	0.43177	0.79359	0.01742	0.02239	0.01478	0.00549	0.0121	0.00826	0.0439	0.00438	0.15132	0.0747
0.42181	0.69721	0.01267	0.37417	0.80397	0.02157	0.02365	0.01152	0.00655	0.01081	0.00734	0.01071	0.00083	0.15268	0.06992
0.32912	0.53029	0.01069	0.47165	0.79882	0.01628	0.01741	0.0176	0.00804	0.01387	0.00548	0.01831	0.00158	0.15288	0.06832
0.32092	0.60718	0.0104	0.3844	0.79718	0.02257	0.02136	0.01765	0.01005	0.00933	0.00673	0.01437	0.00151	0.19069	0.06851
0.4178	0.68229	0.00918	0.46107	0.80062	0.02449	0.02213	0.01702	0.00623	0.0134	0.00931	0.01589	0.00122	0.13489	0.08258
0.45994	0.64825	0.00729	0.42155	0.79216	0.01637	0.01789	0.01385	0.00663	0.01312	0.00757	0.0143	0.00065	0.1349	0.0766
0.40213	0.62826	0.01034	0.40852	0.78671	0.0184	0.02065	0.01515	0.00999	0.0135	0.00586	0.01457	0.00089	0.1524	0.07051
0.42455	0.72934	0.00657	0.4025	0.8032	0.02175	0.02329	0.01755	0.0064	0.01135	0.0062	0.00729	0.00118	0.14332	0.07523
0.32387	0.53112	0.00541	0.42265	0.78812	0.01314	0.01837	0.01244	0.00629	0.01436	0.0086	0.02079	0.00042	0.14331	0.07316
0.426	0.60007	0.01136	0.38523	0.7859	0.0186	0.02086	0.01833	0.00917	0.01005	0.00762	0.01028	0.00065	0.17826	0.07158
0.52821	0.77078	0.0083	0.42884	0.79412	0.01955	0.01798	0.01206	0.0086	0.00891	0.0082	0.00928	0.00074	0.13262	0.08124
0.47937	0.70262	0.00533	0.4157	0.79391	0.01706	0.01686	0.02025	0.00652	0.00606	0.0072	0.01774	0.00173	0.15604	0.07749
0.35897	0.56946	0.00821	0.47529	0.79513	0.01872	0.0199	0.01072	0.00982	0.01103	0.00579	0.01155	0.00138	0.14969	0.0764
0.51608	0.73033	0.00628	0.42263	0.79341	0.02686	0.01944	0.01506	0.00802	0.01499	0.00865	0.02044	0.00073	0.14815	0.0745
0.41332	0.61392	0.00453	0.42361	0.79641	0.01723	0.0211	0.01322	0.00632	0.01475	0.00864	0.01381	0.00103	0.14587	0.08108
0.31223	0.44413	0.01104	0.48443	0.78989	0.01942	0.01991	0.01853	0.00835	0.01352	0.00736	0.05828	0.00087	0.15725	0.07359
0.27449	0.40672	0.00429	0.3785	0.78452	0.01668	0.02135	0.01609	0.00636	0.01	0.00733	0.02672	0.00067	0.14982	0.07845
0.28394	0.41472	0.00813	0.43285	0.78562	0.01805	0.02119	0.0169	0.00958	0.01376	0.00706	0.03399	0.00184	0.17087	0.07069
0.26358	0.42014	0.00719	0.46689	0.78546	0.02449	0.01919	0.01538	0.01085	0.01013	0.00484	0.03117	0.00098	0.14822	0.07067
0.35855	0.53101	0.00843	0.39072	0.79387	0.02296	0.02082	0.01138	0.00662	0.00734	0.00418	0.01411	0.0012	0.15929	0.07746
0.35857	0.51733	0.01039	0.39483	0.79089	0.02603	0.01502	0.01412	0.00705	0.00982	0.00494	0.02014	0.00079	0.15259	0.06208
0.35947	0.55491	0.00608	0.42834	0.78827	0.02577	0.01779	0.02287	0.01065	0.01171	0.0078	0.02095	0.00053	0.13653	0.06706
0.34884	0.55696	0.00418	0.38053	0.78808	0.02101	0.01752	0.01647	0.01059	0.00834	0.00661	0.03078	0.00141	0.18186	0.07235
0.32208	0.54823	0.00699	0.40777	0.79978	0.02133	0.02087	0.01428	0.00568	0.01263	0.01023	0.02666	0.00115	0.15894	0.06344
0.29826	0.47561	0.00967	0.39749	0.7846	0.02227	0.02165	0.01652	0.01101	0.00936	0.00612	0.04657	0.00108	0.16644	0.07537
0.29923	0.38664	0.00905	0.39642	0.79263	0.02793	0.01971	0.01448	0.00993	0.01232	0.00684	0.04358	0.00156	0.16948	0.08085
0.31062	0.4897	0.00623	0.43534	0.79612	0.02207	0.01769	0.01584	0.00608	0.00926	0.00807	0.02062	0.00089	0.1674	0.06937
0.29518	0.46417	0.00614	0.42372	0.79515	0.02524	0.02032	0.01625	0.01081	0.0112	0.00499	0.0461	0.00098	0.15905	0.06764
0.37774	0.51754	0.00757	0.45954	0.7948	0.02271	0.01482	0.01441	0.00881	0.00885	0.00695	0.01651	0.00185	0.13995	0.07447
0.3004	0.40343	0.00533	0.49515	0.78802	0.02893	0.01919	0.0195	0.00895	0.00732	0.00895	0.01514	0.00107	0.165	0.07325
0.26265	0.32952	0.00797	0.60288	0.7873	0.02458	0.01702	0.01583	0.01285	0.00287	0.01046	0.03326	0.00131	0.18637	0.07772
0.3115	0.40658	0.00924	0.5491	0.78708	0.02118	0.01524	0.01725	0.01073	0.0086	0.00595	0.05964	0.00069	0.17016	0.07784
0.30189	0.34702	0.00663	0.69367	0.7839	0.02347	0.01776	0.02108	0.00533	0.00879	0.00725	0.05876	0.00143	0.18325	0.07867
0.30427	0.41606	0.00487	0.50903	0.78561	0.02047	0.02174	0.01678	0.00918	0.01021	0.00662	0.06868	0.00171	0.15371	0.07524
0.29039	0.40438	0.00727	0.46456	0.79796	0.02067	0.01785	0.01356	0.00534	0.01231	0.00593	0.01667	0.00065	0.18574	0.07735
0.3671	0.53447	0.00536	0.41986	0.78879	0.02086	0.01724	0.01317	0.00635	0.01155	0.00905	0.03133	0.00112	0.17991	0.06572
0.3492	0.532	0.00757	0.51673	0.78816	0.02202	0.01754	0.01598	0.00798	0.01128	0.00471	0.02056	0.00077	0.19398	0.0732
0.3166	0.43471	0.00391	0.44154	0.78597	0.01963	0.01423	0.01462	0.00486	0.00982	0.00847	0.04295	0.00157	0.16807	0.07025
0.34443	0.49441	0.00535	0.52144	0.79291	0.02563	0.01629	0.01413	0.00627	0.00908	0.0081	0.0241	0.00081	0.17871	0.07469
0.34657	0.47431	0.00303	0.51329	0.7858	0.01565	0.01807	0.01492	0.008	0.01074	0.00872	0.03327	0.00054	0.1827	0.07276
0.38077	0.54498	0.00739	0.44552	0.78529	0.02201	0.01907	0.01657	0.00379	0.01108	0.00866	0.02467	0.0015	0.16673	0.07448
0.31027	0.47396	0.01051	0.4571	0.78513	0.02094	0.01754	0.0224	0.00428	0.00724	0.00402	0.03193	0.00099	0.16473	0.06788
0.36378	0.62686	0.00605	0.44008	0.79052	0.01626	0.01503	0.01503	0.01088	0.01096	0.00847	0.02481	0.00109	0.15043	0.06874
0.41637	0.61074	0.00452	0.42227	0.79416	0.02301	0.01949	0.01624	0.00827	0.01146	0.01052	0.02028	0.00161	0.16342	0.07702
0.27192	0.38413	0.00426	0.5478	0.78572	0.02525	0.01968	0.01975	0.01295	0.00889	0.00692	0.04682	0.0004	0.18406	0.07549
0.40559	0.61752	0.00889	0.43652	0.7895	0.01976	0.01832	0.01221	0.00766	0.00243	0.00643	0.02582	0.0014	0.17634	0.07823
0.38346	0.58813	0.00664	0.40485	0.78825	0.01475	0.02065	0.01759	0.01154	0.01308	0.00819	0.0311	0.00092	0.15968	0.07261
0.3131	0.52474	0.00901	0.34919	0.79127	0.02597	0.01795	0.01805	0.00548	0.01072	0.00661	0.03998	0.00079	0.17977	0.07559
0.40283	0.61168	0.00818	0.38556	0.79684	0.01817	0.01374	0.01215	0.00425	0.00403	0.00841	0.02234	0.00051	0.1712	0.07859
0.34648	0.57519	0.00504	0.41577	0.7947	0.02216	0.01766	0.0176	0.00618	0.00726	0.00661	0.02204	0.0013	0.16148	0.07821
0.43484	0.67398	0.00474	0.40936	0.79937	0.02011	0.01794	0.01443	0.0058	0.01623	0.0043	0.0132	0.00145	0.16499	0.06866
0.32056	0.47809	0.00369	0.41393	0.78682	0.01696	0.01889	0.01772	0.00669	0.00854	0.00695	0.03809	0.00083	0.12976	0.07325
0.32153	0.51812	0.00773	0.37119	0.79048	0.02144	0.01576	0.0078	0.01004	0.01056	0.00797	0.01604	0.00081	0.14432	0.06996
0.33819	0.51881	0.00703	0.31751	0.79328	0.0186	0.01674	0.01369	0.00889	0.00662	0.0056	0.0305	0.00243	0.15119	0.0728
0.4134	0.60279	0.00376	0.35261	0.79146	0.0187	0.0149	0.01293	0.00627	0.01009	0.00775	0.03248	0.00235	0.15011	0.0791
0.36103	0.45698	0.00878	0.40416	0.79651	0.01953	0.01634	0.01971	0.00784	0.01014	0.00434	0.01714	0.00106	0.18536	0.07688
0.2926	0.46504	0.00886	0.32941	0.78697	0.02314	0.01883	0.01994	0.00841	0.00891	0.00683	0.03372	0.00125	0.16077	0.08009
0.29231	0.44486	0.00642	0.43544	0.78724	0.02008	0.01582	0.01611	0.00895	0.00895	0.00695	0.04541	0.00201	0.16116	0.07571
0.37797	0.61066	0.0094	0.3558	0.79061	0.01848	0.01711	0.01144	0.01109	0.0069	0.00678	0.04492	0.00149	0.17349	0.07959
0.30927	0.45032	0.00473	0.40371	0.785	0.02746	0.01585	0.01707	0.00634	0.00638	0.00399	0.0663	0.00062	0.16182	0.06547
0.29758	0.39877	0.00725	0.38516	0.79009	0.01932	0.01957	0.01332	0.0065	0.00874	0.00429	0.04787	0.00128	0.18406	0.06622
0.27962	0.30461	0.00741	0.56227	0.78755	0.02164	0.01624	0.01993	0.00781	0.00526	0.00519	0.0856	0.0013	0.16129	0.07043
0.25595	0.3777	0.00777	0.39821	0.79325	0.02211	0.01786	0.01439	0.00719	0.00959	0.00535	0.06155	0.00117	0.17038	0.08747
0.28616	0.46361	0.00713	0.40093	0.78337	0.02587	0.01721	0.01345	0.00768	0.00614	0.00911	0.04862	0.00072	0.14285	0.07668
0.25236	0.37788	0.01414	0.45663	0.78705	0.02234	0.01741	0.02382	0.00929	0.01177	0.00577	0.0335	0.00126	0.18242	0.07702
0.3306	0.51118	0.00625	0.34351	0.79207	0.02685	0.01585	0.01293	0.00592	0.00798	0.00405	0.02933	0.00069	0.17916	0.0713
0.27039	0.41348	0.00859	0.48983	0.78935	0.02157	0.02192	0.01758	0.01052	0.00871	0.00808	0.02479	0.00081	0.17427	0.07223
0.38717	0.56818	0.00705	0.45331	0.79358	0.02615	0.01842	0.00775	0.00596	0.0087	0.00873	0.02933	0.00173	0.15057	0.06404
0.29192	0.42127	0.0084	0.48801	0.78781	0.02401	0.01993	0.01251	0.00596	0.00277	0.00878	0.03548	0.00092	0.17322	0.07985
0.34438	0.48416	0.00859	0.48618	0.79692	0.02122	0.02264	0.01336	0.00709	0.0087	0.00512	0.04393	0.00161	0.13094	0.0751
0.3187	0.42796	0.00457	0.46669	0.78761	0.01859	0.01694	0.02038	0.0048	0.00624	0.00784	0.04337	0.00142	0.15623	0.07442
0.39281	0.54593	0.00258	0.41741	0.79046	0.0252	0.01762	0.01932	0.00821	0.01005	0.00665	0.07833	0.00088	0.15558	0.06332
0.34326	0.50172	0.00428	0.42639	0.78818	0.01667	0.01435	0.01534	0.00623	0.00546	0.00884	0.06919	0.00113	0.14007	0.06279
0.31614	0.46641	0.0069	0.41193	0.78832	0.02604	0.0177	0.01337	0.006	0.01087	0.00713	0.07279	0.00071	0.15304	0.06307
0.26526	0.38557	0.00354	0.54001	0.78999	0.02184	0.01613	0.02032	0.00795	0.00932	0.00731	0.04192	0.00569	0.14417	0.07792
0.25818	0.42228	0.00519	0.45434	0.78847	0.03109	0.01799	0.01687	0.00873	0.00963	0.00588	0.04147	0.00076	0.15421	0.07204
0.28542	0.40705	0.00397	0.47054	0.78551	0.0224	0.02123	0.02058	0.00463	0.00922	0.00614	0.06789	0.00126	0.14475	0.07045
0.31126	0.46643	0.00191	0.45761	0.78424	0.02393	0.0198	0.01655	0.00586	0.00917	0.00874	0.06312	0.00065	0.15949	0.06083
0.29465	0.43158	0.00363	0.37927	0.78625	0.02258	0.01928	0.01675	0.0075	0.00877	0.01008	0.04915	0.00137	0.17594	0.06737
0.32871	0.54634	0.00453	0.34777	0.78885	0.02275	0.01832	0.01413	0.00461	0.00534	0.00532	0.0403	0.00063	0.16022	0.0652
0.34841	0.59672	0.004	0.33241	0.79109	0.02431	0.01844	0.01361	0.0057	0.01064	0.00482	0.03153	0.00113	0.14604	0.06755
0.29039	0.46684	0.00452	0.38202	0.7911	0.01882	0.01746	0.01642	0.00668	0.00453	0.00664	0.03212	0.00159	0.14918	0.06012
0.35522	0.56728	0.0046	0.34398	0.78898	0.02641	0.01988	0.01051	0.00794	0.01097	0.00596	0.02515	0.00176	0.15224	0.06627
0.38304	0.66453	0.00309	0.33224	0.78464	0.01704	0.01678	0.01412	0.00848	0.01378	0.0104	0.02218	0.00115	0.13715	0.06032
0.33095	0.46988	0.00799	0.35519	0.7862	0.02971	0.01572	0.01142	0.00573	0.00151	0.00776	0.04486	0.00164	0.14332	0.07475
0.32409	0.44278	0.00277	0.46439	0.78895	0.01899	0.01573	0.01471	0.00674	0.00751	0.0059	0.06385	0.00098	0.15837	0.0605
0.33617	0.56495	0.00312	0.39154	0.79053	0.02196	0.01981	0.0143	0.0069	0.0119	0.00795	0.02827	0.00083	0.1714	0.06895
0.3882	0.60246	0.00304	0.39805	0.78834	0.02437	0.01962	0.01633	0.01078	0.00524	0.01013	0.0323	0.00256	0.15667	0.06968
0.35109	0.5483	0.00296	0.35254	0.78304	0.02123	0.01584	0.01602	0.0041	0.00573	0.00769	0.01359	0.00053	0.14995	0.07729
0.32958	0.53133	0.00659	0.38168	0.78049	0.02054	0.01819	0.02143	0.00788	0.00805	0.00511	0.04263	0.00086	0.15946	0.07125
0.26478	0.46851	0.00637	0.344	0.78558	0.01641	0.01908	0.01637	0.00659	0.00565	0.00833	0.04906	0.00086	0.16984	0.06493
0.3149	0.57763	0.00508	0.32396	0.79478	0.03022	0.0188	0.01134	0.00711	0.00618	0.009	0.03993	0.00173	0.15161	0.07199
0.33474	0.53337	0.00116	0.37454	0.78993	0.03065	0.01693	0.01255	0.00705	0.00528	0.00612	0.02634	0.00111	0.15871	0.0715
0.36156	0.64421	0.00121	0.36029	0.78926	0.02763	0.01611	0.01858	0.00799	0.00535	0.00903	0.04398	0.00096	0.16458	0.05898
0.28927	0.625	0.00588	0.34203	0.78338	0.02501	0.01976	0.01623	0.01107	0.00808	0.00763	0.0271	0.00121	0.16008	0.08163
0.27532	0.5473	0.00191	0.35683	0.79095	0.02982	0.01841	0.01364	0.00484	0.01065	0.00844	0.05766	0.0014	0.15089	0.06642
0.33106	0.55456	0.00444	0.43764	0.78695	0.02998	0.01827	0.01835	0.00868	0.00676	0.00917	0.03431	0.00156	0.14104	0.06713
0.28324	0.50089	0.00478	0.41572	0.78618	0.02391	0.0189	0.01618	0.00591	0.01014	0.00565	0.02614	0.00075	0.15918	0.06287
0.26877	0.46779	0.00266	0.32675	0.78376	0.0189	0.01524	0.02505	0.01015	0.00727	0.00677	0.06634	0.00052	0.1687	0.06583
0.28	0.40272	0.00238	0.4597	0.78517	0.02534	0.01883	0.01488	0.00558	0.00789	0.00835	0.0434	0.00116	0.1824	0.07251
0.3156	0.55865	0.00582	0.34607	0.78814	0.02039	0.01557	0.02016	0.00767	0.00274	0.0057	0.03824	0.00106	0.17967	0.07011
0.26081	0.47261	0.00517	0.39767	0.78535	0.02398	0.017	0.01723	0.00753	0.00464	0.00408	0.04349	0.0007	0.15748	0.06581
0.3349	0.58412	0.00419	0.32832	0.78286	0.02089	0.01778	0.01601	0.00821	0.00882	0.00701	0.03979	0.00112	0.15888	0.06704
0.26074	0.44839	0.00329	0.3858	0.78979	0.02177	0.02272	0.01807	0.00714	0.00611	0.00713	0.0503	0.0018	0.17524	0.07073
0.30508	0.53208	0.00607	0.32824	0.79015	0.02083	0.01881	0.02134	0.0079	0.00111	0.00777	0.07175	0.00161	0.16406	0.07249
0.3283	0.53164	0.00351	0.3557	0.79522	0.02877	0.0185	0.01772	0.00675	0.00564	0.00876	0.04444	0.00109	0.17136	0.06717
0.29219	0.54593	0.00137	0.36521	0.7892	0.02007	0.01792	0.01111	0.00536	0.00435	0.00647	0.03601	0.00093	0.16776	0.07863
0.30261	0.47475	0.00338	0.33947	0.79362	0.02035	0.02153	0.01393	0.00605	0.005	0.00815	0.03179	0.00064	0.14864	0.06022
0.32161	0.54697	0.00426	0.35218	0.79537	0.0291	0.01689	0.01306	0.00569	0.001	0.00641	0.03472	0.00179	0.12303	0.05873
0.36855	0.62725	0.0022	0.30315	0.79361	0.02623	0.01975	0.01542	0.00598	0.00168	0.00645	0.04645	0.00077	0.16274	0.05629
0.31965	0.50336	0.00684	0.33884	0.78918	0.02909	0.01787	0.01298	0.01128	0.00268	0.00667	0.06739	0.00168	0.15464	0.07437
0.35279	0.62487	0.00478	0.31618	0.80229	0.02597	0.01621	0.01008	0.00633	0.00541	0.011	0.05632	0.00131	0.16714	0.0644
0.36566	0.62917	0.00441	0.32356	0.79639	0.0228	0.01841	0.01579	0.00252	0.00542	0.00755	0.03885	0.00072	0.16781	0.07242
0.36238	0.58693	0.00768	0.30059	0.79839	0.02022	0.01473	0.01498	0.00906	0.00323	0.00807	0.04381	0.00106	0.17412	0.0569
0.37647	0.61743	0.00686	0.33732	0.79276	0.02746	0.01619	0.01131	0.00525	0.00422	0.01154	0.04297	0.00088	0.14475	0.0641
0.36233	0.56649	0.00383	0.35433	0.79316	0.02484	0.01797	0.0167	0.00746	0.00636	0.00756	0.0652	0.00078	0.16217	0.07473
0.34228	0.57359	0.00237	0.31837	0.78614	0.02144	0.01619	0.01157	0.00844	0.00527	0.0129	0.04027	0.0003	0.17029	0.05922
0.40315	0.65201	0.00306	0.32257	0.78386	0.02498	0.018	0.01673	0.00597	0.00595	0.00714	0.02596	0.00081	0.15843	0.07362
0.31577	0.57618	0.00406	0.27683	0.79285	0.02086	0.01567	0.01318	0.00415	0.00259	0.00538	0.04468	0.001	0.1502	0.07115
0.37124	0.70623	0.00305	0.35164	0.79266	0.02726	0.01881	0.01675	0.0055	0.00306	0.00872	0.03128	0.0007	0.16693	0.06254
0.31213	0.52341	0.002	0.28073	0.78929	0.01866	0.01489	0.01306	0.00593	0.00261	0.00936	0.08373	0.00063	0.17921	0.05549
0.36144	0.69871	0.00151	0.32493	0.79362	0.02319	0.01646	0.01077	0.00689	0.00253	0.00779	0.0447	0.00072	0.16259	0.06376
0.33371	0.56891	0.00662	0.31755	0.7863	0.02628	0.02011	0.01155	0.0076	0.01109	0.00673	0.04912	0.00046	0.17373	0.06613
0.3529	0.64132	0.00124	0.3247	0.79156	0.02562	0.01995	0.01189	0.01144	0.00641	0.00699	0.04815	0.0009	0.17076	0.06199
0.29894	0.54758	0.00329	0.32895	0.78754	0.02083	0.02603	0.00736	0.00745	0.00578	0.00706	0.04133	0.00116	0.18288	0.07317
0.31974	0.59627	0.00582	0.32525	0.79188	0.02786	0.02029	0.0097	0.00272	0.00311	0.00799	0.05525	0.00174	0.19605	0.06145
0.31417	0.52401	0.00451	0.2902	0.79157	0.01756	0.01914	0.01316	0.00778	0.00589	0.00846	0.04933	0.00135	0.19401	0.07014
0.34721	0.58746	0.00081	0.36103	0.78847	0.02788	0.01707	0.01841	0.00724	0.00642	0.00795	0.05008	0.0004	0.19365	0.06146
0.29959	0.53729	0.00283	0.33371	0.78426	0.02261	0.01849	0.01488	0.00674	0.00443	0.00773	0.04531	0.00137	0.17252	0.06247
0.45732	0.75825	0.00432	0.32496	0.78697	0.02744	0.01413	0.01536	0.00664	0.00583	0.00753	0.05117	0.00058	0.16533	0.05985
0.35687	0.70541	0.00351	0.30983	0.78598	0.0209	0.01955	0.01703	0.00472	0.00389	0.00502	0.02622	0.00264	0.18604	0.07895
0.3086	0.53539	0.00233	0.34794	0.78905	0.02229	0.01949	0.01283	0.00587	0.01326	0.00591	0.06301	0.00099	0.18435	0.06109
0.33413	0.65254	0.00443	0.32038	0.79189	0.02381	0.01577	0.01414	0.0032	0.00341	0.00838	0.0531	0.00056	0.15901	0.06456
0.36312	0.59707	0.00252	0.28504	0.7924	0.0246	0.01816	0.00968	0.00575	0.00615	0.00402	0.06373	0.00147	0.16968	0.06301
0.32882	0.51563	0.00165	0.31128	0.79004	0.03135	0.01799	0.01044	0.00657	0.00783	0.0067	0.0578	0.00086	0.16574	0.0605
0.38058	0.55297	0.00836	0.39344	0.78504	0.02305	0.01969	0.01175	0.00811	0.00464	0.00563	0.05228	0.00487	0.15216	0.06196
0.34889	0.65646	0.00271	0.33965	0.79304	0.02323	0.01399	0.01348	0.00671	0.00464	0.00744	0.04105	0.00088	0.15125	0.06035
0.41118	0.67956	0.00327	0.34469	0.79124	0.03083	0.02228	0.0193	0.005	0.00417	0.00802	0.02632	0.00164	0.17665	0.06715
0.33506	0.62778	0.00247	0.31898	0.78712	0.02417	0.0196	0.01675	0.00455	0.00612	0.00776	0.0304	0.00093	0.15997	0.06218
0.29561	0.58252	0.00427	0.29254	0.78674	0.02005	0.01345	0.01673	0.00687	0.00338	0.00945	0.07208	0.0013	0.16905	0.06107
0.32306	0.652	0.00693	0.32797	0.78659	0.02815	0.01982	0.01326	0.00749	0.00678	0.0061	0.03913	0.00274	0.16366	0.05017
0.31731	0.61313	0.00372	0.31172	0.7861	0.01421	0.01953	0.01305	0.00712	0.00432	0.00877	0.03211	0.00261	0.18494	0.07035
0.32344	0.61149	0.00435	0.35686	0.78752	0.02719	0.01714	0.01145	0.00765	0.0021	0.00952	0.02904	0.00101	0.14616	0.05586
0.3378	0.63991	0.00302	0.34753	0.79249	0.02601	0.01511	0.01657	0.0068	0.00688	0.00654	0.03129	0.00147	0.13953	0.06183
0.34598	0.63503	0.00224	0.31501	0.78695	0.01819	0.01495	0.01256	0.00685	0.00382	0.00559	0.03232	0.00095	0.15291	0.06438
0.26404	0.59098	0.00118	0.41077	0.79178	0.02506	0.01317	0.01653	0.00533	0.00779	0.00918	0.02962	0.00092	0.16354	0.06783
0.40487	0.73664	0.00273	0.29907	0.78847	0.02594	0.01645	0.01114	0.00763	0.00054	0.00883	0.042	0.00196	0.17724	0.06276
0.29811	0.63507	0.00121	0.34404	0.78848	0.02215	0.01619	0.01153	0.00387	0.0021	0.00625	0.03809	0.00256	0.16112	0.07344
0.28114	0.48069	0.0007	0.50832	0.79062	0.02941	0.01868	0.01208	0.00406	0.00117	0.01074	0.04197	0.00059	0.14766	0.07407
0.29577	0.6073	0.00579	0.28798	0.78847	0.03112	0.01636	0.01308	0.00483	0.00238	0.00497	0.03471	0.00117	0.15185	0.06165
0.3762	0.59819	0.00202	0.348	0.79623	0.03042	0.02137	0.01466	0.00751	0.00405	0.00674	0.01434	0.00072	0.14099	0.06583
0.37336	0.6664	0.00307	0.31576	0.79175	0.02014	0.02094	0.0183	0.00531	0.0091	0.00789	0.02024	0.00122	0.162	0.07076
0.38661	0.66538	0.00172	0.29433	0.78908	0.02438	0.02057	0.01769	0.00515	0.00343	0.00853	0.03427	0.00122	0.14673	0.06025
0.36138	0.67739	0.00229	0.33847	0.78844	0.02731	0.01477	0.01318	0.00349	0.0095	0.00561	0.0524	0.00143	0.17608	0.0642
0.38203	0.61639	0.00186	0.33245	0.79006	0.02803	0.01583	0.01666	0.00381	0.00391	0.00775	0.04127	0.00035	0.14735	0.0503
0.40052	0.66555	0.00709	0.3166	0.79113	0.02903	0.01764	0.01556	0.00634	0.00883	0.00788	0.02871	0.00102	0.1385	0.05625
0.35474	0.70736	0.00713	0.33203	0.78687	0.02314	0.01877	0.01679	0.00683	0.0053	0.00852	0.03216	0.00223	0.16912	0.05849
0.34279	0.68064	0.00271	0.34275	0.7945	0.02966	0.01133	0.01711	0.00749	0.00333	0.011	0.05295	0.001	0.17918	0.06007
0.36933	0.61457	0.00562	0.31013	0.78725	0.0221	0.01375	0.01419	0.00698	0.0013	0.0073	0.05791	0.00043	0.15299	0.05568
0.31573	0.57492	0.00274	0.25289	0.7832	0.02887	0.01538	0.01683	0.00799	0.0011	0.007	0.06239	0.00222	0.14805	0.05039
0.33359	0.61933	0.00532	0.30631	0.78918	0.02616	0.01334	0.0126	0.00644	0.00403	0.00639	0.0365	0.00124	0.17466	0.06779
0.3756	0.64883	0.00139	0.29692	0.79075	0.02986	0.01712	0.01415	0.00575	0.00639	0.01057	0.02685	0.0016	0.1578	0.06521
0.39745	0.60224	0.00251	0.3048	0.78697	0.04084	0.01589	0.01335	0.00717	0.00434	0.00721	0.07118	0.00053	0.1787	0.06127
0.46227	0.69804	0.00379	0.29768	0.79396	0.02498	0.01488	0.0108	0.00756	0.00395	0.00891	0.03129	0.00131	0.16789	0.0512
0.41735	0.68971	0.00217	0.32708	0.78833	0.0293	0.01393	0.01465	0.00312	0.00231	0.00713	0.02593	0.00091	0.16393	0.06044
0.41019	0.65369	0.00372	0.33205	0.79889	0.02009	0.01825	0.0126	0.00844	0.00235	0.00843	0.03321	0.00055	0.14704	0.06891
0.3574	0.64682	0.00244	0.34528	0.78773	0.02779	0.01666	0.01288	0.00923	0.00566	0.00705	0.02899	0.00128	0.14268	0.062
0.40114	0.72861	0.00249	0.32144	0.79839	0.03008	0.01917	0.01412	0.00663	0.00633	0.00566	0.03533	0.00141	0.16178	0.05673
0.38237	0.65412	0.00433	0.30218	0.79194	0.0337	0.01789	0.0179	0.00602	0.00386	0.00723	0.05394	0.00075	0.15289	0.05388
0.32226	0.61316	0.00168	0.28465	0.78661	0.02662	0.0139	0.009	0.00839	0.00349	0.00624	0.06443	0.00255	0.1773	0.05781
0.35036	0.6816	0.00169	0.34793	0.78961	0.02198	0.01511	0.01386	0.00602	0.00454	0.00606	0.04205	0.00093	0.15837	0.05362
0.35407	0.70049	0.00244	0.29786	0.79524	0.03384	0.01611	0.01494	0.00828	0.0038	0.00987	0.03543	0.00068	0.14699	0.05376
0.34817	0.57663	0.00409	0.30449	0.79005	0.03195	0.01602	0.01352	0.0068	0.00337	0.00745	0.04141	0.00135	0.1579	0.0493
0.41604	0.70591	0.00147	0.32541	0.78709	0.03252	0.01415	0.01989	0.00911	0.00414	0.00458	0.03914	0.00242	0.15395	0.06019
0.33846	0.61791	0.0023	0.31929	0.78874	0.02695	0.01544	0.00964	0.00651	0.00585	0.00533	0.07081	0.00263	0.17111	0.05971
0.36311	0.7026	0.004	0.31188	0.79554	0.03646	0.0212	0.01574	0.0067	0.00147	0.00785	0.05226	0.00165	0.14251	0.05241
0.43508	0.71312	0.00176	0.28343	0.7854	0.03696	0.01784	0.01852	0.00759	0.00685	0.00835	0.05383	0.00245	0.1631	0.05215
0.39756	0.74963	0.00402	0.27866	0.7901	0.04902	0.01538	0.018	0.00768	0.00608	0.01017	0.03507	0.00077	0.16854	0.06211
0.3913	0.70323	0.00242	0.3176	0.79054	0.03007	0.02111	0.01557	0.00673	0.00091	0.0063	0.04262	0.00178	0.1624	0.06025
0.31446	0.67505	0.00309	0.29104	0.79568	0.0374	0.01622	0.02307	0.00915	0.00707	0.01032	0.02503	0.00262	0.17375	0.0574
0.31113	0.59756	0.00254	0.30235	0.79537	0.03443	0.01754	0.02097	0.00666	0.00448	0.00771	0.0439	0.00096	0.15247	0.05991
0.43049	0.77137	0.00407	0.34522	0.7953	0.02251	0.01808	0.02007	0.00871	0.00139	0.00889	0.03694	0.00056	0.15127	0.04722
0.35021	0.65354	0.00386	0.32424	0.79449	0.03707	0.01819	0.01854	0.00684	0.00242	0.00737	0.03782	0.00044	0.17185	0.05681
0.38248	0.69482	0.00392	0.32879	0.79808	0.02535	0.01621	0.01758	0.00476	0.00853	0.00993	0.02977	0.00178	0.17	0.05212
0.43892	0.72483	0.00355	0.34927	0.79179	0.03037	0.018	0.02069	0.00822	0.00357	0.00774	0.02745	0.00202	0.18646	0.06906
0.3538	0.66313	0.00429	0.34834	0.80026	0.02526	0.01515	0.01482	0.0053	0.00234	0.00971	0.03933	0.00079	0.13817	0.05489
0.32165	0.54804	0.00403	0.38068	0.79495	0.04837	0.01509	0.01176	0.00746	0.00279	0.01002	0.06052	0.00061	0.1382	0.0502
0.359	0.66044	0.0029	0.33593	0.79793	0.03807	0.01408	0.01389	0.00956	0.00168	0.00537	0.04744	0.00239	0.14484	0.06937
0.36918	0.70101	0.00183	0.34287	0.79775	0.03086	0.01695	0.01426	0.01047	0.00115	0.00572	0.01436	0.00069	0.15065	0.0582
0.34765	0.65006	0.00212	0.38172	0.79144	0.02196	0.01571	0.01087	0.0045	0.00635	0.00853	0.03311	0.00163	0.15121	0.05628
0.3654	0.67092	0.00181	0.36673	0.78665	0.02782	0.01888	0.01207	0.00379	0.00399	0.00619	0.01866	0.00069	0.12019	0.04746
0.34279	0.77349	0.00496	0.28405	0.79698	0.02365	0.01681	0.01855	0.00499	0.00388	0.0075	0.02087	0.00091	0.14836	0.05638
0.33246	0.7164	0.00223	0.32987	0.79202	0.03331	0.0182	0.01524	0.00407	0.00114	0.00798	0.0297	0.00061	0.13056	0.05542
0.3353	0.72983	0.00642	0.28619	0.79338	0.04088	0.01414	0.01785	0.00724	0.00675	0.00896	0.02227	0.0025	0.14851	0.04585
0.36935	0.72799	0.00331	0.31063	0.78825	0.03306	0.01767	0.02321	0.0054	0.00224	0.00575	0.0191	0.00251	0.13708	0.05036
0.33068	0.67069	0.00217	0.32494	0.78741	0.03871	0.01751	0.0142	0.00538	0.00183	0.00966	0.03356	0.00164	0.15396	0.04815
0.33736	0.67264	0.00288	0.30078	0.78898	0.02118	0.0219	0.01285	0.00585	0.00267	0.00697	0.04024	0.00166	0.14455	0.06113
0.33784	0.5297	0.00368	0.28973	0.78903	0.03223	0.01623	0.01899	0.00877	0.00547	0.01415	0.04713	0.00137	0.16628	0.05666
0.38028	0.65855	0.00422	0.28222	0.78988	0.02953	0.01555	0.01313	0.00681	0.00282	0.01048	0.05499	0.00071	0.14716	0.0509
0.37929	0.70892	0.00257	0.35435	0.79193	0.04791	0.01675	0.01328	0.00366	0.00088	0.00802	0.03318	0.00237	0.16729	0.05125
0.39337	0.69965	0.00444	0.32875	0.79012	0.02196	0.01887	0.01977	0.00646	0.00306	0.00999	0.0393	0.00059	0.15568	0.05849
0.34257	0.72025	0.00321	0.32703	0.79091	0.02811	0.01642	0.01716	0.00681	0.00769	0.00665	0.03466	0.00073	0.17908	0.06025
0.32561	0.61236	0.00194	0.28364	0.78825	0.0326	0.01998	0.01828	0.00707	0.00544	0.00685	0.04343	0.0015	0.14751	0.05343
0.34344	0.68239	0.00218	0.34787	0.79015	0.03274	0.01416	0.01258	0.00967	0.00985	0.00835	0.04616	0.00105	0.16387	0.05401
0.36764	0.71472	0.00439	0.28463	0.79144	0.03128	0.01599	0.01597	0.00646	0.00368	0.00928	0.03247	0.00159	0.1628	0.04421
0.3981	0.76865	0.00366	0.29625	0.78872	0.03357	0.01538	0.01632	0.00553	0.00114	0.00963	0.01642	0.00122	0.18803	0.0577
0.35175	0.7638	0.00293	0.32694	0.80706	0.03158	0.01778	0.0214	0.00516	0.00157	0.00511	0.02326	0.00097	0.15893	0.05829
0.38899	0.74656	0.00174	0.32433	0.79672	0.03021	0.01748	0.02053	0.00737	0.00418	0.00562	0.02641	0.00214	0.15415	0.0593
0.39969	0.67727	0.00104	0.28333	0.79445	0.0323	0.01902	0.01555	0.00362	0.00156	0.00598	0.03316	0.00144	0.13871	0.05993
0.36633	0.78189	0.00231	0.32708	0.80386	0.05127	0.01759	0.01216	0.00632	0.0043	0.00791	0.01762	0.0018	0.16012	0.05648
0.31676	0.64782	0.00196	0.34336	0.7984	0.03468	0.01554	0.01243	0.00779	0.00348	0.00549	0.02777	0.00071	0.14865	0.06959
0.26893	0.51949	0.00085	0.42073	0.79102	0.03245	0.01813	0.01379	0.00957	0.00546	0.00796	0.06775	0.00242	0.1597	0.06063
0.33586	0.62835	0.002	0.3748	0.80331	0.04796	0.01992	0.01823	0.00971	0.00643	0.00753	0.02665	0.00253	0.15649	0.05447
0.32586	0.58496	0.00137	0.36705	0.7889	0.0446	0.01785	0.00887	0.01035	0.00287	0.00975	0.0478	0.00081	0.16392	0.06487
0.33897	0.61265	0.00155	0.34584	0.79115	0.03071	0.01907	0.01092	0.00605	0.00255	0.00587	0.02457	0.00102	0.14273	0.06526
0.2973	0.48465	0.00181	0.41149	0.78526	0.02022	0.01652	0.01235	0.00602	0.00095	0.00593	0.05038	0.00095	0.16766	0.05373
0.28438	0.54843	0.00141	0.37284	0.79794	0.02986	0.01298	0.01515	0.00794	0.0052	0.00417	0.02892	0.00102	0.15331	0.0646
0.29705	0.42897	0.0028	0.46892	0.78945	0.03677	0.02017	0.01379	0.00603	0.00509	0.00819	0.06942	0.00095	0.152	0.06524
0.29253	0.53796	0.00133	0.38759	0.8036	0.02114	0.01657	0.01427	0.00393	0.00266	0.00813	0.04793	0.00099	0.16824	0.05647
0.29607	0.58526	0.00207	0.36821	0.79719	0.0286	0.01958	0.01592	0.00466	0.00417	0.00665	0.04077	0.00144	0.11466	0.04678
0.30535	0.58949	0.00354	0.41543	0.79479	0.04286	0.01911	0.01597	0.00723	0.00582	0.00557	0.04744	0.00197	0.16567	0.05553
0.393	0.74664	0.00112	0.29734	0.79119	0.0351	0.02075	0.01581	0.00714	0.00162	0.00712	0.01534	0.0021	0.14019	0.05583
0.34704	0.64273	0.00254	0.30075	0.79577	0.03256	0.02332	0.01521	0.00619	0.00291	0.00772	0.02782	0.00229	0.16019	0.05738
0.36667	0.75048	0.00255	0.33404	0.79746	0.03849	0.01832	0.0161	0.00532	0.00157	0.00593	0.02094	0.00171	0.16504	0.0638
0.36019	0.68014	0.00269	0.38234	0.79158	0.03769	0.01963	0.01388	0.00416	0.00255	0.00677	0.03044	0.00069	0.16821	0.06272
0.41394	0.67575	0.00218	0.37999	0.79376	0.04135	0.01592	0.01019	0.00725	0.00172	0.00725	0.02827	0.00146	0.14125	0.05716
0.35862	0.75236	0.00186	0.31473	0.78513	0.0276	0.01976	0.00898	0.00797	0.00425	0.01076	0.02333	0.00112	0.17383	0.05671
0.32045	0.6196	0.00176	0.35035	0.78714	0.03322	0.0159	0.01475	0.00852	0.00171	0.00479	0.04515	0.00443	0.16626	0.0612
0.42092	0.73203	0.00121	0.31941	0.78816	0.03391	0.01857	0.01017	0.00768	0.00108	0.00717	0.01955	0.0018	0.15484	0.04867
0.40393	0.76147	0.003	0.30712	0.79229	0.02463	0.0188	0.01259	0.00713	0.0037	0.01024	0.03326	0.00126	0.14597	0.05365
0.38723	0.723	0.00226	0.31537	0.79504	0.0328	0.01555	0.01161	0.0085	0.00259	0.0083	0.03311	0.00082	0.16786	0.05942
0.34111	0.70104	0.00064	0.32707	0.79837	0.03589	0.01899	0.01039	0.00729	0.00244	0.01046	0.02606	0.00105	0.16685	0.05627
0.38577	0.66709	0.00228	0.30536	0.7882	0.02628	0.01591	0.01291	0.0057	0.00698	0.00737	0.02544	0.00337	0.16522	0.05966
0.3648	0.69394	0.00292	0.32014	0.79417	0.03185	0.01563	0.01008	0.00649	0.00151	0.00779	0.03765	0.00109	0.14855	0.04938
0.39283	0.73665	0.00178	0.28307	0.79388	0.03146	0.01807	0.00953	0.00929	0.00212	0.01001	0.02603	0.0008	0.15748	0.05191
0.33563	0.64733	0.0013	0.33059	0.78866	0.01818	0.01932	0.01498	0.00577	0.00269	0.00911	0.05026	0.00242	0.16626	0.06172
0.35518	0.67295	0.00174	0.34979	0.79932	0.0217	0.01651	0.01271	0.00416	0.00613	0.00639	0.01993	0.00102	0.16512	0.05983
0.33644	0.56371	0.00204	0.31682	0.79396	0.01935	0.01996	0.01643	0.00464	0.00573	0.00868	0.04587	0.00113	0.17378	0.06141
0.34157	0.56228	0.00231	0.3457	0.79602	0.02311	0.01401	0.01178	0.00479	0.00053	0.00782	0.05242	0.00085	0.18464	0.05636
0.38011	0.65608	0.00567	0.34266	0.79689	0.0271	0.01738	0.01103	0.00494	0.00691	0.00912	0.03671	0.00113	0.17435	0.05432
0.36908	0.65221	0.00092	0.35597	0.79401	0.0247	0.01427	0.01452	0.00677	0.00331	0.00626	0.04656	0.00195	0.17201	0.05226
0.3751	0.56898	0.00064	0.32579	0.79265	0.02248	0.01664	0.01124	0.00646	0.00557	0.00681	0.05505	0.00079	0.17262	0.06664
0.41588	0.62194	0.00144	0.33295	0.79069	0.02238	0.01317	0.01622	0.00618	0.00169	0.00974	0.07051	0.00089	0.16458	0.05572
0.47275	0.77505	0.00538	0.3715	0.79848	0.02613	0.01848	0.01315	0.00552	0.00135	0.0049	0.02155	0.00099	0.16492	0.06225
0.37125	0.63459	0.0026	0.33725	0.78831	0.03304	0.01258	0.015	0.00636	0.00361	0.00712	0.05911	0.00071	0.17563	0.06458
0.357	0.66947	0.00481	0.35165	0.79858	0.03421	0.01835	0.01102	0.00558	0.00193	0.01057	0.03807	0.00122	0.1852	0.06862
0.38968	0.72136	0.00326	0.34394	0.79692	0.0243	0.01383	0.01028	0.00388	0.00158	0.01261	0.06458	0.00075	0.17847	0.05144
0.35328	0.58178	0.00152	0.37235	0.79244	0.0214	0.01733	0.0242	0.00759	0.00358	0.00829	0.0484	0.00087	0.19056	0.05739
0.31966	0.61205	0.00114	0.35117	0.79634	0.02083	0.01687	0.01559	0.01076	0.00056	0.01237	0.03287	0.00104	0.17438	0.06182
0.42308	0.69419	0.00177	0.3674	0.78949	0.02985	0.01671	0.01668	0.00586	0.00153	0.00894	0.04042	0.00078	0.16766	0.05851
0.36359	0.60368	0.00153	0.32565	0.78549	0.02711	0.01217	0.01843	0.0079	0.00433	0.00986	0.04578	0.00083	0.17133	0.05968
0.34865	0.55649	0.00292	0.34486	0.79017	0.02484	0.02047	0.01201	0.00753	0.00163	0.00803	0.03149	0.00082	0.1598	0.07516
0.31144	0.57513	0.00224	0.33835	0.7915	0.0238	0.01598	0.01471	0.00597	0.00347	0.00947	0.04808	0.00121	0.19577	0.06526
0.36445	0.61191	0.00194	0.41014	0.78677	0.01624	0.01451	0.01517	0.00618	0.00677	0.00918	0.04734	0.00168	0.17147	0.06193
0.35961	0.67764	0.00163	0.36364	0.79679	0.01905	0.01527	0.01884	0.00364	0.00413	0.00629	0.02595	0.0006	0.16666	0.08472
0.37795	0.73984	0.00603	0.32557	0.78854	0.03029	0.0138	0.01427	0.00404	0.00359	0.00977	0.03925	0.00093	0.19633	0.05992
0.36083	0.75744	0.00154	0.3541	0.79314	0.02007	0.01736	0.01744	0.00515	0.00109	0.00926	0.03901	0.00164	0.15815	0.06667
0.35611	0.62563	0.00231	0.35621	0.7965	0.02539	0.01666	0.01561	0.00258	0.00399	0.00773	0.02867	0.00172	0.17719	0.0589
0.33433	0.58569	0.00759	0.29081	0.7879	0.02635	0.01246	0.01954	0.00514	0.00226	0.00738	0.08318	0.00061	0.16274	0.0465
0.35916	0.71301	0.00134	0.31577	0.78715	0.02501	0.01819	0.01076	0.00672	0.00154	0.00782	0.05199	0.00144	0.17049	0.04608
0.39612	0.76321	0.0027	0.3192	0.79154	0.01831	0.01837	0.0094	0.00669	0.00793	0.00754	0.05389	0.00232	0.1296	0.05379
0.3845	0.72531	0.00237	0.28787	0.7898	0.01671	0.01462	0.0158	0.00559	0.00623	0.00947	0.03864	0.00128	0.16603	0.06015
0.36613	0.64993	0.00138	0.3257	0.79335	0.02513	0.02076	0.01234	0.00475	0.00471	0.00761	0.03741	0.00108	0.14725	0.05147
0.329	0.60517	0.00449	0.30867	0.78699	0.0195	0.02099	0.01221	0.00592	0.00218	0.00813	0.06132	0.00168	0.15936	0.06096
0.31136	0.51754	0.00272	0.35387	0.78962	0.0358	0.01904	0.01655	0.00499	0.00698	0.006	0.05819	0.00087	0.17657	0.04518
0.35511	0.5966	0.00137	0.28262	0.78702	0.02563	0.0146	0.0139	0.00718	0.00546	0.00634	0.0522	0.00089	0.16426	0.05069
0.40688	0.75627	0.00199	0.28747	0.79159	0.02854	0.01744	0.01319	0.0053	0.00221	0.00827	0.03318	0.0008	0.18104	0.05838
0.36291	0.71423	0.00226	0.27061	0.79164	0.02359	0.01641	0.01489	0.00772	0.00423	0.01073	0.02791	0.00078	0.16063	0.05008
0.39514	0.74414	0.00088	0.3361	0.79438	0.02173	0.01852	0.01186	0.00591	0.00238	0.00892	0.04436	0.00177	0.16146	0.05565
0.31476	0.68924	0.00474	0.33932	0.79128	0.02904	0.01608	0.01486	0.00256	0.00459	0.00751	0.04823	0.00088	0.16327	0.07428
0.30702	0.67829	0.00153	0.34598	0.78775	0.01595	0.01949	0.0144	0.00342	0.00653	0.01116	0.02856	0.00065	0.18088	0.05052
0.28957	0.5211	0.00208	0.34699	0.79324	0.03241	0.01529	0.01231	0.00738	0.00134	0.00902	0.03322	0.00049	0.18485	0.06512
0.28152	0.69237	0.00276	0.36443	0.78691	0.01996	0.01875	0.02056	0.00742	0.00344	0.00747	0.03655	0.00036	0.19786	0.0619
0.27891	0.57277	0.00108	0.42103	0.79292	0.02616	0.01548	0.01426	0.00874	0.00253	0.00779	0.03292	0.00065	0.21184	0.05862
0.34987	0.73517	0.00432	0.35002	0.78342	0.02431	0.01623	0.01582	0.00422	0.00078	0.00875	0.03228	0.00093	0.15272	0.05779
0.29532	0.52664	0.00228	0.39186	0.78999	0.02351	0.01238	0.01483	0.00422	0.00408	0.00835	0.03843	0.00115	0.19538	0.05734
0.27031	0.41238	0.00173	0.49354	0.78915	0.02018	0.01614	0.02033	0.00538	0.00434	0.01377	0.04857	0.00181	0.17097	0.07615
0.28648	0.54105	0.00344	0.47194	0.79652	0.02794	0.0169	0.01803	0.00511	0.00409	0.00709	0.03369	0.00077	0.16023	0.07863
