mass_1	mass_2	phase	time	distance	a_1	a_2	tilt_1	tilt_2	phi_12	phi_jl	theta_jn	psi	ra	dec
0.93582	0.85859	0.03962	0.63937	0.51723	0.06307	0.06011	0.2326	0.04321	0.04521	0.04541	0.14249	0.04685	0.13902	0.08566
0.91733	0.84808	0.04082	0.62505	0.49138	0.05709	0.05539	0.21787	0.04983	0.04966	0.04307	0.1633	0.04546	0.13454	0.08925
0.91093	0.83796	0.04551	0.64341	0.53407	0.04271	0.05035	0.20693	0.05491	0.04904	0.04894	0.16229	0.04394	0.14774	0.09838
0.90884	0.86793	0.05146	0.64773	0.50475	0.058	0.05801	0.20256	0.05824	0.04827	0.04251	0.16293	0.04426	0.15731	0.08055
0.92753	0.84732	0.04752	0.64767	0.55219	0.05473	0.05858	0.19271	0.05792	0.04839	0.0514	0.1767	0.04712	0.1548	0.08679
0.90698	0.85842	0.05092	0.6562	0.46231	0.06191	0.06112	0.18336	0.04311	0.04791	0.04566	0.12847	0.04471	0.1402	0.08568
0.92058	0.85853	0.04935	0.61136	0.49668	0.05682	0.06281	0.20079	0.05065	0.04752	0.04877	0.16896	0.04759	0.13778	0.08571
0.90487	0.82763	0.04516	0.67546	0.50043	0.0617	0.05467	0.18678	0.03799	0.05172	0.04733	0.17011	0.04517	0.14632	0.0925
0.91484	0.85388	0.04908	0.68297	0.50395	0.05835	0.0577	0.20201	0.04651	0.04561	0.04381	0.16313	0.03788	0.14654	0.08669
0.93221	0.8691	0.0476	0.65734	0.41729	0.06348	0.05602	0.20305	0.04218	0.0456	0.04546	0.11883	0.04806	0.1439	0.09365
0.91459	0.85959	0.04602	0.52456	0.42425	0.06982	0.05142	0.2156	0.05364	0.04534	0.0508	0.14901	0.04085	0.1543	0.07862
0.90922	0.83382	0.04188	0.56834	0.45244	0.05836	0.04659	0.2012	0.0459	0.04258	0.04564	0.15876	0.03722	0.15707	0.08404
0.90291	0.81031	0.04914	0.66026	0.44444	0.05797	0.06534	0.19908	0.04082	0.0413	0.04349	0.14102	0.043	0.14861	0.08821
0.90444	0.82797	0.04305	0.50863	0.43353	0.04801	0.05886	0.2007	0.04665	0.04842	0.04536	0.10997	0.02951	0.1353	0.08672
0.91622	0.86859	0.04237	0.50531	0.45947	0.06673	0.05566	0.17735	0.05577	0.04607	0.04267	0.10499	0.03186	0.13664	0.08062
0.88773	0.83661	0.04194	0.54832	0.47254	0.05925	0.04932	0.18789	0.05599	0.04812	0.04396	0.12594	0.02543	0.15052	0.0892
0.88739	0.78933	0.0493	0.52105	0.48725	0.05768	0.05766	0.1935	0.05948	0.04095	0.04247	0.12764	0.02252	0.14558	0.08209
0.89774	0.8299	0.03659	0.57503	0.48233	0.05976	0.05708	0.1895	0.05768	0.04606	0.04314	0.1241	0.02626	0.14763	0.08731
0.89549	0.84012	0.04088	0.50393	0.4862	0.05529	0.05388	0.18688	0.0545	0.04582	0.04516	0.13566	0.03164	0.14325	0.08443
0.89685	0.81899	0.04692	0.54159	0.48692	0.06204	0.05878	0.1908	0.04697	0.0393	0.04044	0.11167	0.02151	0.14693	0.08316
0.89299	0.85181	0.04653	0.54747	0.52614	0.0615	0.05668	0.17547	0.05792	0.04792	0.03078	0.10096	0.01474	0.15381	0.07906
0.88179	0.82887	0.04432	0.66578	0.56737	0.05963	0.0528	0.17653	0.04015	0.04562	0.03771	0.14358	0.01232	0.15471	0.08943
0.8726	0.79447	0.0396	0.64235	0.50263	0.05918	0.05725	0.19211	0.05419	0.04274	0.03699	0.09501	0.0124	0.14957	0.09184
0.90012	0.82923	0.04082	0.68818	0.52874	0.06682	0.05584	0.19329	0.0497	0.0425	0.03098	0.10562	0.00717	0.17049	0.0888
0.87477	0.85379	0.0397	0.66289	0.53556	0.0567	0.05957	0.18895	0.03709	0.03518	0.03615	0.10378	0.00643	0.15758	0.08995
0.88268	0.82024	0.04253	0.69524	0.50543	0.04327	0.05444	0.20575	0.05729	0.04158	0.03309	0.10425	0.00984	0.1614	0.08598
0.88381	0.76039	0.03705	0.63677	0.51722	0.07362	0.04795	0.19777	0.05032	0.04114	0.0351	0.11298	0.00701	0.16649	0.08565
0.87444	0.75483	0.04181	0.75822	0.5519	0.06573	0.05128	0.19391	0.05616	0.03989	0.02704	0.13004	0.00861	0.1619	0.09941
0.87226	0.79053	0.02825	0.64461	0.53423	0.06519	0.05696	0.19912	0.04657	0.03752	0.0232	0.11113	0.00618	0.15182	0.08115
0.87363	0.75305	0.03249	0.60632	0.50739	0.06451	0.05429	0.19267	0.06396	0.04103	0.02692	0.10592	0.00332	0.15044	0.08616
0.85408	0.71376	0.03703	0.73637	0.56043	0.06188	0.05522	0.16216	0.06245	0.04083	0.02638	0.10943	0.00441	0.16794	0.09169
0.84929	0.77063	0.03953	0.66379	0.5567	0.06098	0.05863	0.19277	0.0474	0.04144	0.0225	0.08823	0.00251	0.2027	0.08261
0.87027	0.75362	0.03943	0.60917	0.55718	0.05518	0.05447	0.21561	0.04258	0.03771	0.01984	0.10998	0.00171	0.15233	0.08638
0.87413	0.76953	0.03523	0.6178	0.63648	0.04978	0.05007	0.19336	0.04674	0.03782	0.0182	0.14067	0.00393	0.14571	0.09169
0.86218	0.7771	0.03569	0.52108	0.65501	0.05928	0.04177	0.18098	0.04867	0.03743	0.01348	0.1093	0.0064	0.13889	0.08735
0.85657	0.77405	0.03227	0.57739	0.54868	0.05431	0.03601	0.17197	0.03512	0.0385	0.01626	0.09386	0.00608	0.16067	0.09075
0.87153	0.7596	0.03819	0.61731	0.58151	0.06238	0.04667	0.1946	0.05087	0.03046	0.01437	0.16487	0.00231	0.13159	0.07908
0.86368	0.74988	0.03872	0.6425	0.53525	0.06483	0.0494	0.21658	0.06025	0.03383	0.01351	0.11475	0.00481	0.15509	0.0874
0.87135	0.7678	0.03574	0.63778	0.55936	0.0637	0.04234	0.19231	0.04927	0.03338	0.01558	0.12234	0.0032	0.16485	0.08719
0.85425	0.73026	0.03207	0.60105	0.52876	0.06158	0.04489	0.18052	0.04766	0.03326	0.01487	0.17685	0.0053	0.13673	0.09848
0.84344	0.76165	0.03682	0.5371	0.57222	0.06297	0.03451	0.18872	0.0479	0.03534	0.00232	0.15467	0.00468	0.17772	0.08801
0.82752	0.72642	0.03529	0.60483	0.60468	0.07803	0.03969	0.18443	0.04574	0.03441	0.01044	0.15691	0.00217	0.11859	0.09213
0.85038	0.7647	0.03661	0.59987	0.55936	0.06395	0.04515	0.18036	0.04599	0.04092	0.01073	0.1034	0.00114	0.15427	0.08576
0.86411	0.75934	0.03183	0.58819	0.6513	0.06988	0.04199	0.19443	0.04137	0.02898	0.01195	0.14283	0.00326	0.16647	0.09351
0.83882	0.78279	0.02998	0.52316	0.56147	0.06094	0.02824	0.18312	0.04542	0.02703	0.00345	0.12681	0.00524	0.15046	0.09099
0.85349	0.76051	0.0306	0.61396	0.5731	0.06654	0.03161	0.18482	0.04703	0.03118	0.00772	0.10765	0.00855	0.17568	0.08723
0.84207	0.7553	0.03021	0.57732	0.60076	0.0553	0.02692	0.21149	0.05017	0.03216	0.00997	0.12446	0.00135	0.1629	0.08462
0.85465	0.7455	0.02973	0.6056	0.59268	0.06433	0.04585	0.1815	0.04315	0.03587	0.00964	0.09372	0.00291	0.16772	0.08782
0.83543	0.73879	0.0263	0.46343	0.54932	0.05632	0.03051	0.15802	0.04939	0.03297	0.00236	0.1023	0.00308	0.14201	0.08345
0.80608	0.7518	0.02551	0.63151	0.54206	0.06312	0.0418	0.1648	0.04392	0.03408	0.00641	0.07488	0.0015	0.14117	0.0875
0.80806	0.74768	0.02981	0.56491	0.48143	0.06191	0.0291	0.17282	0.05172	0.02577	0.00478	0.13422	0.00239	0.14547	0.08679
0.8572	0.78113	0.03198	0.58036	0.51643	0.0639	0.03216	0.19213	0.05877	0.03356	0.00593	0.08109	0.00075	0.15328	0.08043
0.84031	0.74252	0.02573	0.65265	0.48232	0.05193	0.02765	0.16578	0.05398	0.03429	0.00351	0.07917	0.00241	0.19382	0.0815
0.85296	0.77266	0.02439	0.59048	0.51938	0.05847	0.0357	0.16313	0.03981	0.03098	0.00199	0.06806	0.00139	0.16779	0.0795
0.8653	0.78722	0.01847	0.72187	0.5002	0.0497	0.03202	0.1676	0.03322	0.03444	0.00263	0.1011	0.00168	0.20155	0.08999
0.82122	0.74657	0.02797	0.67302	0.41665	0.05258	0.03078	0.14375	0.05103	0.02761	0.00108	0.06372	0.00494	0.15438	0.08437
0.84743	0.76731	0.01538	0.67388	0.42212	0.06191	0.03285	0.1557	0.04132	0.03049	0.00198	0.08059	0.0026	0.19167	0.08775
0.82683	0.80499	0.01604	0.64595	0.59936	0.05388	0.02882	0.18141	0.04594	0.02934	0.00123	0.06157	0.00118	0.18486	0.08088
0.83215	0.75646	0.01973	0.75628	0.50741	0.05064	0.03109	0.19618	0.04714	0.02825	0.00091	0.0563	0.00268	0.17436	0.09724
0.81721	0.76482	0.02327	0.69995	0.60241	0.05808	0.02984	0.1933	0.04737	0.03257	0.00165	0.08784	0.00203	0.18734	0.0791
0.82379	0.77924	0.02003	0.69802	0.55162	0.06012	0.03797	0.16451	0.04858	0.0279	0.00275	0.06172	0.00496	0.16916	0.08296
0.81811	0.74989	0.01448	0.72414	0.42301	0.05215	0.034	0.17623	0.04626	0.02761	0.00238	0.10261	0.00492	0.14928	0.09417
0.8611	0.7689	0.01757	0.61351	0.55167	0.05841	0.02887	0.18633	0.04728	0.02331	0.00177	0.06425	0.00157	0.23534	0.08752
0.84764	0.77951	0.01937	0.73424	0.52261	0.05508	0.03095	0.17537	0.04981	0.03212	0.00113	0.07661	0.00491	0.20146	0.08134
0.85751	0.7876	0.0198	0.8449	0.55534	0.05014	0.03413	0.18272	0.04888	0.02545	0.00167	0.09345	0.00249	0.26535	0.09281
0.86602	0.76234	0.01814	0.52935	0.60391	0.05571	0.02724	0.18347	0.05579	0.02241	0.00123	0.12527	0.00141	0.25052	0.08167
0.85453	0.76812	0.01899	0.4931	0.53184	0.0575	0.02942	0.19806	0.04374	0.02406	0.0032	0.07143	0.00242	0.17817	0.09371
0.85039	0.75402	0.01729	0.65534	0.52092	0.05122	0.0342	0.16349	0.04111	0.02603	0.00086	0.06996	0.00078	0.18705	0.08563
0.82378	0.75459	0.01368	0.77198	0.46149	0.05614	0.03795	0.16766	0.03753	0.03114	0.00136	0.0495	0.00067	0.15947	0.0855
0.86627	0.80095	0.01685	0.66982	0.53248	0.05575	0.02881	0.18425	0.04547	0.01884	0.00494	0.0817	0.00707	0.18173	0.08139
0.84315	0.77318	0.01655	0.68922	0.49521	0.06206	0.02764	0.1576	0.04543	0.02057	0.00739	0.06996	0.00147	0.20941	0.08089
0.88332	0.81161	0.01266	0.66905	0.54445	0.06471	0.03485	0.16302	0.04075	0.02485	0.00234	0.1133	0.00123	0.18518	0.07936
0.87646	0.74007	0.02103	0.55217	0.6317	0.05263	0.02856	0.18992	0.04961	0.0236	0.00492	0.13445	0.00228	0.17942	0.08611
0.87212	0.76848	0.01347	0.60058	0.5466	0.05621	0.0261	0.17932	0.05016	0.02148	0.00177	0.08131	0.0026	0.26139	0.08104
0.84674	0.75531	0.01653	0.57747	0.53999	0.05524	0.03083	0.19181	0.04573	0.0224	0.00246	0.06514	0.00316	0.13769	0.08177
0.85335	0.74698	0.02866	0.51796	0.60421	0.06074	0.0283	0.18965	0.06309	0.02426	0.00168	0.08413	0.00183	0.1401	0.07999
0.87429	0.75513	0.01993	0.46506	0.52818	0.05503	0.03307	0.1839	0.05049	0.01534	0.0021	0.08367	0.00691	0.14991	0.08618
0.85563	0.77737	0.01902	0.53977	0.55861	0.05595	0.02744	0.1832	0.04575	0.02153	0.00191	0.0624	0.00131	0.12188	0.09507
0.89223	0.73355	0.01535	0.63424	0.48532	0.05378	0.0317	0.17183	0.04756	0.02202	0.00224	0.10127	0.0017	0.1382	0.08669
0.88287	0.79106	0.02069	0.71612	0.55586	0.064	0.02955	0.18183	0.04977	0.02382	0.00121	0.10274	0.00124	0.18312	0.0899
0.86956	0.81133	0.01152	0.6081	0.49196	0.06071	0.02893	0.18624	0.04556	0.01546	0.00627	0.08693	0.00128	0.1662	0.07884
0.86366	0.79069	0.02118	0.57942	0.60995	0.06017	0.0326	0.18987	0.05773	0.01674	0.00311	0.12459	0.00092	0.14613	0.08983
0.8907	0.80651	0.01399	0.83791	0.60376	0.05083	0.02813	0.17961	0.04331	0.01565	0.00258	0.13922	0.00149	0.1202	0.10164
0.86328	0.79887	0.01398	0.72643	0.45674	0.04703	0.02991	0.15776	0.04532	0.01419	0.00384	0.06399	0.00098	0.13543	0.08546
0.90924	0.83441	0.01022	0.81141	0.55533	0.04608	0.02834	0.17175	0.04774	0.0167	0.00089	0.07536	0.00158	0.13657	0.08465
0.8767	0.81273	0.0112	0.73515	0.53486	0.04583	0.03357	0.16263	0.04077	0.01639	0.00296	0.08482	0.00151	0.1539	0.09328
0.88206	0.81755	0.01321	0.58794	0.54725	0.0508	0.029	0.18949	0.04448	0.01763	0.00243	0.10534	0.00134	0.09546	0.08799
0.91439	0.83494	0.0103	0.84538	0.59786	0.05243	0.02635	0.19037	0.05772	0.01922	0.00242	0.12343	0.00208	0.13574	0.08913
0.8984	0.83284	0.00808	0.59819	0.60004	0.04898	0.02951	0.18998	0.05112	0.0185	0.00263	0.09612	0.00101	0.14708	0.08905
0.91209	0.82114	0.00789	0.48695	0.54617	0.05601	0.02941	0.17658	0.04843	0.01332	0.0011	0.14583	0.00202	0.13125	0.07966
0.91596	0.83637	0.00864	0.63649	0.50038	0.05195	0.02838	0.1554	0.04223	0.0172	0.00109	0.07372	0.00205	0.15481	0.08308
0.87183	0.79511	0.01281	0.55791	0.5358	0.06033	0.03005	0.17449	0.03866	0.02306	0.00163	0.10933	0.00234	0.14679	0.08412
0.87329	0.81404	0.01168	0.58951	0.57291	0.04985	0.0289	0.19307	0.0452	0.01793	0.00341	0.09015	0.00164	0.11214	0.08254
0.85594	0.82635	0.00788	0.52097	0.55624	0.05694	0.02831	0.20448	0.03497	0.01591	0.00254	0.10102	0.0011	0.14862	0.08316
0.90712	0.81344	0.01145	0.6756	0.63912	0.05802	0.02747	0.1922	0.04608	0.02054	0.00137	0.10453	0.00195	0.15398	0.08985
0.85387	0.79688	0.01405	0.55777	0.54535	0.04266	0.03201	0.16799	0.03621	0.01719	0.00118	0.0837	0.00163	0.18893	0.08718
0.87629	0.80895	0.01301	0.60848	0.58437	0.04438	0.03416	0.16532	0.03437	0.01366	0.00101	0.1097	0.00163	0.15955	0.08174
0.88493	0.82492	0.0119	0.69439	0.57235	0.05265	0.03108	0.17961	0.04094	0.01579	0.0038	0.10153	0.00167	0.15348	0.08969
0.86591	0.86336	0.00981	0.56048	0.61823	0.04529	0.03228	0.19827	0.04393	0.01418	0.00149	0.11154	0.00108	0.17205	0.0771
0.87902	0.8004	0.00875	0.46172	0.55347	0.05252	0.0255	0.18138	0.03971	0.0098	0.00415	0.16885	0.00147	0.12229	0.07937
0.91902	0.88312	0.01413	0.53548	0.58162	0.05078	0.02995	0.21447	0.04567	0.01525	0.00307	0.13957	0.00154	0.15037	0.07678
0.84329	0.80818	0.00896	0.6999	0.40529	0.05827	0.02627	0.13289	0.03553	0.01424	0.00186	0.06567	0.00116	0.11982	0.08133
0.87987	0.82424	0.01167	0.62888	0.56082	0.0529	0.0311	0.18194	0.03774	0.01731	0.00246	0.06885	0.00085	0.18573	0.08255
0.88089	0.82287	0.01147	0.70858	0.59277	0.0478	0.02657	0.18592	0.04183	0.01467	0.00313	0.14318	0.00201	0.12115	0.08508
0.91944	0.86607	0.0114	0.63447	0.55523	0.06599	0.03386	0.18327	0.03739	0.01901	0.00111	0.10731	0.00356	0.14467	0.09577
0.88602	0.87553	0.00875	0.5029	0.55497	0.05227	0.02866	0.16196	0.03923	0.01492	0.00246	0.10202	0.00132	0.11028	0.08058
0.84995	0.78355	0.00929	0.54791	0.60112	0.0534	0.03165	0.17203	0.03238	0.0233	0.00484	0.13209	0.00085	0.18841	0.0865
0.85861	0.81535	0.01178	0.56989	0.5821	0.03561	0.03352	0.18507	0.03253	0.02005	0.00185	0.08731	0.00145	0.10873	0.09358
0.87737	0.83345	0.00775	0.58068	0.50314	0.03898	0.02788	0.17491	0.03591	0.01521	0.00259	0.09339	0.00257	0.14367	0.08859
0.82666	0.78696	0.01113	0.60744	0.59387	0.03891	0.02959	0.18148	0.03846	0.01489	0.0029	0.12482	0.00215	0.14605	0.07578
0.85755	0.80361	0.01523	0.51348	0.57777	0.04844	0.02409	0.19005	0.03383	0.00884	0.00164	0.09569	0.00165	0.14029	0.08739
0.89829	0.78609	0.01489	0.50941	0.56132	0.056	0.029	0.19186	0.03197	0.01391	0.00128	0.08281	0.00105	0.12014	0.07986
0.88777	0.84432	0.00815	0.53769	0.56931	0.05041	0.02963	0.18287	0.04059	0.01608	0.00196	0.14216	0.00291	0.16847	0.09064
0.87139	0.83966	0.01074	0.56003	0.55251	0.05461	0.02583	0.18516	0.04593	0.01435	0.00136	0.13472	0.0012	0.13923	0.09531
0.86329	0.84638	0.01211	0.53858	0.63141	0.04929	0.02211	0.20176	0.0556	0.01232	0.00298	0.1482	0.00257	0.15968	0.0921
0.85267	0.787	0.0098	0.51911	0.52484	0.05315	0.0298	0.16267	0.0378	0.01384	0.00195	0.08277	0.00099	0.14688	0.08509
0.89063	0.83387	0.01123	0.58807	0.57329	0.05324	0.0343	0.18798	0.04151	0.01754	0.00161	0.14576	0.00248	0.14659	0.08604
0.8912	0.83664	0.01033	0.46342	0.51824	0.06136	0.02874	0.20099	0.03708	0.01476	0.0025	0.08327	0.00142	0.1541	0.09289
0.90538	0.83364	0.01131	0.4686	0.58024	0.04697	0.03328	0.19133	0.04387	0.01253	0.00398	0.11385	0.00139	0.12048	0.09791
0.85786	0.83078	0.0114	0.56167	0.52637	0.04186	0.02922	0.21082	0.04005	0.0131	0.00278	0.0824	0.00048	0.1322	0.09209
0.8672	0.8157	0.00832	0.48442	0.57613	0.03996	0.0287	0.17601	0.05042	0.01457	0.00508	0.10443	0.00129	0.18149	0.09233
0.85782	0.80263	0.01148	0.49807	0.59243	0.05445	0.03095	0.1903	0.03743	0.01323	0.0019	0.07944	0.00192	0.12592	0.07699
0.87233	0.82128	0.01047	0.59503	0.59953	0.04031	0.02676	0.19259	0.03998	0.01338	0.00083	0.08504	0.00124	0.14868	0.08346
0.84072	0.78347	0.01177	0.64555	0.62294	0.03481	0.02278	0.19997	0.0436	0.00966	0.00145	0.11475	0.00218	0.10758	0.08386
0.9131	0.87107	0.01327	0.45636	0.5214	0.03313	0.02263	0.1701	0.04641	0.00688	0.00349	0.11382	0.00136	0.11824	0.09671
0.89828	0.86504	0.01485	0.57525	0.57588	0.0432	0.03011	0.18713	0.03653	0.01197	0.00117	0.09659	0.00106	0.10486	0.0835
0.88518	0.84215	0.01105	0.70194	0.55959	0.0413	0.03066	0.17123	0.04267	0.01239	0.00527	0.11212	0.00171	0.14145	0.08887
0.90539	0.8362	0.01144	0.52034	0.5323	0.04363	0.03069	0.18365	0.0392	0.00994	0.00181	0.12465	0.00154	0.17327	0.08704
0.89185	0.77722	0.0119	0.55542	0.51083	0.04359	0.0261	0.21277	0.03373	0.01026	0.00127	0.10331	0.00128	0.18356	0.09314
0.89801	0.84626	0.00722	0.56823	0.54863	0.05263	0.02844	0.19678	0.04131	0.01416	0.00131	0.12427	0.00286	0.11815	0.093
0.86944	0.79461	0.01106	0.51652	0.56406	0.04171	0.02536	0.18252	0.03408	0.00932	0.00347	0.10506	0.00228	0.12847	0.08618
0.90002	0.89988	0.01016	0.57167	0.62987	0.04994	0.02324	0.22317	0.04315	0.01461	0.00118	0.17005	0.00143	0.15734	0.08774
0.85681	0.82855	0.00748	0.52997	0.56376	0.0543	0.02827	0.18458	0.03996	0.0072	0.00459	0.1031	0.00096	0.11894	0.07748
0.89293	0.86487	0.00773	0.48991	0.54523	0.04604	0.02876	0.20198	0.03408	0.0149	0.00297	0.10504	0.00294	0.14551	0.08438
0.89863	0.85717	0.00815	0.66725	0.55353	0.05182	0.02781	0.18989	0.0356	0.01299	0.00114	0.0694	0.00133	0.13873	0.09054
0.85913	0.82425	0.0117	0.52486	0.58823	0.03945	0.02638	0.20804	0.03602	0.01507	0.00125	0.11022	0.00104	0.14091	0.08009
0.84547	0.84985	0.01093	0.44941	0.52688	0.05467	0.02807	0.1815	0.04929	0.01614	0.00175	0.06127	0.00119	0.15301	0.09296
0.90748	0.84754	0.00579	0.5547	0.59202	0.04551	0.02477	0.18714	0.04259	0.01008	0.00472	0.07917	0.00047	0.17273	0.09085
0.84762	0.8371	0.0122	0.4716	0.55047	0.05043	0.02377	0.17883	0.03544	0.01062	0.00235	0.07874	0.00159	0.17597	0.08286
0.87857	0.84186	0.01018	0.44589	0.55172	0.04345	0.0281	0.18037	0.03767	0.01442	0.00168	0.08855	0.00146	0.18719	0.08917
0.84879	0.80339	0.01081	0.51914	0.59361	0.04456	0.03021	0.16412	0.04106	0.01435	0.00031	0.10072	0.00099	0.15727	0.08958
0.89408	0.81564	0.01011	0.43362	0.56953	0.05375	0.02828	0.19483	0.03766	0.01166	0.00132	0.09364	0.00183	0.18819	0.08865
0.87438	0.86272	0.00915	0.47176	0.55113	0.03567	0.03534	0.18134	0.03707	0.00769	0.00341	0.10451	0.00073	0.19575	0.08813
0.91689	0.88882	0.01361	0.59612	0.60654	0.04881	0.02746	0.19966	0.04792	0.00841	0.00104	0.10617	0.00112	0.19592	0.09133
0.89481	0.85016	0.01181	0.50726	0.59078	0.0405	0.02866	0.17344	0.03818	0.01414	0.0019	0.10078	0.00097	0.17291	0.09033
0.89215	0.81672	0.01075	0.56547	0.61531	0.05318	0.02739	0.18932	0.05099	0.01294	0.00229	0.13265	0.00132	0.12476	0.0888
0.86372	0.82664	0.00938	0.71853	0.58706	0.03849	0.02968	0.18324	0.0446	0.00707	0.00233	0.1048	0.00153	0.15723	0.09177
0.8653	0.79938	0.01144	0.43854	0.52585	0.03525	0.03359	0.18289	0.04712	0.00408	0.00157	0.09455	0.00119	0.14562	0.08258
0.79751	0.81176	0.00808	0.54811	0.53753	0.04222	0.02876	0.17989	0.05451	0.00561	0.00263	0.07414	0.00204	0.16784	0.09172
0.89033	0.85195	0.00989	0.58558	0.58443	0.05279	0.02638	0.16591	0.04309	0.00802	0.00105	0.11092	0.0021	0.13933	0.08796
0.87581	0.85868	0.01289	0.51293	0.54474	0.06562	0.02537	0.19913	0.0395	0.01222	0.00164	0.1224	0.00052	0.15529	0.08688
0.88214	0.83137	0.01013	0.52165	0.54134	0.05015	0.02541	0.1888	0.04156	0.01354	0.00224	0.08872	0.00176	0.16298	0.09409
0.89263	0.83305	0.00779	0.50729	0.63337	0.03681	0.02427	0.19336	0.05338	0.00996	0.00686	0.1441	0.00232	0.1341	0.09429
0.88553	0.84041	0.01396	0.49186	0.49797	0.04732	0.02795	0.19303	0.0345	0.01324	0.00329	0.09151	0.00073	0.16213	0.08636
0.91312	0.89523	0.01043	0.50402	0.51512	0.03653	0.02461	0.18458	0.04259	0.01274	0.00224	0.13648	0.00125	0.13657	0.08623
0.87899	0.8706	0.0038	0.49582	0.57162	0.04265	0.02892	0.19676	0.04365	0.01375	0.00098	0.10406	0.00162	0.15385	0.09291
0.88051	0.86791	0.00947	0.46403	0.54693	0.04336	0.02466	0.19574	0.03836	0.01387	0.00089	0.10027	0.0031	0.14214	0.09625
0.89993	0.9057	0.0081	0.38971	0.50484	0.04068	0.02579	0.17941	0.03784	0.00454	0.00154	0.12315	0.00123	0.1308	0.08828
0.89029	0.85642	0.00748	0.40625	0.6018	0.03802	0.02678	0.20909	0.05057	0.01084	0.00518	0.09392	0.00092	0.14876	0.08918
0.87167	0.83521	0.01057	0.39931	0.55474	0.04197	0.03087	0.18317	0.04071	0.00716	0.00633	0.08572	0.00074	0.18697	0.07442
0.92285	0.89653	0.00642	0.44607	0.54703	0.04419	0.02914	0.20926	0.05756	0.00485	0.00073	0.13605	0.00192	0.16171	0.08567
0.90789	0.87032	0.00754	0.42782	0.60501	0.03463	0.02761	0.21167	0.05922	0.01278	0.00252	0.12032	0.00056	0.22773	0.08195
0.88697	0.86211	0.0039	0.43043	0.54955	0.04851	0.02693	0.19579	0.03435	0.01298	0.00185	0.09977	0.00088	0.20778	0.09548
0.83442	0.81436	0.00427	0.4551	0.62422	0.05498	0.02343	0.19391	0.04711	0.01405	0.0012	0.12848	0.00143	0.12058	0.09019
0.83897	0.85806	0.00576	0.42491	0.58393	0.03758	0.02782	0.1832	0.0489	0.01048	0.00148	0.12763	0.00214	0.12688	0.08798
0.88222	0.8718	0.00852	0.46175	0.5464	0.03997	0.02793	0.17972	0.03782	0.00849	0.00258	0.08333	0.00151	0.19802	0.08585
0.88154	0.83358	0.01023	0.51593	0.64546	0.04478	0.02333	0.19055	0.05307	0.01308	0.0012	0.11293	0.0015	0.21933	0.08646
0.83819	0.83151	0.01035	0.42622	0.54775	0.03665	0.02952	0.20026	0.04696	0.01099	0.004	0.09012	0.00147	0.15939	0.08581
0.87958	0.86753	0.0068	0.5117	0.58387	0.04224	0.02992	0.21718	0.04608	0.00758	0.00261	0.11287	0.00049	0.16877	0.08414
0.87351	0.8356	0.00718	0.46935	0.57585	0.04408	0.02978	0.19492	0.03088	0.01231	0.00075	0.11417	0.00077	0.16513	0.09027
0.89076	0.82377	0.00709	0.56477	0.55481	0.05767	0.02859	0.2016	0.04372	0.00671	0.00271	0.12586	0.00088	0.13304	0.09074
0.8598	0.85481	0.00716	0.59269	0.57239	0.04968	0.032	0.19842	0.04452	0.01064	0.0024	0.09549	0.00087	0.11695	0.0939
0.866	0.82937	0.01209	0.54226	0.52298	0.0393	0.02723	0.19228	0.03773	0.00615	0.00158	0.16801	0.00239	0.16503	0.07602
0.93384	0.87305	0.00781	0.60302	0.58267	0.04765	0.02473	0.18006	0.03011	0.00916	0.00202	0.08642	0.00089	0.12697	0.0899
0.89574	0.82683	0.00358	0.43203	0.5353	0.04402	0.02747	0.17735	0.04223	0.01341	0.00131	0.10054	0.00122	0.14153	0.08527
0.90401	0.83487	0.00924	0.37953	0.5218	0.03722	0.02473	0.17876	0.04261	0.00769	0.00186	0.089	0.00163	0.1789	0.09383
0.92911	0.89486	0.00582	0.50061	0.64526	0.04547	0.02215	0.2129	0.04447	0.01483	0.00285	0.10156	0.00171	0.15912	0.09018
0.88243	0.8553	0.00317	0.47184	0.56158	0.04093	0.02853	0.19133	0.04529	0.00969	0.00265	0.15447	0.00149	0.18866	0.08781
0.90415	0.8432	0.0084	0.40709	0.58614	0.04769	0.03029	0.1812	0.0473	0.01295	0.00147	0.10405	0.00199	0.15684	0.09339
0.92336	0.88194	0.00977	0.40347	0.59235	0.04206	0.02969	0.21623	0.05166	0.01258	0.00086	0.09955	0.00101	0.13298	0.09589
0.92318	0.88973	0.00911	0.36536	0.57169	0.04152	0.02602	0.19681	0.04828	0.0113	0.00201	0.14645	0.00229	0.12455	0.08012
0.9218	0.8826	0.0053	0.40951	0.59958	0.04332	0.02197	0.21519	0.03383	0.00922	0.00128	0.10778	0.00142	0.14069	0.08799
0.89266	0.87912	0.00861	0.48272	0.60984	0.04017	0.02483	0.21388	0.04483	0.01202	0.00351	0.13689	0.00149	0.16264	0.08314
0.95209	0.88713	0.00663	0.42035	0.58231	0.05016	0.02554	0.20581	0.04778	0.01128	0.00268	0.11249	0.00241	0.17068	0.07017
0.91924	0.85801	0.00752	0.55021	0.60685	0.03877	0.02664	0.19245	0.04332	0.00792	0.00107	0.13651	0.00126	0.15457	0.09178
0.93585	0.87129	0.00718	0.43559	0.60606	0.04292	0.02466	0.21133	0.05644	0.00768	0.0012	0.13292	0.00166	0.15898	0.07909
0.90462	0.86898	0.00514	0.4857	0.56756	0.04198	0.02494	0.20358	0.04767	0.01274	0.00176	0.1036	0.00082	0.1878	0.09855
0.90156	0.88076	0.00944	0.52438	0.56776	0.04173	0.02843	0.21373	0.04766	0.0111	0.00149	0.1057	0.00233	0.145	0.08054
0.93343	0.86097	0.00613	0.44599	0.59858	0.04573	0.02577	0.21516	0.0444	0.00966	0.0009	0.11793	0.00095	0.18035	0.09091
0.90379	0.88134	0.0067	0.45842	0.62836	0.03632	0.02826	0.21647	0.04864	0.01017	0.00105	0.17981	0.00106	0.14036	0.08239
0.89721	0.88175	0.00516	0.38783	0.54342	0.04257	0.0249	0.2064	0.04396	0.00997	0.00164	0.12354	0.00106	0.12619	0.0884
0.87176	0.88179	0.00952	0.4988	0.54298	0.04172	0.0268	0.1925	0.04184	0.01072	0.00276	0.10787	0.00152	0.16543	0.08423
0.88084	0.84554	0.00656	0.51404	0.55127	0.04379	0.02732	0.17765	0.04411	0.01391	0.0006	0.08974	0.00071	0.15983	0.07115
0.88508	0.83736	0.00858	0.50685	0.59021	0.04443	0.03107	0.18906	0.04629	0.00492	0.00214	0.10421	0.00066	0.13431	0.07919
0.88813	0.82954	0.01553	0.36328	0.56112	0.03698	0.02748	0.18613	0.04103	0.01111	0.00173	0.08732	0.00079	0.17955	0.08277
0.87211	0.85641	0.00342	0.48073	0.58886	0.03726	0.02641	0.20996	0.05337	0.01204	0.00199	0.16991	0.00249	0.13612	0.0872
0.88253	0.85177	0.00667	0.61213	0.53755	0.0516	0.02558	0.18074	0.04525	0.00896	0.00184	0.16588	0.00044	0.17541	0.07724
0.88809	0.83906	0.00631	0.52689	0.56562	0.04219	0.02486	0.16561	0.04489	0.01055	0.00081	0.11869	0.00219	0.2253	0.09895
0.87649	0.84968	0.00776	0.55545	0.55862	0.04241	0.02671	0.18769	0.05329	0.00781	0.00078	0.08871	0.0028	0.31807	0.09644
0.91585	0.86635	0.00484	0.49164	0.58182	0.03733	0.02572	0.19779	0.05406	0.00516	0.00179	0.10117	0.00126	0.17214	0.0856
0.88028	0.8731	0.00788	0.46497	0.50249	0.03991	0.025	0.2159	0.05528	0.00481	0.00086	0.13776	0.00155	0.14502	0.09272
0.88089	0.81919	0.00452	0.54111	0.51712	0.0375	0.02964	0.20044	0.05405	0.00619	0.00105	0.12824	0.00103	0.11891	0.08529
0.89809	0.87091	0.0062	0.39093	0.47235	0.04151	0.02463	0.18332	0.03943	0.00404	0.00145	0.09993	0.00109	0.16968	0.08623
0.90736	0.85154	0.00669	0.39918	0.57086	0.0363	0.02755	0.1654	0.03272	0.01369	0.00228	0.102	0.00038	0.11759	0.08012
0.92654	0.89579	0.00813	0.55212	0.55015	0.03924	0.02422	0.18714	0.04624	0.01041	0.00088	0.10326	0.00268	0.14559	0.08189
0.94945	0.86667	0.00715	0.48976	0.52531	0.03923	0.02341	0.17779	0.05046	0.00877	0.00166	0.10985	0.00239	0.14185	0.09406
0.90985	0.85447	0.00557	0.57689	0.55811	0.04045	0.02703	0.20755	0.04781	0.01237	0.00415	0.1531	0.00236	0.12998	0.08182
0.9147	0.88043	0.0072	0.50434	0.44537	0.05061	0.01958	0.19045	0.04172	0.00666	0.0015	0.07917	0.00119	0.16351	0.08629
0.92596	0.88855	0.00706	0.62802	0.56485	0.0575	0.02658	0.19736	0.03934	0.0118	0.00159	0.12329	0.00292	0.17663	0.08855
0.88693	0.86469	0.00716	0.49123	0.5413	0.0369	0.01859	0.19542	0.03682	0.00816	0.00259	0.12013	0.00353	0.16139	0.08707
0.90699	0.86276	0.00702	0.41624	0.55659	0.04003	0.02262	0.20941	0.04563	0.00702	0.00099	0.10607	0.00148	0.18804	0.0874
0.91389	0.87096	0.00581	0.41	0.47823	0.03858	0.02299	0.19576	0.03911	0.00765	0.0013	0.09315	0.00149	0.16227	0.0786
0.90396	0.85133	0.00695	0.52029	0.5168	0.04621	0.02818	0.17439	0.03864	0.00663	0.00142	0.11103	0.0006	0.15277	0.08859
0.90968	0.86693	0.00498	0.43904	0.51673	0.04163	0.02798	0.18106	0.04768	0.00527	0.00184	0.08744	0.00143	0.17856	0.08269
0.92051	0.86109	0.00792	0.59994	0.5321	0.0418	0.03296	0.18551	0.05503	0.00793	0.00198	0.12062	0.00049	0.14717	0.08054
0.91632	0.84563	0.00674	0.55902	0.57596	0.05251	0.0258	0.20377	0.0511	0.01072	0.00199	0.13126	0.00138	0.20932	0.08532
0.91791	0.86372	0.00416	0.60969	0.47442	0.05433	0.02443	0.18036	0.03624	0.0078	0.00416	0.07628	0.00108	0.13763	0.09399
0.84618	0.83299	0.00853	0.53231	0.47227	0.05675	0.02686	0.18129	0.03347	0.0078	0.00149	0.10165	0.00119	0.14454	0.0902
0.90365	0.86458	0.00759	0.51356	0.56412	0.03273	0.0249	0.19951	0.04335	0.01645	0.00118	0.07006	0.00048	0.14354	0.08603
0.83223	0.77959	0.00584	0.53237	0.51493	0.04301	0.02565	0.18474	0.04964	0.01084	0.0013	0.09722	0.00194	0.1383	0.08948
0.86419	0.82693	0.00645	0.47727	0.54561	0.04076	0.02167	0.19344	0.04483	0.0062	0.00215	0.07522	0.00099	0.18007	0.0745
0.90035	0.87028	0.00986	0.46979	0.58048	0.04872	0.02541	0.18537	0.0391	0.00569	0.00401	0.0864	0.0007	0.16401	0.08536
0.89779	0.8882	0.00759	0.52695	0.51969	0.04107	0.02512	0.19619	0.04338	0.00527	0.00137	0.07017	0.00277	0.15599	0.08994
0.84283	0.82192	0.004	0.50801	0.56877	0.03934	0.02436	0.19378	0.04456	0.01162	0.00301	0.06435	0.00083	0.16431	0.08605
0.91954	0.85374	0.0038	0.61757	0.61532	0.05805	0.02451	0.20618	0.04117	0.00942	0.0025	0.1142	0.0006	0.10249	0.08575
0.88496	0.8158	0.00353	0.42134	0.47525	0.04708	0.03228	0.18949	0.03499	0.01057	0.00111	0.07257	0.00067	0.13551	0.07702
0.86849	0.83031	0.00446	0.40933	0.55135	0.04486	0.02492	0.17257	0.02684	0.0071	0.00101	0.09764	0.00181	0.13139	0.09197
0.92255	0.84565	0.00531	0.53167	0.55731	0.04169	0.0277	0.19615	0.03836	0.00518	0.00221	0.0945	0.00094	0.15328	0.09547
0.91419	0.88552	0.00604	0.4231	0.58429	0.04328	0.02935	0.18724	0.03765	0.00568	0.00184	0.10683	0.00211	0.1627	0.08292
0.89878	0.85603	0.00422	0.44266	0.58308	0.04894	0.02483	0.20484	0.03582	0.01039	0.00382	0.11084	0.00291	0.16186	0.09195
0.86933	0.85936	0.00747	0.55841	0.55908	0.04845	0.03085	0.1998	0.0329	0.01025	0.00187	0.07181	0.00114	0.11602	0.08373
0.87093	0.83953	0.00288	0.4245	0.55885	0.0529	0.03117	0.20586	0.04357	0.00727	0.00215	0.10432	0.00327	0.22038	0.09019
0.874	0.84025	0.00342	0.4458	0.56769	0.06138	0.02438	0.17788	0.04856	0.00517	0.00238	0.06689	0.00122	0.1918	0.10421
0.86345	0.83195	0.00468	0.52587	0.58783	0.0381	0.02587	0.20108	0.03262	0.00757	0.00212	0.12036	0.00064	0.16342	0.08972
0.8884	0.81091	0.00526	0.57011	0.53356	0.0448	0.0234	0.18282	0.03675	0.00918	0.00244	0.07161	0.00196	0.18085	0.10477
0.92155	0.85385	0.0026	0.54631	0.55659	0.04543	0.02417	0.19552	0.04296	0.00894	0.0047	0.08867	0.00105	0.19286	0.08934
0.91245	0.86535	0.0048	0.52363	0.62957	0.04895	0.0243	0.22336	0.05102	0.00869	0.00168	0.15786	0.00097	0.23207	0.09077
0.84311	0.80418	0.00397	0.4177	0.541	0.05079	0.02729	0.20067	0.03444	0.0036	0.001	0.08249	0.00054	0.1576	0.08776
0.91038	0.88344	0.00432	0.41653	0.55712	0.04432	0.02279	0.21473	0.04381	0.00445	0.00133	0.0977	0.00064	0.10485	0.08813
0.90312	0.82744	0.00565	0.50432	0.58851	0.04192	0.0256	0.21778	0.03484	0.00773	0.00158	0.11134	0.00106	0.12045	0.08985
0.9109	0.8484	0.00248	0.39344	0.53492	0.04776	0.02289	0.22061	0.03783	0.00188	0.00229	0.14394	0.002	0.19487	0.08211
0.88244	0.81083	0.00702	0.50619	0.61513	0.04529	0.02886	0.19294	0.04788	0.0076	0.00077	0.105	0.00167	0.14021	0.08772
0.907	0.83834	0.00303	0.39737	0.55564	0.04208	0.02444	0.19667	0.03799	0.00997	0.00239	0.1385	0.00041	0.1922	0.07691
0.91397	0.84338	0.00443	0.42275	0.63847	0.03685	0.02533	0.21257	0.04223	0.01048	0.00202	0.12491	0.00064	0.1484	0.09578
0.88862	0.87331	0.0044	0.50422	0.62153	0.04574	0.02566	0.2006	0.03505	0.00491	0.00136	0.10075	0.00229	0.1493	0.08766
0.90961	0.86033	0.00447	0.35621	0.5815	0.05274	0.01938	0.19531	0.04741	0.0073	0.00157	0.12571	0.00307	0.18351	0.09394
0.86016	0.829	0.00615	0.4006	0.56678	0.05106	0.02657	0.17938	0.03527	0.01002	0.00147	0.09246	0.0026	0.1722	0.09299
0.90544	0.8534	0.00541	0.40863	0.53156	0.04618	0.02798	0.17967	0.04475	0.0022	0.00135	0.10723	0.00095	0.19544	0.08427
0.8486	0.84668	0.00327	0.46852	0.61429	0.04001	0.0289	0.22557	0.04309	0.00216	0.00287	0.07843	0.00131	0.1619	0.08768
0.8126	0.79982	0.00308	0.44628	0.54609	0.03677	0.02574	0.18836	0.03567	0.00641	0.00216	0.06837	0.00148	0.19992	0.08631
0.83671	0.82242	0.00306	0.35555	0.53591	0.04045	0.02725	0.21113	0.02916	0.00729	0.00192	0.10535	0.00086	0.16978	0.08682
0.88459	0.8361	0.00442	0.33937	0.59039	0.06041	0.02619	0.19152	0.04177	0.00491	0.00146	0.10278	0.00045	0.19024	0.07993
0.87166	0.83831	0.00156	0.36667	0.59608	0.04776	0.02457	0.20943	0.03296	0.00759	0.00135	0.14212	0.00116	0.17059	0.10036
0.92485	0.84841	0.00574	0.34011	0.57434	0.05338	0.02199	0.19293	0.04354	0.01019	0.00184	0.09073	0.00103	0.21667	0.07828
0.86148	0.80663	0.00266	0.44471	0.55577	0.04162	0.02281	0.20804	0.03853	0.00618	0.00097	0.10963	0.00101	0.13791	0.07996
0.8669	0.85952	0.00561	0.40922	0.5405	0.06001	0.02248	0.19487	0.04672	0.00222	0.00147	0.10973	0.00142	0.20284	0.08555
0.91003	0.8507	0.0023	0.41019	0.58044	0.04014	0.02466	0.18841	0.03498	0.00302	0.00238	0.1333	0.00041	0.13973	0.0864
0.85462	0.83866	0.00255	0.41539	0.48875	0.05102	0.02457	0.17164	0.03678	0.00539	0.00146	0.07828	0.00078	0.18394	0.08533
0.8867	0.87237	0.00272	0.36294	0.52021	0.04822	0.02189	0.18485	0.04181	0.00713	0.00186	0.08537	0.00315	0.17762	0.08573
0.79941	0.84553	0.00468	0.53631	0.64193	0.06715	0.02142	0.2169	0.03781	0.00828	0.00161	0.11065	0.00075	0.20509	0.08412
0.85974	0.80267	0.00807	0.4684	0.53527	0.0487	0.02299	0.18468	0.04775	0.00606	0.00295	0.12454	0.00062	0.15537	0.07785
0.83543	0.81285	0.00383	0.51486	0.45837	0.04704	0.02559	0.1559	0.03864	0.00891	0.0025	0.08586	0.00145	0.16705	0.07573
0.83236	0.81228	0.00488	0.49131	0.52032	0.05216	0.02709	0.16805	0.04486	0.00495	0.00369	0.09807	0.00121	0.14339	0.08801
0.78304	0.82359	0.0033	0.56555	0.56893	0.05391	0.01966	0.17501	0.05154	0.00354	0.00157	0.11457	0.00109	0.17475	0.09053
0.8485	0.79268	0.00327	0.52931	0.57202	0.04903	0.02019	0.21306	0.05338	0.00218	0.00202	0.15782	0.00101	0.16599	0.07058
0.79616	0.80858	0.00178	0.44837	0.52915	0.04574	0.025	0.18255	0.05187	0.00561	0.00099	0.10744	0.00103	0.17181	0.0842
0.85651	0.81122	0.00229	0.46241	0.54178	0.05116	0.02421	0.19256	0.05038	0.00418	0.00433	0.0997	0.00115	0.17816	0.09241
0.86556	0.82268	0.00609	0.45419	0.56191	0.04867	0.02231	0.18881	0.03499	0.00494	0.00265	0.12216	0.00246	0.1824	0.09103
0.8494	0.82804	0.00582	0.53632	0.54286	0.05969	0.02782	0.20128	0.05149	0.00928	0.00335	0.13141	0.00144	0.16008	0.0852
0.83555	0.81055	0.00491	0.48431	0.54823	0.04545	0.02407	0.21195	0.03062	0.00177	0.00115	0.16008	0.00332	0.17388	0.07821
0.88704	0.85353	0.00128	0.4268	0.57677	0.05309	0.01964	0.20591	0.04771	0.00678	0.00088	0.12417	0.00098	0.28531	0.08685
0.84014	0.77353	0.00231	0.45603	0.49014	0.05598	0.0245	0.2015	0.05137	0.01113	0.00256	0.08545	0.00063	0.20805	0.07596
0.86047	0.80518	0.00243	0.5125	0.4613	0.04992	0.02495	0.20679	0.04808	0.0047	0.0013	0.13591	0.00102	0.14147	0.08984
0.8316	0.82423	0.00176	0.40862	0.50377	0.04597	0.02162	0.1846	0.0561	0.00585	0.002	0.10507	0.00178	0.14689	0.08594
0.86283	0.78739	0.00626	0.4578	0.53281	0.05061	0.02727	0.18063	0.04055	0.00473	0.00351	0.07686	0.00277	0.18228	0.08972
0.8698	0.8134	0.00224	0.41014	0.62974	0.05342	0.02231	0.20713	0.04049	0.00519	0.00376	0.11935	0.00188	0.21766	0.08656
0.82343	0.78636	0.00454	0.41441	0.46779	0.05607	0.023	0.18694	0.04071	0.00327	0.00119	0.12691	0.00082	0.19966	0.07501
0.87094	0.8452	0.00084	0.48298	0.54523	0.041	0.02375	0.18345	0.05744	0.01002	0.00253	0.10465	0.00147	0.14408	0.08578
0.81414	0.80996	0.00141	0.48183	0.44723	0.05123	0.02344	0.18726	0.04326	0.0071	0.00119	0.11711	0.00226	0.1729	0.08533
0.81801	0.78792	0.00585	0.51684	0.53916	0.04807	0.02478	0.2067	0.04268	0.00425	0.0015	0.10396	0.00252	0.14753	0.08923
0.88157	0.82159	0.00141	0.52386	0.57717	0.05153	0.02827	0.22202	0.04535	0.00426	0.00324	0.10455	0.00159	0.22782	0.07798
0.85858	0.82708	0.0012	0.45721	0.57753	0.04491	0.02231	0.24986	0.05098	0.00185	0.00205	0.16724	0.00238	0.1698	0.07954
0.80926	0.81231	0.00593	0.47177	0.46756	0.04536	0.02683	0.19233	0.04691	0.0026	0.00316	0.12625	0.001	0.15955	0.08834
0.84071	0.8208	0.00569	0.45026	0.48821	0.04687	0.02821	0.18726	0.04289	0.00422	0.00229	0.10825	0.00156	0.09773	0.08479
0.80046	0.79261	0.00247	0.50715	0.49975	0.04012	0.02443	0.17535	0.05054	0.00168	0.00121	0.0939	0.00226	0.16621	0.07635
0.84579	0.78795	0.00142	0.41705	0.45154	0.04309	0.0236	0.18506	0.04825	0.0082	0.00285	0.08996	0.00078	0.13443	0.07628
0.8857	0.82846	0.00206	0.46392	0.52414	0.04777	0.02858	0.20092	0.05305	0.00688	0.00196	0.11128	0.00248	0.17294	0.08343
0.86965	0.83771	0.00769	0.45412	0.54928	0.04492	0.02745	0.19239	0.04888	0.00728	0.00148	0.1125	0.0036	0.19002	0.07787
0.88055	0.82987	0.00212	0.47966	0.53338	0.04699	0.02294	0.21102	0.04558	0.00905	0.00206	0.10123	0.00063	0.15696	0.07983
0.88911	0.80774	0.00158	0.50108	0.51524	0.04751	0.02118	0.17633	0.03923	0.00676	0.0009	0.10497	0.00161	0.13742	0.0875
0.87065	0.80212	0.00396	0.46083	0.57887	0.04282	0.02556	0.19625	0.04006	0.00214	0.00247	0.10436	0.001	0.15489	0.08019
0.8747	0.80904	0.00235	0.49169	0.59354	0.04578	0.02625	0.22661	0.04765	0.00425	0.0018	0.14262	0.00168	0.14234	0.08101
0.80829	0.80085	0.00086	0.50396	0.51897	0.03861	0.01621	0.17383	0.0394	0.00278	0.00116	0.11965	0.00181	0.14442	0.08383
0.91413	0.83811	0.00249	0.57068	0.57449	0.04849	0.0279	0.19703	0.04636	0.00744	0.00132	0.11677	0.00176	0.16258	0.07816
0.87434	0.82114	0.00445	0.46203	0.55001	0.03921	0.02447	0.20567	0.04196	0.00199	0.00088	0.12182	0.00289	0.10045	0.08476
0.87034	0.83801	0.00503	0.48754	0.56903	0.04154	0.02241	0.19443	0.06316	0.00605	0.00134	0.09678	0.00052	0.15725	0.08748
0.85972	0.82762	0.00255	0.52423	0.58393	0.04512	0.02014	0.21769	0.04671	0.00599	0.00131	0.10807	0.00345	0.147	0.09393
0.86762	0.82548	0.00237	0.45665	0.5578	0.04099	0.02975	0.21361	0.04542	0.00742	0.00139	0.13967	0.00081	0.17503	0.07383
0.8143	0.7888	0.00212	0.48899	0.54415	0.04617	0.02225	0.19821	0.03724	0.00539	0.00121	0.15608	0.00124	0.15922	0.09124
0.81862	0.77795	0.00206	0.5567	0.48223	0.05227	0.02541	0.20125	0.04393	0.00293	0.00332	0.06474	0.00148	0.13073	0.08092
0.8728	0.80357	0.00363	0.63788	0.59372	0.04363	0.02449	0.19862	0.03825	0.00313	0.00164	0.09474	0.00062	0.15494	0.08968
0.8162	0.80065	0.00192	0.51487	0.49923	0.04831	0.01881	0.21624	0.03464	0.0049	0.00419	0.07818	0.00319	0.1209	0.08235
0.84597	0.81241	0.00291	0.45747	0.47988	0.04983	0.02221	0.19995	0.04491	0.00377	0.00156	0.0868	0.00132	0.1674	0.07472
0.85546	0.83601	0.00406	0.49467	0.4745	0.04789	0.02606	0.20201	0.04608	0.00347	0.00325	0.1081	0.00146	0.14711	0.08519
0.90744	0.82161	0.00543	0.4705	0.58424	0.04681	0.02012	0.20482	0.04473	0.00155	0.00297	0.11964	0.00133	0.19976	0.09732
0.91414	0.85725	0.00429	0.53234	0.49088	0.04631	0.02497	0.19088	0.05539	0.00598	0.00154	0.14028	0.00155	0.26692	0.08864
0.86736	0.82021	0.00186	0.5358	0.52405	0.04984	0.01737	0.19604	0.03881	0.00708	0.00202	0.09707	0.00127	0.22485	0.08172
0.87622	0.82956	0.00467	0.42105	0.44317	0.04374	0.02361	0.19467	0.04348	0.00402	0.00267	0.09293	0.00096	0.18527	0.09104
0.89703	0.84845	0.00235	0.55569	0.57584	0.04174	0.02107	0.18947	0.04456	0.00507	0.00301	0.10085	0.00101	0.2249	0.08031
0.88956	0.84242	0.00335	0.43828	0.48151	0.05955	0.02875	0.20124	0.04258	0.00229	0.00266	0.10665	0.00199	0.19144	0.08866
0.84189	0.84316	0.0031	0.46004	0.47811	0.0454	0.02396	0.20695	0.04356	0.00164	0.0017	0.12175	0.00232	0.15758	0.08089
0.84862	0.82205	0.00306	0.41716	0.56206	0.04479	0.02561	0.22019	0.04595	0.00353	0.0017	0.12811	0.00123	0.18705	0.08453
0.87674	0.80218	0.00277	0.39923	0.50255	0.05034	0.02255	0.19951	0.04243	0.00562	0.00249	0.12897	0.00186	0.17663	0.08324
0.8768	0.86783	0.00325	0.39585	0.5278	0.06407	0.02473	0.20248	0.04628	0.00663	0.00362	0.12245	0.00057	0.18682	0.08455
0.91448	0.87825	0.0019	0.42885	0.57708	0.04699	0.02422	0.199	0.05266	0.00296	0.00241	0.10923	0.00159	0.14423	0.07084
0.88331	0.83684	0.0022	0.4924	0.56802	0.05294	0.02596	0.21168	0.04679	0.0043	0.00293	0.12518	0.00128	0.15867	0.09874
0.84487	0.82405	0.00129	0.40005	0.48959	0.04544	0.0221	0.20285	0.03501	0.00572	0.00251	0.10362	0.00171	0.18054	0.08242
0.82999	0.81181	0.00159	0.50866	0.49658	0.0497	0.02832	0.20199	0.03892	0.00304	0.00125	0.10488	0.00104	0.16725	0.0993
0.85025	0.84039	0.00096	0.46667	0.45598	0.05521	0.02602	0.17735	0.03966	0.00424	0.00137	0.11279	0.00117	0.16346	0.08831
0.83995	0.79443	0.005	0.45925	0.60511	0.04591	0.0235	0.21449	0.04057	0.00465	0.00155	0.14555	0.0015	0.16319	0.08439
0.84206	0.83005	0.00142	0.45658	0.58553	0.05205	0.02811	0.23779	0.04269	0.00597	0.00261	0.11465	0.0017	0.137	0.09444
0.79563	0.81494	0.00078	0.41329	0.59012	0.05063	0.02676	0.18456	0.04755	0.00168	0.00501	0.12479	0.0007	0.13786	0.10036
0.7908	0.77347	0.00127	0.49134	0.53001	0.04747	0.0221	0.1839	0.04094	0.01	0.00226	0.12541	0.00087	0.13266	0.09343
0.8083	0.78876	0.00216	0.44623	0.56268	0.04376	0.02176	0.18099	0.05561	0.00589	0.00167	0.13294	0.00071	0.17262	0.0933
0.79411	0.7835	0.00602	0.46636	0.49213	0.04471	0.01914	0.178	0.04933	0.00232	0.00431	0.09907	0.00168	0.12208	0.08785
0.86509	0.78804	0.00307	0.45874	0.52139	0.05008	0.02684	0.19366	0.04278	0.00332	0.00071	0.15357	0.00119	0.11415	0.07539
0.92402	0.84498	0.00193	0.38394	0.56525	0.05017	0.02154	0.18753	0.03964	0.00821	0.00131	0.13561	0.00292	0.11744	0.08557
0.838	0.81083	0.00392	0.54651	0.53876	0.04387	0.02278	0.15601	0.03692	0.00497	0.00223	0.09324	0.00061	0.13156	0.09396
0.8712	0.8489	0.00448	0.41451	0.63313	0.03391	0.0245	0.20467	0.04942	0.0027	0.00315	0.15305	0.00048	0.12087	0.08664
0.84956	0.79862	0.00211	0.4612	0.53154	0.04216	0.02173	0.15122	0.0341	0.00277	0.00357	0.11002	0.00107	0.11477	0.09753
0.84265	0.83059	0.00236	0.38959	0.53856	0.04572	0.02451	0.19929	0.03862	0.00317	0.00206	0.11001	0.00247	0.12654	0.07811
0.86478	0.8351	0.00111	0.40547	0.51854	0.04654	0.02543	0.2003	0.03755	0.00245	0.00172	0.09306	0.00082	0.14723	0.08646
0.83629	0.81711	0.00324	0.48594	0.52741	0.04839	0.02686	0.21373	0.04696	0.00687	0.00091	0.13927	0.00198	0.15607	0.08302
0.837	0.81737	0.00223	0.45532	0.51894	0.03696	0.02844	0.21735	0.04569	0.00378	0.00069	0.13304	0.00115	0.2083	0.07424
0.81542	0.80814	0.00201	0.50463	0.5096	0.05407	0.02306	0.18772	0.04649	0.00333	0.00352	0.1145	0.00056	0.18474	0.08511
0.87291	0.81752	0.00261	0.56174	0.50706	0.04692	0.02276	0.18703	0.0453	0.00161	0.00244	0.09758	0.00071	0.22768	0.09163
0.82111	0.79817	0.00162	0.59394	0.49938	0.04573	0.0302	0.18916	0.03081	0.00079	0.00166	0.09691	0.00133	0.15587	0.08339
0.86502	0.77745	0.00292	0.55852	0.52318	0.03933	0.02119	0.1772	0.03356	0.00201	0.0026	0.07913	0.00088	0.14738	0.09289
0.85651	0.81075	0.0022	0.52187	0.52604	0.04746	0.02673	0.18164	0.04455	0.00573	0.00241	0.09765	0.00226	0.22087	0.09167
0.80605	0.7985	0.00273	0.52899	0.5085	0.03576	0.02267	0.21014	0.03961	0.0031	0.00124	0.11945	0.00154	0.17478	0.0804
0.82029	0.78412	0.00308	0.5618	0.58145	0.04948	0.02731	0.19814	0.04303	0.00516	0.00158	0.10318	0.0024	0.18466	0.08399
0.85792	0.7832	0.00257	0.57945	0.56306	0.04253	0.02796	0.1913	0.0348	0.00308	0.00254	0.10833	0.00085	0.16891	0.09463
0.83555	0.79674	0.00248	0.52156	0.47097	0.04116	0.02244	0.1747	0.03529	0.00202	0.00142	0.08735	0.00253	0.13762	0.09358
0.79985	0.80604	0.00363	0.67695	0.55659	0.05325	0.02656	0.21407	0.05215	0.00335	0.00097	0.11921	0.00151	0.14609	0.07989
0.8412	0.78664	0.00471	0.49309	0.53992	0.04091	0.0266	0.18284	0.04749	0.00468	0.0016	0.10497	0.00114	0.12366	0.0874
0.80881	0.79161	0.00092	0.60201	0.55243	0.05236	0.02684	0.16805	0.05184	0.00322	0.00115	0.10496	0.0013	0.14728	0.08104
0.81178	0.79851	0.00149	0.51796	0.57938	0.04056	0.02399	0.19666	0.04519	0.00555	0.00113	0.07312	0.00107	0.16241	0.08028
0.81872	0.75163	0.00131	0.46388	0.51598	0.0606	0.0289	0.21607	0.04043	0.00377	0.00161	0.09813	0.00139	0.166	0.08963
0.83056	0.7743	0.00125	0.55945	0.61124	0.04216	0.02397	0.20514	0.03547	0.00573	0.0017	0.13335	0.00157	0.18071	0.08639
0.82529	0.75487	0.00148	0.45636	0.54418	0.05021	0.02827	0.25743	0.05072	0.00618	0.00154	0.11998	0.00135	0.13815	0.08593
0.86118	0.80058	0.00479	0.43646	0.48518	0.04864	0.02607	0.19478	0.03301	0.00154	0.00169	0.0907	0.00074	0.16376	0.0793
0.82996	0.76506	0.00176	0.45809	0.55726	0.05585	0.02319	0.21521	0.04289	0.00226	0.00242	0.09655	0.00157	0.1825	0.09037
0.84685	0.76039	0.00263	0.43638	0.54819	0.05332	0.02762	0.21589	0.04216	0.00293	0.00219	0.1104	0.00254	0.11256	0.08786
0.81892	0.7494	0.00267	0.39546	0.61549	0.04396	0.02517	0.17355	0.03231	0.00097	0.00184	0.06689	0.00165	0.10438	0.08865
0.75877	0.74797	0.00203	0.43115	0.5829	0.04025	0.02479	0.18369	0.04064	0.00249	0.00234	0.11482	0.0017	0.11471	0.09797
0.80853	0.79266	0.00341	0.46425	0.54314	0.04549	0.0271	0.19822	0.03528	0.00685	0.00164	0.10763	0.00075	0.12019	0.09629
0.73739	0.74561	0.00155	0.53282	0.54497	0.04392	0.02862	0.18478	0.04168	0.00657	0.00325	0.10397	0.00194	0.10552	0.08266
0.76136	0.74143	0.00106	0.52751	0.45936	0.04539	0.02307	0.18191	0.0438	0.00393	0.00415	0.09583	0.0017	0.20485	0.10333
0.84601	0.79808	0.00323	0.42655	0.57349	0.04146	0.02235	0.19208	0.04469	0.00424	0.00389	0.12399	0.00079	0.17753	0.09616
0.77266	0.76693	0.00092	0.39305	0.56002	0.05114	0.02467	0.19242	0.03597	0.00718	0.0024	0.11722	0.0014	0.14684	0.08364
0.84201	0.78139	0.00141	0.43768	0.56993	0.0433	0.01979	0.20858	0.05384	0.00118	0.00286	0.1246	0.00135	0.17743	0.10917
0.87239	0.77804	0.00543	0.50492	0.56342	0.04795	0.02027	0.23539	0.0517	0.00444	0.00091	0.13915	0.00209	0.16294	0.11042
0.86857	0.79037	0.00154	0.43732	0.53565	0.0451	0.02652	0.22297	0.04096	0.00198	0.00295	0.11809	0.00281	0.13572	0.091
0.80207	0.745	0.00167	0.5248	0.49826	0.03791	0.02629	0.17341	0.04772	0.00306	0.0041	0.09475	0.00234	0.10955	0.09358
0.8028	0.76635	0.00192	0.48616	0.46921	0.0477	0.01995	0.19288	0.03561	0.00609	0.00242	0.0983	0.00221	0.13798	0.08577
0.8715	0.8217	0.00108	0.41172	0.54892	0.06776	0.02165	0.25269	0.04988	0.0008	0.00193	0.13216	0.00173	0.13895	0.07999
0.84153	0.80495	0.00102	0.45229	0.56405	0.04104	0.02828	0.2129	0.04416	0.00637	0.00334	0.08821	0.00163	0.12987	0.08178
0.82408	0.83223	0.00215	0.39132	0.55124	0.04645	0.02751	0.21192	0.04635	0.00385	0.0013	0.07889	0.0016	0.1369	0.09035
0.755	0.76819	0.00128	0.47408	0.51739	0.05078	0.02132	0.19607	0.05141	0.00135	0.00228	0.11963	0.00242	0.14832	0.07891
0.75609	0.77632	0.00565	0.37635	0.51913	0.04718	0.0206	0.18781	0.04357	0.00524	0.00266	0.09769	0.00108	0.1282	0.09291
0.78341	0.76467	0.00504	0.49472	0.35284	0.04306	0.03115	0.17314	0.03914	0.00786	0.00308	0.10902	0.00314	0.12748	0.08866
0.76732	0.77081	0.00377	0.48358	0.485	0.04558	0.02899	0.20622	0.05736	0.00585	0.00231	0.12189	0.00327	0.16553	0.09245
0.8281	0.80223	0.00241	0.43294	0.50071	0.04534	0.01804	0.15989	0.04125	0.00378	0.00399	0.08488	0.00135	0.13813	0.08271
0.80759	0.79844	0.00304	0.39044	0.56498	0.04129	0.0252	0.18607	0.04232	0.00169	0.00513	0.10377	0.00094	0.12667	0.0886
0.8402	0.79725	0.00462	0.41493	0.57483	0.04026	0.02025	0.207	0.05647	0.00165	0.0029	0.08937	0.00079	0.14563	0.0856
0.75391	0.73048	0.00112	0.47148	0.45894	0.04375	0.02484	0.1886	0.03971	0.00523	0.00451	0.10514	0.00235	0.12893	0.09248
0.84956	0.78814	0.00442	0.38387	0.45751	0.04788	0.02361	0.21395	0.03973	0.00524	0.00221	0.09897	0.00135	0.14857	0.08733
0.82608	0.82497	0.00226	0.43404	0.52092	0.04596	0.02767	0.20215	0.04006	0.00685	0.00229	0.13008	0.001	0.12618	0.09267
0.84381	0.83709	0.00168	0.55489	0.58473	0.04675	0.02464	0.19721	0.04066	0.00204	0.00275	0.14002	0.0013	0.14635	0.07905
0.8522	0.79776	0.00241	0.45619	0.6101	0.04373	0.02608	0.21188	0.0444	0.00137	0.00477	0.16202	0.00274	0.11252	0.09358
0.78378	0.77515	0.00919	0.41313	0.56966	0.05146	0.02394	0.18968	0.04222	0.0012	0.0045	0.11818	0.0026	0.11208	0.09879
0.73275	0.76126	0.00279	0.54054	0.50946	0.04837	0.02296	0.14537	0.0327	0.00242	0.00479	0.07957	0.00205	0.16251	0.08535
0.79864	0.80121	0.002	0.41856	0.59461	0.04535	0.02051	0.20744	0.04479	0.00387	0.00276	0.13572	0.00215	0.13332	0.09366
0.78106	0.7792	0.00198	0.49416	0.54638	0.05247	0.0226	0.15079	0.03783	0.00282	0.00353	0.08707	0.0016	0.1063	0.09491
0.79934	0.74402	0.00481	0.42626	0.46815	0.05076	0.02357	0.19858	0.04127	0.00855	0.00328	0.13634	0.00101	0.11631	0.08528
0.81229	0.77645	0.00482	0.45432	0.51314	0.04341	0.02659	0.20251	0.0493	0.00226	0.00228	0.12107	0.00081	0.15861	0.09825
0.82124	0.79933	0.00325	0.481	0.51533	0.05125	0.02395	0.20191	0.04448	0.00806	0.00329	0.16728	0.00115	0.1266	0.10151
0.77185	0.78877	0.00285	0.43414	0.53578	0.04871	0.02493	0.22366	0.03618	0.00506	0.00327	0.10519	0.00152	0.13199	0.09608
0.79401	0.81251	0.00138	0.51364	0.49056	0.04479	0.02643	0.2139	0.04527	0.00708	0.00424	0.10483	0.00286	0.15792	0.09768
0.82299	0.8222	0.00188	0.45051	0.51953	0.05305	0.02377	0.22477	0.04284	0.00712	0.00902	0.11577	0.00117	0.14844	0.09378
0.65817	0.71674	0.00215	0.51771	0.40597	0.04948	0.02993	0.19567	0.04057	0.0026	0.0029	0.10487	0.0021	0.11229	0.07736
0.77114	0.80704	0.0011	0.37984	0.54971	0.0417	0.02364	0.19016	0.04399	0.00208	0.00636	0.10547	0.00104	0.12497	0.08718
0.83628	0.80107	0.00096	0.41005	0.55898	0.04232	0.02285	0.21787	0.04566	0.00177	0.00351	0.13091	0.00395	0.14337	0.09091
0.82671	0.78628	0.00115	0.48734	0.52406	0.04843	0.02608	0.23156	0.05652	0.00262	0.00148	0.15441	0.00144	0.14409	0.0859
0.82388	0.80334	0.00538	0.44319	0.50585	0.04402	0.02296	0.168	0.04111	0.00361	0.00234	0.15629	0.00178	0.14937	0.09503
0.82393	0.80468	0.00298	0.4199	0.62219	0.04634	0.02542	0.21204	0.04403	0.00585	0.00915	0.16841	0.00105	0.14887	0.0888
0.83276	0.79465	0.00116	0.45225	0.57025	0.04587	0.02685	0.19321	0.04086	0.00433	0.00202	0.11923	0.00085	0.13623	0.09088
0.84177	0.82362	0.0016	0.50517	0.48254	0.05079	0.02239	0.21005	0.03984	0.00678	0.00831	0.09148	0.00261	0.12748	0.08168
0.81346	0.78365	0.00187	0.47855	0.55086	0.03817	0.02364	0.20977	0.04376	0.00213	0.00279	0.15169	0.00106	0.12017	0.09398
0.85085	0.78596	0.00386	0.48633	0.47891	0.05004	0.0215	0.18651	0.03228	0.00472	0.00317	0.10604	0.00093	0.18079	0.09788
0.78156	0.80986	0.00366	0.60098	0.48782	0.04703	0.02273	0.21976	0.03861	0.00451	0.00583	0.11026	0.00086	0.14427	0.10919
0.79957	0.80412	0.00104	0.4481	0.51522	0.04087	0.02826	0.22391	0.05375	0.00198	0.0048	0.11247	0.00168	0.13328	0.09195
0.80431	0.80554	0.00255	0.54263	0.49498	0.05143	0.03432	0.22262	0.05236	0.00182	0.00191	0.12088	0.00237	0.11654	0.08851
0.8564	0.83392	0.00334	0.40549	0.53543	0.03965	0.02155	0.20974	0.05057	0.00117	0.00434	0.13211	0.0012	0.11342	0.1038
0.7912	0.77	0.00085	0.50007	0.57736	0.04671	0.02883	0.20618	0.04194	0.00499	0.00363	0.10144	0.00045	0.10411	0.08457
0.8071	0.76833	0.00242	0.46917	0.58556	0.04437	0.02471	0.20961	0.04998	0.00187	0.0041	0.11515	0.0011	0.14157	0.09632
0.82792	0.79586	0.00211	0.4734	0.48873	0.05934	0.02994	0.22935	0.04738	0.00674	0.00503	0.12576	0.00177	0.12252	0.1064
0.81246	0.8249	0.00328	0.50363	0.60647	0.04387	0.02665	0.20347	0.03595	0.00227	0.00409	0.13839	0.00116	0.10881	0.0808
0.85305	0.8072	0.00197	0.43981	0.55477	0.05214	0.02934	0.26504	0.04222	0.00479	0.00499	0.11709	0.00135	0.12202	0.10189
0.84543	0.81011	0.00245	0.48005	0.48434	0.05592	0.02124	0.25004	0.05078	0.00271	0.00161	0.09962	0.00091	0.13501	0.07846
0.82299	0.79612	0.00215	0.4134	0.56761	0.04471	0.02432	0.26209	0.05382	0.0062	0.00322	0.11192	0.00545	0.17483	0.09055
0.78535	0.79076	0.00225	0.43109	0.57224	0.03802	0.02363	0.24615	0.0483	0.0018	0.00735	0.12793	0.00063	0.13341	0.09451
0.772	0.7833	0.00223	0.38388	0.43052	0.04787	0.02368	0.20581	0.05194	0.00825	0.00731	0.07985	0.00127	0.1318	0.0844
0.83084	0.83405	0.00204	0.4941	0.48951	0.04837	0.02601	0.22549	0.03543	0.00289	0.00491	0.1239	0.00111	0.19015	0.09257
0.80554	0.77943	0.00167	0.43915	0.53977	0.0494	0.02092	0.21228	0.03706	0.00316	0.00369	0.10872	0.0011	0.1554	0.10529
0.72893	0.7455	0.00305	0.48244	0.45074	0.0515	0.02306	0.18401	0.03677	0.00319	0.00266	0.1201	0.00068	0.13808	0.0855
0.77467	0.7628	0.00235	0.59876	0.64247	0.04642	0.01959	0.22236	0.05524	0.00158	0.00493	0.10631	0.00142	0.17156	0.09562
0.77929	0.78758	0.00129	0.56327	0.56555	0.04154	0.02603	0.24878	0.03755	0.00564	0.00495	0.09245	0.00098	0.18507	0.10561
0.80359	0.77511	0.00201	0.4475	0.60029	0.04732	0.02561	0.20595	0.04305	0.0017	0.0041	0.09193	0.00111	0.15557	0.09834
0.78788	0.80693	0.00246	0.48352	0.57607	0.04885	0.02099	0.20316	0.04466	0.00658	0.00109	0.10345	0.00051	0.17636	0.08631
0.80715	0.81225	0.00349	0.42574	0.47238	0.03974	0.02723	0.21157	0.04378	0.00174	0.00403	0.10974	0.00225	0.16349	0.10645
0.77508	0.79042	0.00536	0.45273	0.5406	0.0473	0.02759	0.20333	0.03824	0.00294	0.0031	0.08165	0.00193	0.11478	0.08787
0.77157	0.78006	0.00235	0.36195	0.54452	0.04208	0.02399	0.17896	0.03846	0.00325	0.00493	0.09788	0.00124	0.13164	0.08749
0.87238	0.8388	0.00219	0.42956	0.44095	0.04697	0.02231	0.19833	0.04452	0.00183	0.00576	0.08539	0.0005	0.15117	0.08245
0.70839	0.74335	0.00128	0.48839	0.46916	0.04587	0.02469	0.16189	0.03085	0.00301	0.00606	0.07791	0.00133	0.11551	0.07708
0.85813	0.80936	0.0031	0.52721	0.54894	0.05374	0.02189	0.20709	0.04867	0.00104	0.00418	0.11536	0.00183	0.18936	0.09074
0.85399	0.80835	0.00102	0.41306	0.52578	0.04808	0.02566	0.22405	0.04419	0.00328	0.00656	0.13069	0.00062	0.10894	0.08539
0.81797	0.79491	0.00198	0.53902	0.52368	0.05427	0.02293	0.20101	0.04032	0.00409	0.00248	0.0856	0.00076	0.11788	0.07086
0.80689	0.78108	0.00233	0.48748	0.50044	0.05569	0.02551	0.1755	0.03555	0.00728	0.00285	0.08691	0.00081	0.11214	0.08376
0.83293	0.82805	0.00106	0.40292	0.48659	0.04737	0.02189	0.2124	0.04453	0.00854	0.00298	0.09715	0.0013	0.15688	0.09851
