mass_1	mass_2	phase	time	distance	a_1	a_2	tilt_1	tilt_2	phi_12	phi_jl	theta_jn	psi	ra	dec
0.52676	0.47236	0.04514	1.00688	0.24963	0.05431	0.04346	0.05469	0.02853	0.05108	0.20499	0.45642	0.04481	1.08741	0.70276
0.52234	0.45323	0.04992	0.98442	0.25938	0.05237	0.04634	0.04501	0.03179	0.0459	0.19731	0.46681	0.04481	1.00715	0.71667
0.53509	0.46688	0.04509	0.96038	0.23875	0.05021	0.04815	0.04301	0.03877	0.04187	0.22149	0.44134	0.04869	1.01905	0.73065
0.52369	0.47236	0.04458	1.05586	0.24014	0.04877	0.05062	0.03894	0.03326	0.04971	0.20519	0.45729	0.05173	1.12068	0.72829
0.55209	0.45476	0.05011	0.92589	0.27199	0.0404	0.05133	0.05734	0.02705	0.03649	0.19147	0.46027	0.05462	1.15219	0.73515
0.53043	0.48603	0.04548	1.07699	0.25744	0.04478	0.05382	0.02658	0.02984	0.04186	0.19836	0.42987	0.04236	1.93361	0.72843
0.55033	0.45994	0.05018	0.95855	0.27877	0.04978	0.05208	0.04988	0.034	0.05172	0.20935	0.4262	0.04791	1.94785	0.73515
0.50902	0.47848	0.04464	1.19835	0.30869	0.05169	0.05229	0.05041	0.0287	0.05119	0.21876	0.43901	0.04607	1.05349	0.73651
0.51538	0.45069	0.04716	1.00041	0.28946	0.04924	0.04503	0.05199	0.0331	0.04515	0.2268	0.44247	0.0441	1.04467	0.74964
0.52944	0.46008	0.05032	0.96328	0.34099	0.04856	0.04581	0.04888	0.03061	0.04305	0.22676	0.45055	0.04199	2.00189	0.72769
0.54027	0.46884	0.0466	1.43111	0.33475	0.04445	0.04255	0.03789	0.03012	0.04573	0.22463	0.44452	0.04353	1.7948	0.71589
0.48159	0.47801	0.04054	1.0309	0.3105	0.0502	0.04443	0.04884	0.03133	0.05268	0.21558	0.43397	0.03973	1.04634	0.7181
0.52684	0.4978	0.04952	1.03556	0.32207	0.04973	0.04614	0.05283	0.03007	0.04396	0.22044	0.45163	0.04054	1.90024	0.7194
0.45568	0.50118	0.04641	0.96978	0.32408	0.03873	0.04075	0.03926	0.03682	0.04475	0.23691	0.44998	0.03963	0.94906	0.72214
0.48163	0.48429	0.05357	1.4318	0.33106	0.05215	0.04472	0.05586	0.03327	0.04264	0.20477	0.46002	0.03403	1.94721	0.71749
0.52597	0.45666	0.043	0.96093	0.3278	0.04635	0.04979	0.04611	0.03297	0.04691	0.20034	0.43421	0.02942	1.90177	0.72485
0.47688	0.50801	0.04657	1.05419	0.35577	0.05563	0.04115	0.05413	0.0324	0.04023	0.19251	0.43827	0.02889	1.8685	0.71762
0.49776	0.52779	0.04486	1.45937	0.33257	0.05443	0.03903	0.04965	0.0352	0.04184	0.21438	0.44204	0.02681	1.1602	0.70282
0.50348	0.52666	0.04496	1.11897	0.35429	0.04588	0.04304	0.04934	0.02623	0.04457	0.20628	0.43797	0.02788	1.87658	0.71079
0.5001	0.50654	0.03489	1.24581	0.35322	0.04278	0.04165	0.06549	0.02631	0.05315	0.19901	0.45537	0.01961	1.14989	0.72537
0.51896	0.52818	0.04249	1.39117	0.31352	0.046	0.03766	0.06752	0.0359	0.04612	0.21967	0.43811	0.01644	1.33382	0.73161
0.48399	0.54836	0.04566	1.38426	0.3134	0.04378	0.03688	0.05739	0.02606	0.04112	0.24521	0.44215	0.01191	1.88097	0.72021
0.48369	0.54585	0.04616	0.97763	0.3172	0.0462	0.03302	0.05111	0.03808	0.04943	0.21827	0.4746	0.01461	1.64281	0.71384
0.49749	0.50764	0.03956	0.95859	0.34648	0.04647	0.02574	0.05827	0.0267	0.04246	0.18404	0.44595	0.01088	1.33172	0.71202
0.51084	0.52889	0.04235	0.9315	0.29422	0.04134	0.03282	0.05565	0.02589	0.03907	0.17821	0.43816	0.00573	1.06586	0.70049
0.47756	0.58716	0.02958	1.00223	0.32716	0.03284	0.02946	0.05499	0.03395	0.03943	0.19745	0.45808	0.01115	0.94854	0.70852
0.48052	0.58131	0.03572	0.97517	0.32828	0.04123	0.02424	0.04874	0.03309	0.0426	0.18569	0.46073	0.00906	1.18082	0.71885
0.47629	0.53624	0.03873	1.02306	0.32277	0.04357	0.02626	0.04232	0.03185	0.04406	0.22208	0.44279	0.00687	1.11573	0.72604
0.50454	0.57656	0.0453	1.06047	0.32902	0.03512	0.02218	0.05479	0.03527	0.03304	0.27167	0.44692	0.01117	0.99492	0.71126
0.48589	0.56206	0.03965	0.91853	0.32178	0.02992	0.02337	0.04008	0.03163	0.03187	0.25579	0.45958	0.00889	0.93883	0.70135
0.45712	0.56429	0.03589	1.24204	0.32763	0.04167	0.02448	0.06207	0.02956	0.04228	0.23522	0.43725	0.00215	1.1202	0.70844
0.4697	0.58449	0.03743	0.92976	0.30533	0.03465	0.02327	0.05073	0.03345	0.04321	0.24947	0.47313	0.00296	1.0563	0.69277
0.49967	0.5748	0.04654	0.92762	0.30115	0.03137	0.0239	0.0501	0.03619	0.0327	0.2263	0.43578	0.00841	1.21431	0.71124
0.45523	0.57491	0.03769	1.00935	0.32788	0.0357	0.01835	0.06711	0.03303	0.03346	0.21421	0.41613	0.00645	1.39536	0.70868
0.4411	0.56739	0.04326	1.0105	0.32202	0.04416	0.02017	0.05857	0.03832	0.03161	0.19607	0.45126	0.00169	0.95874	0.71779
0.50812	0.57538	0.03511	1.00266	0.32179	0.04022	0.01602	0.05556	0.03775	0.03501	0.22454	0.41726	0.0048	1.38616	0.71048
0.47599	0.57419	0.04181	1.01616	0.32723	0.02559	0.0187	0.05612	0.0385	0.03192	0.21711	0.44877	0.00518	1.03287	0.71101
0.49921	0.62951	0.02937	1.01708	0.34749	0.02727	0.01505	0.06631	0.04332	0.04055	0.21384	0.47483	0.00746	0.96411	0.69458
0.48445	0.59499	0.03973	0.94435	0.31488	0.02453	0.01533	0.0497	0.03399	0.0316	0.21451	0.44127	0.0041	0.98224	0.70265
0.50005	0.60212	0.04069	0.94787	0.31504	0.02097	0.01515	0.05147	0.03359	0.03561	0.21868	0.4269	0.00603	1.69958	0.69022
0.47616	0.65046	0.03462	0.92243	0.30863	0.02481	0.01738	0.05646	0.04364	0.03999	0.21726	0.43377	0.00669	1.05087	0.69954
0.47038	0.53956	0.02879	0.93633	0.31463	0.02809	0.01212	0.05107	0.02513	0.03204	0.21297	0.4217	0.00242	0.93625	0.68407
0.46097	0.51026	0.02808	0.99721	0.3379	0.02324	0.01519	0.05403	0.03382	0.03149	0.20095	0.43574	0.00304	1.85909	0.70939
0.48815	0.57664	0.0282	0.94786	0.31175	0.0153	0.01782	0.06847	0.03235	0.02708	0.2308	0.47709	0.00261	0.96307	0.70769
0.46123	0.56654	0.02984	0.96104	0.31699	0.01948	0.01508	0.05891	0.03649	0.03123	0.21831	0.44718	0.00346	1.39049	0.69205
0.47148	0.54705	0.02851	1.0095	0.34534	0.01635	0.01703	0.05585	0.03828	0.0293	0.20639	0.42659	0.00238	0.96521	0.727
0.49696	0.64751	0.03137	1.01561	0.32797	0.0213	0.01095	0.06227	0.03515	0.03201	0.21888	0.4037	0.00598	1.02938	0.71071
0.4551	0.63051	0.02737	0.93672	0.34109	0.02205	0.01092	0.05936	0.03862	0.02518	0.19333	0.42414	0.00825	1.07639	0.71259
0.46309	0.60214	0.02033	0.98869	0.34655	0.01704	0.01471	0.07352	0.03913	0.0283	0.20409	0.394	0.00421	0.96756	0.68727
0.46734	0.59961	0.03197	1.06151	0.31872	0.01917	0.01001	0.05621	0.03461	0.0325	0.21167	0.404	0.00335	1.26733	0.69786
0.48526	0.60348	0.03202	0.99283	0.33955	0.01894	0.01352	0.07726	0.04092	0.03244	0.22366	0.40171	0.003	0.98036	0.71466
0.46383	0.55686	0.02802	0.9599	0.31768	0.01085	0.01141	0.07232	0.03577	0.02874	0.20658	0.44186	0.00231	0.97328	0.70691
0.47855	0.60176	0.02687	0.98711	0.31701	0.01477	0.01054	0.06984	0.04001	0.03223	0.19952	0.38182	0.00379	1.02111	0.73722
0.4351	0.53333	0.02417	0.96177	0.32717	0.01563	0.01031	0.06991	0.02663	0.02176	0.18812	0.36216	0.00221	1.10863	0.74376
0.45576	0.52449	0.02412	0.95384	0.31301	0.01268	0.01087	0.06354	0.03721	0.02747	0.20329	0.44867	0.00159	1.01886	0.72883
0.46366	0.51232	0.02188	1.02026	0.32066	0.01224	0.00969	0.07064	0.03642	0.02917	0.20005	0.38987	0.00196	1.14556	0.70251
0.43411	0.58135	0.01775	0.97445	0.33631	0.0148	0.01452	0.05155	0.04347	0.02912	0.22187	0.38997	0.00181	0.9531	0.7164
0.45171	0.61017	0.02688	0.9614	0.38826	0.01281	0.00891	0.06606	0.0499	0.03317	0.2149	0.38566	0.00226	1.08059	0.73109
0.46307	0.561	0.0228	0.93749	0.3237	0.01253	0.01188	0.06243	0.03183	0.0282	0.21926	0.36782	0.00327	1.37154	0.73116
0.44073	0.56043	0.01645	0.96338	0.30392	0.00965	0.01208	0.06075	0.03581	0.02501	0.19493	0.37169	0.0019	0.96924	0.70331
0.43057	0.59953	0.01738	0.91115	0.34064	0.01043	0.0102	0.07414	0.03692	0.03164	0.23442	0.3711	0.00238	1.03061	0.71545
0.45875	0.57674	0.02083	0.94931	0.33264	0.00679	0.01124	0.06959	0.04607	0.0306	0.2243	0.4241	0.00287	0.95472	0.72518
0.47268	0.56474	0.0201	0.94606	0.30879	0.01581	0.01178	0.06145	0.0441	0.03272	0.21234	0.37885	0.00253	0.96114	0.72128
0.4401	0.56517	0.01632	0.92481	0.32986	0.01234	0.01006	0.06574	0.0341	0.02907	0.23603	0.35491	0.00258	0.94621	0.71472
0.46484	0.51551	0.01401	0.94887	0.29899	0.00951	0.00917	0.06899	0.04051	0.02601	0.19978	0.38297	0.00169	1.00201	0.71559
0.42764	0.58898	0.02439	0.92654	0.34848	0.01587	0.01098	0.06738	0.03493	0.02711	0.22627	0.38798	0.00178	1.08222	0.7013
0.43628	0.58973	0.02002	0.93667	0.34161	0.01449	0.01263	0.07895	0.03876	0.02458	0.18082	0.38331	0.00403	1.05036	0.70993
0.45195	0.53627	0.01983	0.91306	0.32119	0.01154	0.01158	0.07235	0.04154	0.02567	0.21116	0.36805	0.00635	1.24253	0.70199
0.4367	0.52138	0.01635	0.93357	0.30021	0.01135	0.01151	0.06969	0.03671	0.02093	0.18315	0.39202	0.00274	0.97801	0.71385
0.44681	0.54315	0.01435	0.93937	0.33063	0.00975	0.01461	0.07294	0.0387	0.02486	0.19191	0.36188	0.00307	1.02244	0.71475
0.42986	0.50507	0.01299	0.95463	0.3078	0.01705	0.01061	0.066	0.03484	0.02398	0.20415	0.36105	0.00217	0.95984	0.70625
0.41408	0.47771	0.01411	0.94552	0.3371	0.01087	0.01376	0.06893	0.0308	0.01877	0.18615	0.35217	0.00383	0.95453	0.71212
0.43406	0.52364	0.01824	0.94126	0.35285	0.01146	0.01349	0.08344	0.03975	0.02245	0.19147	0.37857	0.00145	0.96335	0.70971
0.47044	0.55557	0.01472	0.92656	0.30614	0.00838	0.00529	0.05615	0.03977	0.02473	0.21804	0.36431	0.00255	0.94364	0.71021
0.47707	0.60607	0.01578	0.9335	0.33897	0.01187	0.00999	0.07027	0.04023	0.02077	0.21029	0.35678	0.00228	0.98612	0.70231
0.4476	0.53294	0.01314	0.92243	0.30439	0.01389	0.01115	0.06311	0.04716	0.01862	0.20431	0.38689	0.00336	0.96604	0.71217
0.42492	0.51103	0.01145	0.92967	0.32639	0.01163	0.01054	0.05609	0.02744	0.0179	0.20218	0.38059	0.00441	1.0292	0.71952
0.40981	0.58035	0.01179	0.93872	0.32442	0.00777	0.00998	0.07357	0.04151	0.02079	0.1989	0.38108	0.00257	1.13454	0.72293
0.42895	0.55565	0.01047	0.91759	0.33611	0.00823	0.00982	0.07835	0.03429	0.02092	0.17633	0.36789	0.00247	1.11635	0.71241
0.43532	0.5804	0.0141	0.94311	0.33342	0.00929	0.00948	0.07784	0.04328	0.01791	0.19687	0.3813	0.00162	1.01125	0.69816
0.45027	0.55216	0.01186	0.93601	0.32602	0.01239	0.01199	0.06525	0.04962	0.01853	0.18804	0.39259	0.00192	1.02137	0.72027
0.49232	0.6458	0.00892	0.96205	0.3094	0.00969	0.01137	0.07898	0.04694	0.01774	0.19283	0.38019	0.00163	0.95703	0.72201
0.47237	0.53979	0.01527	0.92645	0.30118	0.00887	0.01033	0.06958	0.04674	0.01909	0.20052	0.36273	0.0022	1.00537	0.69007
0.40916	0.53377	0.01992	0.93166	0.3406	0.00467	0.00998	0.08347	0.04555	0.01955	0.20079	0.3716	0.00441	1.00653	0.72588
0.42307	0.53	0.01077	0.92686	0.30848	0.0095	0.01091	0.07878	0.03797	0.01726	0.19862	0.35395	0.00168	0.99358	0.7018
0.45005	0.5877	0.01276	0.89662	0.2966	0.00544	0.00684	0.07238	0.04607	0.01845	0.21017	0.3948	0.00196	0.99002	0.70454
0.41473	0.56702	0.01423	0.94795	0.32049	0.01115	0.0108	0.068	0.0442	0.02481	0.18571	0.39603	0.0019	0.94693	0.70076
0.4162	0.51878	0.01292	0.95335	0.32337	0.00883	0.01512	0.07485	0.0475	0.02014	0.20542	0.38762	0.00328	0.98115	0.6983
0.41234	0.53607	0.01393	0.93432	0.34157	0.00485	0.0117	0.06388	0.04186	0.01769	0.20984	0.36624	0.00167	0.96814	0.70161
0.43431	0.52843	0.01333	0.94425	0.34582	0.00613	0.01239	0.07366	0.05043	0.01543	0.18373	0.37021	0.0014	0.99562	0.68357
0.41961	0.49111	0.01577	0.93861	0.32697	0.00176	0.00793	0.08165	0.0342	0.01916	0.19843	0.37764	0.0021	0.98581	0.71062
0.40029	0.5922	0.01236	0.94199	0.34882	0.00448	0.00974	0.07851	0.04412	0.02072	0.20136	0.36738	0.00191	0.95707	0.69587
0.42026	0.50113	0.01601	0.9478	0.29778	0.00491	0.00979	0.05818	0.03939	0.01696	0.18948	0.36587	0.00281	0.98091	0.69708
0.39632	0.45873	0.01219	0.92392	0.31671	0.00371	0.00979	0.07254	0.04284	0.01615	0.19958	0.36843	0.00286	1.00231	0.70375
0.38208	0.4658	0.00924	0.9514	0.29655	0.00402	0.00895	0.06176	0.04314	0.01687	0.18363	0.3781	0.00233	0.95306	0.69953
0.40561	0.45722	0.01811	0.9647	0.30814	0.00605	0.01137	0.06358	0.04687	0.0132	0.21899	0.37806	0.00221	1.00438	0.69053
0.43818	0.50186	0.0136	0.92079	0.31476	0.00922	0.00677	0.06371	0.04155	0.01511	0.1834	0.38526	0.00223	0.96455	0.69976
0.41459	0.49702	0.01122	0.91847	0.30198	0.00749	0.00862	0.06582	0.04469	0.01399	0.19448	0.40354	0.00271	0.95817	0.71136
0.41417	0.49554	0.00812	0.92594	0.32259	0.00119	0.0075	0.06809	0.0416	0.01865	0.20707	0.39217	0.00322	0.94984	0.71103
0.43699	0.56518	0.00929	0.92305	0.33415	0.00316	0.00999	0.0708	0.04821	0.01359	0.20281	0.39722	0.00213	1.01448	0.70481
0.41137	0.4411	0.01208	0.94846	0.31658	0.00492	0.0085	0.08627	0.03802	0.00968	0.18838	0.39621	0.00529	0.95561	0.71527
0.44139	0.53278	0.01111	0.92296	0.36459	0.00764	0.01032	0.08512	0.04733	0.01684	0.18462	0.39339	0.00217	1.0712	0.6947
0.40415	0.55324	0.00786	0.93513	0.3325	0.00587	0.00945	0.06764	0.04551	0.01341	0.18485	0.37254	0.00173	0.99769	0.71483
0.44787	0.57104	0.00958	0.91822	0.31616	0.00433	0.00875	0.06789	0.03175	0.01651	0.18722	0.39942	0.00217	0.96797	0.71544
0.4734	0.53472	0.01069	0.93131	0.32177	0.00873	0.01116	0.0803	0.04778	0.01706	0.18551	0.38058	0.00072	0.96047	0.72422
0.44863	0.49884	0.008	0.9263	0.31194	0.00248	0.01212	0.07065	0.04643	0.01525	0.1837	0.37627	0.00277	1.00053	0.71492
0.41639	0.45629	0.011	0.94471	0.29221	0.00213	0.00938	0.06158	0.04649	0.01086	0.19093	0.3758	0.00362	0.94319	0.70054
0.40318	0.52314	0.01502	0.93415	0.29418	0.00779	0.00929	0.05276	0.04222	0.01483	0.20775	0.36807	0.00297	0.95079	0.69651
0.45721	0.567	0.00596	0.9301	0.3212	0.00662	0.0117	0.07266	0.0515	0.01174	0.19384	0.39004	0.00296	0.98632	0.71719
0.4189	0.51471	0.01195	0.91864	0.29684	0.00191	0.00907	0.07526	0.03804	0.01028	0.20647	0.36318	0.00164	0.9564	0.7037
0.43925	0.4886	0.00973	0.9319	0.32884	0.00653	0.01009	0.07174	0.04079	0.01323	0.19023	0.36395	0.0021	0.94841	0.6991
0.40046	0.5179	0.01323	0.93492	0.3151	0.0038	0.01199	0.06595	0.04253	0.01515	0.17795	0.35922	0.00196	0.96548	0.71493
0.4524	0.52419	0.00763	0.92119	0.31829	0.00687	0.00961	0.06064	0.0398	0.01541	0.18923	0.38622	0.00238	1.04603	0.70817
0.39404	0.4473	0.01166	0.91381	0.30589	0.00589	0.00505	0.06329	0.04111	0.01093	0.19652	0.36664	0.0025	1.00449	0.69318
0.44131	0.45972	0.01179	0.92434	0.30122	0.00305	0.00982	0.07069	0.04006	0.0083	0.17541	0.36853	0.00164	0.95434	0.72524
0.40637	0.47004	0.01027	0.93002	0.31182	0.00387	0.01078	0.06748	0.04626	0.01259	0.20542	0.38284	0.00109	1.01253	0.70389
0.44981	0.53338	0.01096	0.93614	0.32543	0.00667	0.00646	0.07192	0.05202	0.01055	0.19365	0.4059	0.00261	0.99926	0.69445
0.41711	0.5041	0.00812	0.93844	0.33655	0.0037	0.0046	0.07056	0.04161	0.01361	0.20132	0.384	0.00194	1.01611	0.71339
0.42673	0.53347	0.00731	0.93911	0.3275	0.00233	0.01087	0.07441	0.03923	0.01292	0.2107	0.35174	0.00254	0.97814	0.72217
0.40787	0.53192	0.01122	0.9406	0.32585	0.00531	0.00877	0.0629	0.04175	0.01386	0.2004	0.39567	0.00375	0.98624	0.71563
0.433	0.52945	0.0109	0.93013	0.31942	0.00372	0.00932	0.07927	0.04128	0.00935	0.18976	0.40117	0.00197	0.95204	0.71106
0.46135	0.46034	0.00873	0.93138	0.29907	0.00282	0.01072	0.05635	0.03647	0.01423	0.18322	0.38267	0.00354	1.04649	0.71664
0.47186	0.53901	0.0095	0.92865	0.33542	0.00494	0.00826	0.08217	0.05702	0.01527	0.19885	0.35243	0.00155	1.00235	0.70263
0.45214	0.53763	0.00964	0.91724	0.31802	0.00505	0.00482	0.07251	0.04341	0.01043	0.20957	0.37251	0.00202	0.97188	0.70357
0.4994	0.57481	0.01355	0.91936	0.32198	0.00438	0.00965	0.07883	0.04202	0.01521	0.18862	0.38863	0.00284	0.99108	0.70729
0.42556	0.51552	0.01181	0.91816	0.34678	0.00304	0.0106	0.06036	0.04229	0.01511	0.1969	0.38447	0.00382	0.96201	0.72254
0.44263	0.54733	0.01013	0.92467	0.36592	0.0039	0.00773	0.07304	0.0464	0.01209	0.18586	0.39816	0.00147	0.96939	0.70652
0.41074	0.54536	0.01555	0.93187	0.34859	0.00484	0.01025	0.05826	0.04578	0.01525	0.19736	0.33438	0.00348	0.97555	0.69141
0.45648	0.50438	0.01215	0.93005	0.31473	0.00589	0.00987	0.06814	0.02868	0.01296	0.2253	0.37757	0.00259	0.97653	0.70501
0.46132	0.52929	0.00689	0.94582	0.33951	0.00307	0.01028	0.07748	0.03708	0.01103	0.19058	0.39475	0.00204	1.03628	0.71749
0.45639	0.47896	0.0096	0.93376	0.33252	0.00481	0.00894	0.06273	0.02469	0.00973	0.19659	0.36897	0.00134	0.98038	0.70992
0.45923	0.48491	0.00911	0.94579	0.31459	0.00219	0.00615	0.07128	0.03101	0.0136	0.19874	0.3567	0.00319	0.9518	0.69997
0.41982	0.45701	0.00807	0.94663	0.3408	0.00221	0.00739	0.07385	0.0442	0.01425	0.19546	0.39108	0.00244	1.01594	0.71026
0.44119	0.51015	0.00947	0.92015	0.33253	0.00132	0.0096	0.074	0.03119	0.01519	0.2011	0.38321	0.00229	0.97887	0.70209
0.45789	0.46904	0.00415	0.9238	0.32054	0.00257	0.00766	0.06012	0.04507	0.01087	0.18982	0.38161	0.00189	1.00548	0.71254
0.50436	0.53428	0.01157	0.92731	0.30822	0.00384	0.00739	0.05287	0.02556	0.01358	0.18169	0.38955	0.00283	1.01011	0.70717
0.469	0.55345	0.0083	0.93205	0.31669	0.00386	0.00942	0.07257	0.0275	0.01277	0.19915	0.3441	0.00268	0.99626	0.70399
0.44681	0.52937	0.00835	0.93942	0.34823	0.00189	0.01028	0.08198	0.03119	0.01526	0.18914	0.36013	0.00258	0.94661	0.69243
0.44734	0.50581	0.00748	0.93359	0.35421	0.00909	0.00641	0.07141	0.03747	0.00887	0.1924	0.37026	0.00242	0.96013	0.70359
0.43824	0.46265	0.00635	0.94278	0.34636	0.00624	0.01261	0.09062	0.03783	0.0107	0.19997	0.36338	0.00103	0.95767	0.72782
0.4692	0.57314	0.00473	0.94576	0.32298	0.00313	0.01101	0.08573	0.03639	0.01318	0.20753	0.35388	0.00126	0.98995	0.70428
0.46905	0.56091	0.00934	0.93381	0.32346	0.00211	0.0089	0.08768	0.03976	0.01463	0.20348	0.36829	0.00498	0.99135	0.71204
0.44803	0.51141	0.00757	0.94679	0.32892	0.0047	0.00989	0.07582	0.03267	0.0081	0.18919	0.37219	0.0023	0.96038	0.71047
0.45767	0.52052	0.01012	0.95396	0.33766	0.00737	0.01048	0.07007	0.03269	0.01532	0.19232	0.37474	0.00317	1.00293	0.71844
0.50869	0.54615	0.00993	0.93805	0.31112	0.00305	0.01014	0.0764	0.03497	0.01234	0.21994	0.35854	0.00292	1.05286	0.73048
0.44894	0.54032	0.00654	0.93116	0.33001	0.00385	0.00449	0.05735	0.02768	0.01053	0.20286	0.37847	0.00143	1.01032	0.70867
0.49701	0.51202	0.00746	0.94194	0.325	0.00238	0.00739	0.06086	0.02983	0.00771	0.18451	0.35096	0.00268	0.95109	0.72354
0.44475	0.52429	0.00441	0.91004	0.32922	0.00368	0.00979	0.06342	0.03335	0.01476	0.2069	0.36706	0.00316	0.94615	0.70694
0.4874	0.49964	0.0139	0.93957	0.31377	0.00243	0.00751	0.06277	0.02852	0.00908	0.20406	0.38246	0.00251	0.95153	0.72404
0.44482	0.53045	0.0121	0.91214	0.33677	0.0049	0.0135	0.08503	0.03103	0.01042	0.20208	0.38431	0.00293	0.97861	0.70887
0.46261	0.51668	0.0152	0.91818	0.30395	0.0041	0.00611	0.06218	0.03347	0.01122	0.21008	0.38231	0.00273	0.94614	0.71426
0.468	0.49034	0.01122	0.9328	0.31205	0.00178	0.01048	0.06986	0.02697	0.01231	0.18942	0.38211	0.00137	0.98549	0.69469
0.46274	0.52773	0.00707	0.94021	0.31955	0.0024	0.00829	0.07133	0.03067	0.01252	0.19372	0.35762	0.00127	1.004	0.72082
0.51712	0.59339	0.00859	0.93915	0.35274	0.00268	0.0078	0.0971	0.04111	0.01099	0.18994	0.3959	0.00311	0.95392	0.70206
0.46977	0.52502	0.00982	0.92615	0.30495	0.00687	0.00744	0.06071	0.03442	0.0096	0.20937	0.42433	0.00166	0.96844	0.71738
0.51151	0.59231	0.01052	0.95693	0.32849	0.00444	0.00874	0.07929	0.02583	0.01122	0.1733	0.37989	0.00257	1.00367	0.71746
0.43046	0.50625	0.0086	0.9564	0.36279	0.00153	0.01176	0.08325	0.03485	0.01114	0.20215	0.39954	0.00402	1.02404	0.69552
0.48927	0.57717	0.00819	0.95837	0.32944	0.00145	0.00706	0.05555	0.04346	0.01076	0.19534	0.38834	0.00283	1.01361	0.71157
0.46079	0.57118	0.00704	0.93126	0.35088	0.00255	0.00999	0.07606	0.03121	0.0095	0.19215	0.38547	0.00247	0.97158	0.71502
0.4744	0.56576	0.00824	0.94895	0.29629	0.00119	0.00775	0.07336	0.03816	0.0074	0.19827	0.3735	0.00093	0.99931	0.71441
0.49915	0.62435	0.00786	0.91952	0.31889	0.00151	0.00782	0.07936	0.03347	0.01243	0.19569	0.37373	0.00258	0.95153	0.71054
0.50857	0.61771	0.00665	0.925	0.31665	0.0018	0.00834	0.08558	0.04215	0.00688	0.16672	0.38177	0.00367	1.00731	0.71377
0.52081	0.56846	0.00834	0.94912	0.30706	0.00607	0.00758	0.06315	0.03801	0.00809	0.19931	0.4089	0.0021	0.98911	0.72345
0.52546	0.59289	0.0081	0.94176	0.32821	0.00187	0.00953	0.07988	0.03871	0.00558	0.19883	0.38244	0.00383	1.0649	0.71432
0.48268	0.51445	0.00996	0.92032	0.32627	0.00227	0.01143	0.07372	0.02665	0.01429	0.21916	0.35982	0.00288	0.98585	0.70846
0.51159	0.5701	0.00827	0.92411	0.3198	0.0022	0.00816	0.07844	0.02989	0.00748	0.18682	0.38434	0.00326	0.95863	0.68893
0.46608	0.56483	0.00713	0.93511	0.33009	0.00189	0.00422	0.09343	0.03778	0.01021	0.19848	0.34524	0.00214	0.96035	0.71319
0.47779	0.54779	0.00939	0.91481	0.35927	0.00168	0.00862	0.09495	0.02553	0.00974	0.18787	0.36514	0.00298	0.96176	0.71413
0.49073	0.62248	0.00544	0.94262	0.34842	0.00417	0.00783	0.09034	0.03583	0.01084	0.17617	0.3802	0.00287	1.01348	0.7065
0.46823	0.6106	0.00776	0.92615	0.34921	0.00525	0.00921	0.09957	0.03958	0.01178	0.18912	0.37787	0.00148	0.96655	0.70797
0.57145	0.66086	0.00698	0.95708	0.38569	0.0042	0.01007	0.09389	0.04336	0.00716	0.18038	0.3714	0.00131	0.99192	0.71398
0.49782	0.54718	0.00713	0.94181	0.31483	0.00158	0.00954	0.07226	0.03549	0.00907	0.21641	0.37002	0.00121	0.97508	0.69854
0.48031	0.56112	0.00805	0.96215	0.30598	0.00284	0.00724	0.0703	0.03143	0.01225	0.19734	0.40357	0.00319	1.0846	0.73073
0.47776	0.54554	0.00495	0.91262	0.31799	0.00313	0.01096	0.06298	0.03456	0.01147	0.20934	0.36862	0.00468	1.07999	0.72325
0.45391	0.58625	0.00783	0.93391	0.31977	0.00229	0.00875	0.07466	0.03472	0.01482	0.20581	0.3788	0.00229	0.96846	0.72182
0.48146	0.59513	0.0058	0.94163	0.36771	0.00244	0.00891	0.07588	0.04409	0.01202	0.23066	0.36317	0.00524	0.97624	0.71852
0.49647	0.56613	0.00976	0.94836	0.30954	0.00271	0.00991	0.06863	0.03295	0.01245	0.17758	0.39957	0.00247	1.01353	0.72883
0.50026	0.58313	0.01022	0.94438	0.35718	0.00259	0.0091	0.07449	0.03436	0.00882	0.19092	0.39246	0.0039	0.95002	0.72133
0.43675	0.57096	0.00908	0.95596	0.3348	0.00221	0.00677	0.07567	0.03164	0.00782	0.19631	0.35533	0.00248	1.01954	0.72668
0.51371	0.61291	0.00969	0.9443	0.34441	0.00517	0.00879	0.08017	0.02826	0.01057	0.18021	0.35476	0.00509	1.00251	0.70503
0.53036	0.65436	0.0058	0.95403	0.33256	0.001	0.00778	0.08434	0.03613	0.0093	0.18023	0.38277	0.00261	0.99149	0.7358
0.42181	0.58253	0.00662	0.94682	0.34667	0.00299	0.00857	0.07876	0.03396	0.00513	0.20527	0.37009	0.00371	1.088	0.7268
0.51722	0.63002	0.00965	0.93441	0.32096	0.00042	0.00764	0.07851	0.04127	0.00746	0.1824	0.40442	0.00211	1.03388	0.71855
0.52174	0.69447	0.00804	0.94982	0.35626	0.00134	0.00871	0.08605	0.04352	0.0062	0.20424	0.38249	0.0044	0.96821	0.71959
0.45157	0.51518	0.00488	0.92586	0.35402	0.00182	0.00479	0.08165	0.02825	0.00815	0.19105	0.35032	0.00248	1.00405	0.70674
0.47618	0.55391	0.00748	0.93431	0.2952	0.0045	0.0069	0.06305	0.03056	0.01203	0.18616	0.3589	0.00297	0.9794	0.70863
0.50846	0.57314	0.00498	0.93009	0.30124	0.00084	0.0077	0.06231	0.02678	0.00553	0.19248	0.37801	0.00099	1.09459	0.70902
0.5037	0.5577	0.00613	0.95967	0.32441	0.0011	0.0098	0.09047	0.03535	0.00764	0.173	0.38445	0.00292	1.05603	0.70886
0.51998	0.63219	0.00483	0.93068	0.29642	0.0013	0.00951	0.07252	0.03381	0.0086	0.17757	0.37503	0.00359	1.07177	0.70746
0.50056	0.57537	0.00551	0.94194	0.33074	0.00105	0.00764	0.07903	0.02448	0.00949	0.19132	0.38253	0.00101	1.01559	0.70531
0.45213	0.51957	0.0054	0.94702	0.34568	0.00173	0.00598	0.08716	0.0375	0.0105	0.18003	0.38074	0.00234	0.97056	0.70366
0.44726	0.5146	0.00614	0.95308	0.30075	0.00317	0.00649	0.06893	0.03476	0.01371	0.16548	0.4042	0.00102	1.02031	0.70525
0.43011	0.50793	0.00701	0.94353	0.314	0.00125	0.00841	0.08225	0.0318	0.00992	0.18964	0.37583	0.00321	0.96723	0.71328
0.45273	0.57162	0.00733	0.92776	0.34187	0.00175	0.00517	0.08118	0.03491	0.00526	0.21618	0.35414	0.00543	1.02143	0.71571
0.48854	0.52386	0.00868	0.93037	0.31316	0.00355	0.00695	0.05602	0.02759	0.00829	0.18638	0.3888	0.00471	0.9681	0.70576
0.50314	0.62666	0.00393	0.93529	0.33853	0.00066	0.00832	0.09162	0.04263	0.005	0.17512	0.38358	0.00254	1.08376	0.72628
0.47498	0.56755	0.0098	0.94861	0.33597	0.00109	0.00754	0.07862	0.03455	0.00935	0.20284	0.34209	0.00246	1.01	0.70808
0.48962	0.49876	0.00583	0.93244	0.32811	0.00271	0.00744	0.07127	0.03072	0.00725	0.17958	0.38651	0.00175	1.01661	0.72091
0.50614	0.55503	0.00514	0.94471	0.30185	0.00212	0.00676	0.06548	0.03805	0.00488	0.18229	0.39211	0.00271	1.0199	0.71235
0.47516	0.5117	0.01058	0.93537	0.31271	0.00457	0.007	0.0575	0.03353	0.00652	0.2009	0.36308	0.00225	1.00816	0.68872
0.49358	0.53419	0.00558	0.94536	0.30609	0.00326	0.00269	0.07512	0.02881	0.00815	0.21237	0.39007	0.00193	1.02198	0.71928
0.45964	0.53401	0.00671	0.9674	0.31834	0.0031	0.00699	0.08316	0.03192	0.01264	0.18142	0.42204	0.0022	1.08347	0.70514
0.49636	0.56038	0.00701	0.95761	0.38943	0.00612	0.00788	0.09673	0.03225	0.01083	0.216	0.38222	0.00224	1.05732	0.74131
0.47	0.60376	0.00627	0.96208	0.33354	0.00266	0.006	0.09433	0.03509	0.01139	0.19727	0.35432	0.00423	1.0125	0.71332
0.46743	0.5548	0.00903	0.98	0.31264	0.00133	0.00566	0.07272	0.0432	0.01182	0.19157	0.39629	0.00174	1.00164	0.71881
0.53933	0.56582	0.00465	0.98229	0.31144	0.00101	0.00648	0.06363	0.01895	0.01096	0.20544	0.41113	0.0027	0.98161	0.71354
0.47083	0.60932	0.00392	0.95128	0.32987	0.00214	0.00762	0.08293	0.0333	0.00706	0.18987	0.36385	0.0033	1.00534	0.73363
0.5159	0.68665	0.00744	0.96417	0.31813	0.00404	0.00956	0.09266	0.03661	0.01234	0.19371	0.38151	0.00275	1.00463	0.72191
0.54044	0.60207	0.00725	0.95243	0.3373	0.00354	0.00763	0.06289	0.02942	0.00555	0.19968	0.39087	0.00242	0.96703	0.71939
0.50302	0.60264	0.00805	0.94803	0.3387	0.00133	0.0099	0.07916	0.02975	0.01206	0.18436	0.40157	0.00403	0.99729	0.69523
0.49211	0.54349	0.00567	0.94706	0.38767	0.0044	0.00972	0.07566	0.02764	0.00536	0.18561	0.37605	0.00094	1.01478	0.70577
0.53512	0.62214	0.00282	0.95815	0.36649	0.00075	0.00547	0.09169	0.0277	0.01142	0.20487	0.38753	0.0024	0.98033	0.71481
0.5164	0.55391	0.00698	0.946	0.33528	0.00361	0.00889	0.08321	0.02914	0.00348	0.21451	0.41198	0.00251	0.99606	0.71936
0.47548	0.5804	0.0067	0.94602	0.37465	0.0024	0.00866	0.07672	0.03932	0.00799	0.20916	0.39495	0.00263	1.07161	0.72651
0.51552	0.64294	0.00648	0.97003	0.30985	0.0019	0.00663	0.0782	0.04012	0.00785	0.18865	0.41991	0.00395	1.03646	0.72365
0.5007	0.57964	0.00554	0.94975	0.34116	0.00288	0.00889	0.06866	0.03178	0.00671	0.21269	0.35733	0.00221	0.97958	0.74527
0.48815	0.55567	0.00617	0.94619	0.32151	0.00509	0.0074	0.06725	0.04372	0.00614	0.1963	0.40284	0.00124	0.94992	0.70772
0.5307	0.58025	0.00821	0.93026	0.35518	0.00341	0.00278	0.06483	0.02575	0.0033	0.1897	0.38961	0.00191	0.9472	0.7117
0.51328	0.60909	0.00517	0.93347	0.31955	0.00354	0.00641	0.09633	0.03335	0.00826	0.21385	0.35716	0.0031	0.97643	0.7087
0.49629	0.55917	0.00683	0.93437	0.34196	0.00144	0.00349	0.07512	0.02301	0.0082	0.19912	0.37066	0.00329	0.98889	0.72042
0.47362	0.45482	0.00389	0.92247	0.32332	0.00198	0.00616	0.06997	0.02908	0.01107	0.20042	0.38556	0.0033	1.00206	0.72729
0.47828	0.59052	0.00384	0.9399	0.34444	0.00198	0.00547	0.08834	0.03242	0.01263	0.18801	0.36761	0.003	0.97857	0.71081
0.55781	0.69936	0.0077	0.96914	0.35715	0.00138	0.00344	0.09239	0.03889	0.01244	0.1888	0.36296	0.00119	1.01599	0.71853
0.50158	0.62452	0.00543	0.94875	0.33034	0.00213	0.00709	0.07444	0.02579	0.00371	0.19785	0.39932	0.00139	0.97724	0.71637
0.5151	0.64675	0.00744	0.93731	0.36456	0.00091	0.00374	0.08799	0.02628	0.00698	0.19853	0.36746	0.00368	1.00912	0.7055
0.50298	0.61059	0.00958	0.94267	0.33197	0.00113	0.00469	0.09505	0.02728	0.01021	0.20334	0.35619	0.00323	1.06249	0.71206
0.48558	0.63361	0.00516	0.9255	0.36792	0.00269	0.00933	0.07432	0.02129	0.00292	0.20095	0.39775	0.0016	1.00904	0.72026
0.48659	0.53579	0.00939	0.92703	0.30863	0.00191	0.00649	0.07063	0.03056	0.01054	0.18867	0.39852	0.00132	0.98596	0.72869
0.48917	0.58188	0.00486	0.94473	0.33334	0.00058	0.0068	0.07258	0.02581	0.00842	0.19478	0.38767	0.00349	0.97645	0.71896
0.48209	0.53222	0.00629	0.93626	0.34147	0.00057	0.00811	0.07088	0.03044	0.00725	0.1874	0.35177	0.00129	1.01238	0.72309
0.50555	0.67513	0.00655	0.95623	0.33312	0.00385	0.00749	0.08539	0.0324	0.01053	0.19149	0.41597	0.0024	0.97947	0.72498
0.50837	0.55278	0.0048	0.92316	0.32768	0.00212	0.01082	0.07398	0.02544	0.00862	0.21018	0.39426	0.00352	1.02202	0.71416
0.4925	0.58016	0.00765	0.9309	0.315	0.00174	0.0079	0.06883	0.02522	0.01349	0.21041	0.35925	0.00189	0.99888	0.71422
0.51741	0.61578	0.00715	0.93126	0.3347	0.00285	0.00802	0.06535	0.03158	0.00795	0.20187	0.39245	0.00237	1.02367	0.71816
0.51469	0.69611	0.00314	0.97835	0.34119	0.00063	0.01156	0.09542	0.02887	0.00833	0.19694	0.36444	0.00297	0.99786	0.70777
0.50094	0.66176	0.00683	0.96937	0.36931	0.00201	0.00495	0.09696	0.03616	0.00709	0.19732	0.34964	0.00212	1.00206	0.71106
0.45746	0.63367	0.00556	0.91787	0.40281	0.00274	0.00547	0.09534	0.03176	0.00698	0.19815	0.38713	0.00131	0.99583	0.72175
0.46333	0.60793	0.00418	0.93981	0.33273	0.00742	0.00936	0.07945	0.03174	0.00558	0.17208	0.3876	0.00174	0.99928	0.72552
0.52033	0.53202	0.00509	0.93004	0.32636	0.00278	0.00396	0.05698	0.03003	0.00521	0.18963	0.3837	0.00218	0.97523	0.71089
0.5066	0.65635	0.00525	0.94366	0.36101	0.00302	0.00477	0.08925	0.03585	0.00759	0.17087	0.39905	0.00224	1.06762	0.71302
0.52621	0.66346	0.00506	0.91915	0.40269	0.00198	0.00721	0.10591	0.03809	0.00924	0.18842	0.35449	0.00287	1.01146	0.70782
0.48824	0.60361	0.00817	0.9388	0.35303	0.00467	0.00864	0.08575	0.02663	0.01254	0.18734	0.38333	0.0013	1.07623	0.72025
0.48226	0.68058	0.00445	0.92798	0.31023	0.00395	0.00834	0.07332	0.03917	0.00932	0.19009	0.39409	0.00136	0.99524	0.71894
0.53201	0.70732	0.00111	0.9264	0.3851	0.00282	0.00477	0.09696	0.03557	0.01132	0.18305	0.36373	0.00212	0.96029	0.72738
0.48683	0.6781	0.00652	0.9238	0.32423	0.00421	0.00556	0.07213	0.03517	0.00589	0.19431	0.34714	0.00307	0.98832	0.72026
0.47089	0.61904	0.0072	0.95126	0.34206	0.01252	0.00709	0.08616	0.03385	0.00864	0.19563	0.37367	0.00242	1.01184	0.72444
0.50526	0.66106	0.00129	0.94872	0.38529	0.00888	0.00778	0.08984	0.03592	0.00856	0.19539	0.35354	0.0017	1.05038	0.72126
0.52872	0.71629	0.00498	0.95736	0.32097	0.00695	0.00331	0.08291	0.02984	0.01063	0.18083	0.35528	0.00213	0.96622	0.71261
0.58548	0.71653	0.00602	0.94939	0.32709	0.00757	0.0089	0.09928	0.03161	0.0104	0.20379	0.37447	0.0022	1.00311	0.7261
0.55451	0.73307	0.00592	0.94472	0.32985	0.00592	0.00904	0.08663	0.02991	0.00248	0.21385	0.34762	0.00219	0.96912	0.71102
0.61499	0.70634	0.00501	0.96316	0.37707	0.00334	0.00736	0.10676	0.03675	0.01145	0.20917	0.38368	0.00228	0.97918	0.71922
0.52121	0.7383	0.00885	0.94435	0.40973	0.00384	0.00723	0.09862	0.03427	0.00586	0.19559	0.36058	0.00119	1.00841	0.72564
0.49763	0.62859	0.00268	0.93301	0.33204	0.00445	0.00808	0.08567	0.02774	0.00458	0.21304	0.36885	0.00212	0.96995	0.69661
0.44849	0.65837	0.00261	0.91676	0.35723	0.0031	0.00587	0.08955	0.03985	0.00526	0.21303	0.37748	0.00225	1.05779	0.69762
0.44562	0.58597	0.00349	0.91167	0.30568	0.00488	0.00599	0.07749	0.03049	0.00118	0.19968	0.37224	0.00318	1.00031	0.72156
0.52346	0.68624	0.0054	0.91945	0.30304	0.00431	0.00613	0.07115	0.02397	0.0053	0.2364	0.38573	0.00224	1.05865	0.71962
0.55297	0.73079	0.00795	0.92951	0.32584	0.00267	0.00978	0.08939	0.03196	0.00217	0.2045	0.35717	0.00298	1.06385	0.72609
0.5259	0.6694	0.00407	0.91524	0.36227	0.00716	0.00672	0.09292	0.03844	0.00308	0.20504	0.37453	0.00289	0.99593	0.7176
0.48669	0.56764	0.00213	0.9538	0.33911	0.00746	0.00775	0.09167	0.033	0.00271	0.20823	0.42578	0.00369	1.06208	0.71547
0.43858	0.58552	0.00527	0.92417	0.31589	0.00414	0.00789	0.07029	0.02579	0.00218	0.17882	0.36872	0.0018	1.07675	0.70753
0.52927	0.69479	0.00806	0.94473	0.34743	0.00586	0.01022	0.09509	0.03063	0.00483	0.18883	0.37214	0.00204	0.96683	0.71475
0.4885	0.74321	0.00181	0.94243	0.34478	0.0051	0.00842	0.0814	0.0349	0.00821	0.19081	0.37107	0.00228	1.01184	0.71031
0.50472	0.71928	0.00149	0.96325	0.353	0.00551	0.00509	0.08578	0.03203	0.00598	0.20256	0.37596	0.0027	1.00141	0.70459
0.50976	0.67535	0.0028	0.9366	0.37089	0.00494	0.00607	0.08906	0.03231	0.00346	0.18021	0.40549	0.00204	1.00783	0.71465
0.55271	0.66995	0.00299	0.93921	0.29875	0.00696	0.00986	0.07673	0.02869	0.00203	0.19856	0.40314	0.00137	1.05221	0.7003
0.55468	0.6605	0.00138	0.95118	0.34422	0.00535	0.00796	0.07882	0.02412	0.00785	0.19322	0.37154	0.00165	1.02397	0.71134
0.52526	0.70257	0.00474	0.95157	0.40022	0.00326	0.00404	0.11167	0.0355	0.00265	0.1973	0.35331	0.00248	0.98772	0.7067
0.53206	0.68812	0.00517	0.95482	0.36097	0.00309	0.00877	0.09189	0.02667	0.00425	0.17693	0.3915	0.0061	0.97559	0.69957
0.53399	0.72733	0.00158	0.93561	0.37918	0.00477	0.00559	0.10708	0.04689	0.00831	0.1992	0.35946	0.00261	1.01697	0.71013
0.54809	0.71596	0.00258	0.94607	0.35953	0.00718	0.00615	0.09516	0.03901	0.00534	0.17708	0.36964	0.00149	0.97985	0.73557
0.55103	0.67559	0.00224	0.94831	0.35941	0.00245	0.00418	0.09865	0.03407	0.00475	0.20495	0.35562	0.00234	1.00635	0.69356
0.56911	0.7079	0.00629	0.95627	0.36564	0.00466	0.00876	0.10284	0.04249	0.00758	0.18482	0.37063	0.00253	0.98106	0.73133
0.47276	0.62966	0.00202	0.95638	0.40542	0.00242	0.00423	0.09607	0.03121	0.00455	0.17571	0.3512	0.00219	0.98794	0.71165
0.47355	0.63875	0.00305	0.92255	0.32394	0.00245	0.00928	0.08111	0.03703	0.00849	0.1838	0.36202	0.00363	0.97473	0.70533
0.49532	0.63376	0.00283	0.95259	0.35106	0.00579	0.00466	0.09955	0.04037	0.00507	0.17963	0.38163	0.00284	1.03018	0.70785
0.47853	0.64933	0.00208	0.94071	0.34193	0.00146	0.00254	0.07774	0.03581	0.00806	0.18312	0.36122	0.00415	0.97985	0.72084
0.49529	0.70323	0.00243	0.9493	0.33261	0.00461	0.00904	0.09497	0.03097	0.00909	0.19754	0.38055	0.00292	1.06163	0.7
0.49794	0.68306	0.00412	0.9534	0.36582	0.00238	0.00635	0.08346	0.03698	0.00844	0.20842	0.35018	0.00216	1.01278	0.7037
0.50264	0.62108	0.00304	0.93752	0.36234	0.00081	0.00615	0.08236	0.03853	0.00179	0.2122	0.34656	0.00137	1.0141	0.68632
0.5052	0.60064	0.00665	0.94627	0.30169	0.00417	0.00831	0.06565	0.03275	0.0063	0.21015	0.37268	0.00306	0.98251	0.72286
0.47021	0.57082	0.00205	0.93828	0.30036	0.00454	0.00713	0.0627	0.03158	0.00137	0.23503	0.37	0.00248	0.98737	0.70988
0.50569	0.7423	0.00419	0.94543	0.33606	0.0017	0.00644	0.08958	0.038	0.00747	0.21723	0.38319	0.0031	1.02058	0.71128
0.45475	0.56267	0.00356	0.93573	0.32298	0.00414	0.0084	0.05818	0.02936	0.0062	0.21323	0.39991	0.00477	1.01802	0.70065
0.50011	0.61282	0.00208	0.9483	0.34729	0.00574	0.00605	0.08213	0.03324	0.00272	0.21354	0.39765	0.00138	0.99627	0.70105
0.52891	0.72078	0.00865	0.94887	0.35159	0.00186	0.00553	0.09633	0.03823	0.00402	0.21256	0.35623	0.00306	0.97863	0.70194
0.52271	0.70632	0.0039	0.95521	0.33624	0.00209	0.00868	0.07805	0.03422	0.0065	0.2305	0.38315	0.00239	1.03476	0.68356
0.48626	0.65114	0.0034	0.91865	0.32373	0.00317	0.00348	0.06779	0.03438	0.00104	0.19217	0.38286	0.00426	1.00983	0.69219
0.52986	0.67011	0.00552	0.92798	0.34613	0.00326	0.00969	0.08446	0.02739	0.00875	0.19869	0.35848	0.00109	1.00285	0.71165
0.4895	0.61574	0.00339	0.95262	0.32662	0.00175	0.00284	0.07552	0.03573	0.00245	0.19059	0.38131	0.00277	1.00906	0.70556
0.48156	0.64396	0.00215	0.95297	0.31372	0.00222	0.01082	0.06885	0.03103	0.00358	0.18818	0.37544	0.00347	0.9996	0.72684
0.47787	0.7657	0.00119	0.95873	0.36826	0.00508	0.00565	0.08811	0.03693	0.00632	0.20215	0.37467	0.00193	1.02911	0.70704
0.54873	0.68088	0.00523	0.95292	0.36107	0.0079	0.00715	0.07904	0.02758	0.00461	0.23809	0.40784	0.00284	1.05495	0.69869
0.55905	0.82554	0.0025	0.96348	0.36412	0.00472	0.00748	0.10751	0.03992	0.00251	0.22831	0.36875	0.00377	1.02018	0.7082
0.47673	0.65542	0.00363	0.95024	0.32975	0.00292	0.00791	0.08515	0.03908	0.00499	0.1989	0.35121	0.00188	0.97077	0.6994
0.48423	0.70717	0.00251	0.95429	0.362	0.00515	0.00461	0.09775	0.03247	0.00735	0.2168	0.35573	0.00093	0.97627	0.70706
0.43586	0.63785	0.00299	0.93257	0.33203	0.00329	0.00644	0.08371	0.03882	0.0067	0.2062	0.34744	0.00421	0.98554	0.69372
0.41597	0.66302	0.00155	0.94238	0.33449	0.00176	0.00673	0.07866	0.02797	0.00169	0.22121	0.35555	0.00172	0.97524	0.698
0.47678	0.70718	0.0011	0.94893	0.34937	0.00137	0.00437	0.09896	0.03678	0.00558	0.20199	0.37279	0.00147	0.97181	0.69477
0.4477	0.58428	0.003	0.94792	0.33679	0.00078	0.01043	0.06931	0.0375	0.00614	0.21024	0.37763	0.00237	0.97613	0.70681
0.50907	0.72433	0.00288	0.93272	0.32388	0.00083	0.00578	0.09703	0.03688	0.00574	0.20733	0.38254	0.00126	1.0053	0.70313
0.46621	0.60181	0.00373	0.92353	0.33669	0.00357	0.00809	0.0816	0.03327	0.0041	0.20401	0.38178	0.00182	1.03994	0.71515
0.45587	0.75498	0.00479	0.93712	0.34681	0.00212	0.00831	0.09431	0.039	0.00445	0.19933	0.32537	0.00529	0.97783	0.71046
0.43344	0.69615	0.00268	0.92294	0.3331	0.00164	0.00641	0.0904	0.03925	0.00382	0.20607	0.32015	0.00231	1.05678	0.69152
0.54483	0.71722	0.00442	0.9238	0.3402	0.00472	0.01254	0.10979	0.03397	0.00323	0.20945	0.34308	0.0019	0.97275	0.72571
0.42586	0.65527	0.00198	0.91947	0.33281	0.00251	0.00684	0.08465	0.03646	0.00803	0.1979	0.36392	0.00228	1.073	0.69913
0.50548	0.70134	0.0057	0.93203	0.34468	0.00592	0.00726	0.11154	0.04134	0.00794	0.20729	0.35226	0.00122	0.96847	0.7058
0.53313	0.73149	0.00196	0.94386	0.37352	0.00538	0.00798	0.11312	0.04049	0.00227	0.19308	0.35949	0.00494	0.95352	0.70384
0.4821	0.70604	0.00486	0.94499	0.35762	0.00216	0.00455	0.11635	0.03804	0.00259	0.21143	0.36024	0.00206	0.99329	0.70819
0.53204	0.76112	0.00199	0.97342	0.29809	0.00624	0.0104	0.10192	0.03258	0.00604	0.20432	0.34937	0.00154	0.96601	0.71104
0.48513	0.73016	0.00239	0.93315	0.31199	0.00084	0.00998	0.08237	0.04039	0.00864	0.20383	0.35258	0.0035	1.0387	0.69944
0.52198	0.60471	0.00236	0.94211	0.34196	0.00067	0.0091	0.0931	0.03133	0.0068	0.20953	0.34433	0.00306	0.97582	0.71513
0.53926	0.6812	0.00149	0.94776	0.37939	0.00441	0.0064	0.10403	0.04046	0.00217	0.19702	0.38057	0.00153	1.01492	0.69413
0.4435	0.66795	0.00391	0.90662	0.34031	0.00196	0.00564	0.09471	0.03636	0.00659	0.20051	0.35859	0.00256	0.99805	0.7032
0.4782	0.56978	0.00223	0.93996	0.31717	0.00317	0.00823	0.06064	0.02276	0.00117	0.2268	0.3632	0.00211	1.0127	0.69471
0.44147	0.62989	0.00327	0.90926	0.3438	0.00313	0.00734	0.08499	0.03441	0.00676	0.24299	0.3672	0.00385	1.02059	0.69646
0.42017	0.59524	0.0024	0.92305	0.35299	0.00389	0.00642	0.10181	0.03758	0.00886	0.21778	0.36941	0.00445	1.01591	0.68524
0.46663	0.5507	0.00257	0.93175	0.33627	0.00616	0.00585	0.07226	0.03489	0.00255	0.19894	0.37048	0.00349	0.98671	0.70097
0.39197	0.59287	0.00344	0.87069	0.3484	0.00816	0.00447	0.0761	0.02929	0.00731	0.21426	0.34625	0.00204	1.00071	0.70019
0.43418	0.60407	0.00212	0.92132	0.35416	0.00566	0.00474	0.09397	0.03046	0.00365	0.21294	0.36452	0.00339	1.03225	0.69883
0.4066	0.60142	0.00257	0.91156	0.33416	0.01433	0.00682	0.08008	0.02696	0.00806	0.20514	0.33551	0.00153	1.02658	0.69203
0.42166	0.55258	0.00472	0.93934	0.30299	0.00486	0.00448	0.06303	0.03414	0.00723	0.20592	0.36098	0.00375	0.99245	0.70368
0.44781	0.49041	0.00214	0.93888	0.29826	0.00225	0.00552	0.07496	0.02571	0.00672	0.1864	0.37455	0.00193	1.0247	0.69337
0.42126	0.63224	0.00308	0.91216	0.30904	0.00116	0.00386	0.10232	0.03406	0.00363	0.2016	0.35131	0.00267	0.97769	0.68221
0.45551	0.68451	0.00348	0.93882	0.37132	0.00112	0.00817	0.09752	0.03081	0.00602	0.20633	0.35923	0.00107	0.98685	0.71056
0.45123	0.64516	0.00154	0.90168	0.32802	0.00114	0.00452	0.08247	0.03178	0.00648	0.22286	0.38844	0.0012	1.0267	0.70775
0.44382	0.6556	0.00214	0.90992	0.35404	0.00305	0.00516	0.08446	0.03258	0.004	0.22111	0.36882	0.00104	0.9636	0.71406
0.39835	0.57899	0.00176	0.91446	0.35584	0.00449	0.00844	0.08492	0.03361	0.00141	0.21156	0.39052	0.00203	1.04626	0.69944
0.43439	0.67978	0.00548	0.91348	0.35014	0.00092	0.00402	0.09719	0.03253	0.00451	0.2007	0.36129	0.00379	0.99298	0.7133
0.46097	0.68679	0.00271	0.93035	0.29653	0.0025	0.00508	0.08277	0.04073	0.00275	0.22039	0.38344	0.00326	0.97089	0.70793
0.4235	0.65701	0.00184	0.92819	0.33508	0.00143	0.00507	0.08247	0.03528	0.0006	0.23668	0.35885	0.00183	1.00063	0.70618
0.42366	0.60703	0.00247	0.93809	0.3442	0.00407	0.00276	0.06914	0.02587	0.00665	0.21561	0.35818	0.00248	1.03132	0.69274
0.43343	0.58699	0.00156	0.91839	0.31605	0.00321	0.00518	0.07169	0.03291	0.00202	0.21492	0.35486	0.00398	0.98805	0.71345
0.45407	0.65321	0.00194	0.92271	0.35599	0.00363	0.00398	0.07609	0.03539	0.00403	0.20864	0.34489	0.00341	0.99266	0.70094
0.3861	0.66411	0.00305	0.88279	0.39878	0.00432	0.00623	0.10043	0.03405	0.00656	0.22525	0.36191	0.00375	1.00712	0.71287
0.46155	0.60731	0.00292	0.94114	0.38415	0.002	0.00547	0.08584	0.03564	0.00252	0.20107	0.35839	0.00185	0.97588	0.69596
0.46246	0.78762	0.00294	0.94795	0.36333	0.00312	0.00587	0.11739	0.03436	0.00471	0.21638	0.33921	0.00367	1.03856	0.70934
0.41955	0.7479	0.00534	0.92691	0.35706	0.00263	0.00425	0.10052	0.03927	0.00211	0.2065	0.38538	0.00161	1.00062	0.69079
0.44289	0.66568	0.00235	0.91414	0.35043	0.00575	0.00262	0.08844	0.03599	0.00405	0.19693	0.34123	0.00198	1.01681	0.70395
0.44887	0.68967	0.00191	0.94906	0.41565	0.00129	0.00433	0.09741	0.04295	0.00458	0.18623	0.3899	0.00216	0.96542	0.69396
0.4869	0.77918	0.00245	0.96635	0.35703	0.00293	0.00545	0.1235	0.03562	0.00244	0.21902	0.38192	0.00675	1.02133	0.73149
0.46067	0.73646	0.00169	0.94707	0.35191	0.00373	0.00701	0.08755	0.03051	0.00491	0.20966	0.37726	0.00851	1.00712	0.70734
0.4416	0.68997	0.00177	0.92701	0.37211	0.00682	0.0056	0.08901	0.04556	0.00219	0.21415	0.35913	0.00288	0.98226	0.71439
0.44311	0.66242	0.00252	0.93597	0.36853	0.00087	0.00536	0.07573	0.04466	0.00112	0.2195	0.34141	0.00265	1.01806	0.70953
0.45116	0.70796	0.00205	0.92086	0.39716	0.00269	0.00317	0.10998	0.03756	0.00423	0.22008	0.37971	0.00259	1.00976	0.70328
0.47771	0.62069	0.00237	0.92501	0.32591	0.00214	0.00654	0.07812	0.0303	0.0035	0.20498	0.37142	0.00247	1.04197	0.71332
0.44627	0.68995	0.00086	0.92699	0.35299	0.00499	0.005	0.08272	0.0281	0.00315	0.2121	0.42149	0.00469	1.06107	0.70076
0.45384	0.63659	0.00189	0.94448	0.37078	0.00179	0.00482	0.08599	0.0287	0.00467	0.22455	0.37346	0.00362	0.98705	0.7029
0.51408	0.60093	0.00188	0.92878	0.32082	0.00113	0.00684	0.05251	0.02778	0.00592	0.21627	0.39886	0.00181	0.95854	0.68661
0.46865	0.67354	0.00072	0.95676	0.37855	0.00208	0.00518	0.07369	0.04718	0.00405	0.21935	0.36888	0.00255	1.02678	0.70698
0.5124	0.58971	0.00154	0.94234	0.35233	0.0087	0.00234	0.07136	0.03369	0.00201	0.23123	0.36779	0.00398	0.99617	0.69984
0.46344	0.70956	0.00234	0.92652	0.34687	0.00576	0.00587	0.07667	0.02549	0.00225	0.22849	0.35109	0.00191	1.00106	0.69648
0.41474	0.63559	0.00264	0.92699	0.36113	0.00232	0.0041	0.0786	0.03852	0.00801	0.22456	0.38023	0.00162	1.02188	0.67315
0.39344	0.67476	0.00158	0.93125	0.37491	0.00368	0.00365	0.06386	0.02694	0.00666	0.23059	0.39563	0.00366	0.9809	0.70608
0.41211	0.56751	0.00133	0.91104	0.3307	0.0053	0.0045	0.07044	0.03848	0.00271	0.22084	0.34999	0.00192	1.01057	0.68549
0.45737	0.58284	0.00194	0.9017	0.34392	0.00258	0.00471	0.06786	0.03127	0.00577	0.23345	0.37578	0.00221	0.98287	0.70102
0.44498	0.63211	0.00251	0.91072	0.33177	0.0032	0.00617	0.05928	0.02959	0.00139	0.21444	0.36146	0.00212	0.96987	0.69346
0.39873	0.55267	0.00137	0.92983	0.37395	0.00646	0.00747	0.07181	0.02415	0.00301	0.22903	0.36996	0.00204	0.99883	0.70191
0.41119	0.53819	0.00255	0.9092	0.35171	0.00253	0.00637	0.0635	0.03311	0.00326	0.2073	0.38905	0.00211	1.03161	0.68569
0.40017	0.55314	0.00323	0.92169	0.33509	0.0047	0.00605	0.06824	0.03292	0.00467	0.2172	0.38886	0.00262	1.00657	0.68051
0.42503	0.53924	0.00336	0.92283	0.36552	0.00236	0.00605	0.06955	0.03113	0.00476	0.21285	0.43027	0.00188	0.96114	0.6854
0.41933	0.54164	0.00203	0.94237	0.33358	0.00364	0.00477	0.08096	0.03232	0.00147	0.22758	0.37428	0.00293	1.00821	0.70217
0.44697	0.54032	0.00246	0.9443	0.35923	0.00088	0.00379	0.05793	0.03153	0.00354	0.2124	0.37896	0.00239	0.96998	0.70597
0.38687	0.48421	0.00288	0.9328	0.32465	0.00043	0.00596	0.05602	0.02669	0.01019	0.21664	0.39035	0.00361	1.01952	0.68815
0.42184	0.552	0.002	0.92892	0.35117	0.00538	0.00463	0.08104	0.03749	0.00195	0.1993	0.38406	0.00278	0.98421	0.70223
0.42816	0.60116	0.00179	0.94332	0.31144	0.00967	0.00363	0.05586	0.03402	0.00144	0.2046	0.39932	0.00258	0.9989	0.7013
0.45072	0.53631	0.0038	0.95105	0.32269	0.00472	0.00186	0.04238	0.04116	0.00595	0.20538	0.40514	0.00313	1.00738	0.69786
0.44865	0.62291	0.00314	0.92486	0.34579	0.00391	0.0035	0.06062	0.03469	0.00169	0.21392	0.3825	0.00182	1.05565	0.69786
0.50774	0.62327	0.00171	0.94166	0.35634	0.00154	0.00344	0.08399	0.03762	0.00549	0.20382	0.38046	0.00114	1.01978	0.68741
0.4351	0.51973	0.00265	0.92803	0.35413	0.00304	0.00262	0.07249	0.04223	0.00611	0.24085	0.38047	0.00193	0.97635	0.68668
0.41901	0.67732	0.00287	0.89398	0.35596	0.00437	0.0037	0.0974	0.03682	0.00353	0.23453	0.36207	0.00271	1.01691	0.7052
0.44868	0.55371	0.00104	0.88506	0.33136	0.00598	0.00251	0.07868	0.04461	0.00658	0.23321	0.39465	0.00155	0.99045	0.70954
0.44968	0.60521	0.00271	0.92266	0.3286	0.00307	0.00355	0.07851	0.04094	0.00669	0.22782	0.36757	0.00138	1.03971	0.69898
0.42736	0.59206	0.00193	0.91865	0.3412	0.00275	0.00316	0.08705	0.03291	0.00307	0.20533	0.39724	0.00166	0.95052	0.70177
0.43465	0.56772	0.00289	0.92852	0.31424	0.00349	0.00333	0.07608	0.0285	0.00292	0.20045	0.39065	0.00229	0.97054	0.68737
0.42977	0.67662	0.00132	0.93821	0.33153	0.00346	0.0028	0.09843	0.03525	0.00929	0.1885	0.37437	0.00315	0.97353	0.70224
0.44484	0.58438	0.00364	0.94857	0.31592	0.00571	0.00193	0.06719	0.03299	0.00133	0.21271	0.37137	0.00153	1.01142	0.68791
0.43809	0.63086	0.00292	0.90352	0.34431	0.00417	0.00234	0.0746	0.03124	0.00791	0.22694	0.40626	0.0016	1.05943	0.70483
0.43962	0.61975	0.00251	0.94284	0.37627	0.0064	0.0042	0.09328	0.03252	0.00246	0.19605	0.39919	0.0038	1.00985	0.70312
0.445	0.65305	0.00193	0.93137	0.39425	0.00358	0.00288	0.09078	0.03898	0.00429	0.20941	0.36995	0.0032	1.015	0.69945
0.41122	0.69905	0.00112	0.86796	0.35412	0.00173	0.00638	0.08707	0.04291	0.00321	0.22082	0.40523	0.00348	1.04873	0.67748
0.43341	0.57957	0.00235	0.90623	0.30586	0.00157	0.00568	0.06452	0.02697	0.00715	0.23706	0.40845	0.00123	0.99932	0.68499
0.44307	0.67988	0.0041	0.92225	0.35896	0.0045	0.0079	0.09284	0.04095	0.00292	0.25718	0.37021	0.00246	1.01817	0.67816
0.41542	0.62315	0.00214	0.93752	0.3091	0.00584	0.00604	0.07006	0.02777	0.00441	0.21046	0.41743	0.00159	0.99445	0.68524
0.47157	0.69852	0.00277	0.91443	0.35278	0.00466	0.00655	0.11053	0.03239	0.00781	0.23035	0.3946	0.00333	0.98312	0.69729
0.4425	0.65731	0.00094	0.90843	0.34241	0.00786	0.00296	0.10345	0.05116	0.0059	0.24502	0.38185	0.00291	1.0529	0.69585
0.39643	0.70404	0.00163	0.91382	0.34336	0.00351	0.00739	0.10599	0.04529	0.0005	0.24532	0.39046	0.00187	1.02031	0.69479
0.37576	0.61453	0.00348	0.90892	0.33728	0.00559	0.0041	0.09551	0.03587	0.00648	0.24068	0.41052	0.00339	1.01038	0.69299
0.40698	0.70363	0.00184	0.86849	0.32859	0.0084	0.00381	0.0997	0.03041	0.00205	0.26645	0.38166	0.00434	1.02028	0.68253
0.39697	0.72849	0.00119	0.92184	0.32461	0.00543	0.00822	0.09887	0.04419	0.00127	0.22062	0.35615	0.00481	0.99342	0.6916
0.44745	0.66066	0.0024	0.89588	0.31617	0.00187	0.00806	0.07141	0.03001	0.00153	0.2077	0.39854	0.00415	1.00171	0.70517
0.44203	0.7723	0.0019	0.90279	0.30967	0.00477	0.00639	0.09337	0.03842	0.00294	0.20617	0.38354	0.00374	1.0349	0.65823
0.42756	0.70136	0.00219	0.89795	0.30477	0.00723	0.00496	0.06944	0.03582	0.00892	0.23932	0.39539	0.00471	0.99124	0.6841
0.43262	0.57648	0.0011	0.90002	0.30625	0.00328	0.00306	0.06928	0.02556	0.00208	0.19659	0.39757	0.00241	0.9919	0.69343
0.44194	0.60752	0.00148	0.89272	0.3307	0.00373	0.00758	0.08854	0.02871	0.0063	0.21521	0.38446	0.00181	1.00189	0.67774
0.46905	0.58239	0.00211	0.91522	0.32324	0.00506	0.00378	0.07799	0.0313	0.00244	0.22184	0.39226	0.00096	1.06019	0.69324
0.46105	0.71982	0.00129	0.93885	0.33336	0.004	0.00667	0.1135	0.03383	0.0112	0.23307	0.36433	0.00206	1.01575	0.69078
0.46611	0.75047	0.00116	0.96134	0.34121	0.00334	0.00366	0.10016	0.02986	0.0024	0.26731	0.37418	0.00241	1.02196	0.69646
0.46258	0.70392	0.00106	0.93392	0.30675	0.00513	0.00671	0.0798	0.03682	0.01049	0.20982	0.39682	0.0019	0.98354	0.68925
0.48075	0.70517	0.00255	0.91038	0.33186	0.00279	0.00769	0.07799	0.03259	0.0045	0.20447	0.38969	0.00194	1.07531	0.70709
0.43411	0.59936	0.001	0.93401	0.31468	0.00441	0.00559	0.08274	0.03679	0.00788	0.21405	0.36767	0.00208	0.97595	0.70602
0.46558	0.69641	0.00359	0.9397	0.35489	0.00682	0.00734	0.0812	0.0369	0.00528	0.21673	0.3985	0.00376	1.00946	0.69714
0.52443	0.76977	0.00113	0.95629	0.35326	0.00872	0.00371	0.10684	0.03938	0.00748	0.20529	0.38708	0.00258	0.99136	0.71134
0.46057	0.59426	0.00209	0.92204	0.32932	0.00729	0.00458	0.06534	0.02551	0.00221	0.21032	0.40046	0.00109	0.96787	0.70472
0.46128	0.62444	0.00366	0.90423	0.33473	0.00659	0.00218	0.09472	0.02811	0.00144	0.21838	0.40147	0.00243	0.96941	0.70056
0.46653	0.6448	0.00307	0.93939	0.33587	0.00331	0.00325	0.07187	0.03903	0.00536	0.22005	0.3925	0.00317	1.00006	0.67823
0.42513	0.63118	0.0014	0.92484	0.3286	0.00511	0.0038	0.06093	0.03614	0.00606	0.22951	0.39007	0.0013	1.01209	0.67683
0.45699	0.66283	0.00343	0.96635	0.36038	0.00601	0.0028	0.06693	0.03266	0.00514	0.24076	0.37855	0.00234	0.97907	0.7047
0.50257	0.77316	0.00431	0.96083	0.38974	0.00252	0.00518	0.12009	0.04192	0.00483	0.22151	0.37864	0.00176	1.0121	0.69904
0.47026	0.73517	0.00133	0.95335	0.34166	0.00274	0.00493	0.0878	0.03951	0.00192	0.24385	0.38129	0.00322	0.97686	0.71278
0.46449	0.69109	0.00212	0.94443	0.36656	0.00118	0.00582	0.10122	0.04157	0.00229	0.21911	0.36742	0.00205	0.96751	0.68848
0.4331	0.69066	0.00228	0.90752	0.35818	0.00138	0.00801	0.08567	0.0385	0.00335	0.24892	0.3934	0.00297	0.96816	0.69643
0.46544	0.73178	0.00232	0.928	0.36915	0.00222	0.00778	0.08265	0.03474	0.00789	0.23944	0.37988	0.00364	0.99327	0.6861
0.50158	0.77036	0.00125	0.92817	0.36986	0.00335	0.00194	0.096	0.0363	0.00238	0.22917	0.39208	0.00257	0.97924	0.70498
0.45582	0.72814	0.00153	0.9031	0.35141	0.0036	0.00226	0.09424	0.03809	0.00701	0.21609	0.40406	0.0008	0.97861	0.67662
0.49405	0.71351	0.00466	0.94518	0.377	0.00358	0.0029	0.10342	0.03385	0.00464	0.20192	0.40553	0.00289	0.98018	0.68616
0.47901	0.71294	0.00848	0.94969	0.34221	0.00325	0.00578	0.09492	0.04255	0.00352	0.20568	0.39482	0.00361	0.97874	0.68476
0.43767	0.63626	0.00113	0.89302	0.34371	0.00133	0.00221	0.08265	0.03661	0.00712	0.21198	0.40241	0.00287	1.02072	0.69129
0.41368	0.72224	0.00113	0.91001	0.33369	0.00817	0.00829	0.06731	0.04406	0.00121	0.2068	0.38086	0.00334	1.05206	0.67696
0.43102	0.71889	0.00203	0.91306	0.33594	0.00458	0.00834	0.08067	0.03742	0.0037	0.23976	0.42144	0.00172	0.9833	0.66955
0.4916	0.72033	0.00115	0.91965	0.31535	0.01331	0.00475	0.08564	0.03485	0.00182	0.24758	0.39043	0.00272	1.01114	0.69028
0.5181	0.80322	0.00141	0.94595	0.38935	0.00221	0.00472	0.11182	0.0429	0.00404	0.22884	0.39228	0.00097	1.05563	0.68937
0.48463	0.76932	0.00165	0.94601	0.33791	0.00703	0.0071	0.12436	0.03767	0.00615	0.22261	0.38326	0.00178	0.98489	0.69472
0.48301	0.66392	0.00161	0.93448	0.34779	0.00627	0.00371	0.0951	0.03298	0.00796	0.21421	0.37174	0.003	1.00736	0.69317
0.48571	0.7009	0.0016	0.92087	0.32321	0.00438	0.00581	0.07623	0.02267	0.00089	0.22691	0.39	0.00211	0.99914	0.68699
0.44082	0.66984	0.00235	0.94036	0.34121	0.0038	0.00737	0.08201	0.02888	0.00168	0.20547	0.38354	0.00131	0.99754	0.69957
0.45492	0.69068	0.00304	0.92471	0.34355	0.00477	0.00409	0.09376	0.03568	0.00462	0.23268	0.37845	0.00257	0.95781	0.66748
0.49072	0.74926	0.00117	0.90508	0.33506	0.00215	0.00318	0.0907	0.03951	0.00208	0.23291	0.34607	0.00169	1.00589	0.7001
0.49476	0.70238	0.00312	0.92646	0.33886	0.00413	0.00666	0.10434	0.03099	0.00128	0.20229	0.34908	0.00148	1.00833	0.70513
0.43886	0.67419	0.0027	0.8933	0.32039	0.00532	0.0043	0.11256	0.02587	0.00289	0.22095	0.37833	0.00121	1.00652	0.69044
0.44925	0.62175	0.00249	0.91094	0.36386	0.00238	0.00458	0.08642	0.04022	0.00495	0.2106	0.36414	0.00075	1.02944	0.6958
