mass_1	mass_2	phase	time	distance	a_1	a_2	tilt_1	tilt_2	phi_12	phi_jl	theta_jn	psi	ra	dec
0.26821	0.26992	0.03758	0.68706	0.89451	0.07279	0.06752	0.21166	0.10203	0.04316	0.05598	0.11452	0.04254	0.40486	0.34108
0.25509	0.28231	0.04649	0.68025	0.90464	0.0648	0.05663	0.21923	0.09856	0.04215	0.05861	0.11721	0.04394	0.41791	0.34787
0.29299	0.2799	0.04337	0.68527	0.89951	0.06628	0.0631	0.24169	0.08095	0.05132	0.0414	0.12734	0.04773	0.43584	0.33316
0.27739	0.25585	0.04267	0.70134	0.90438	0.07353	0.06334	0.27382	0.09322	0.0462	0.04994	0.11563	0.04138	0.42709	0.34709
0.28014	0.3217	0.04215	0.69689	0.89861	0.07719	0.063	0.27477	0.08551	0.04565	0.05205	0.12893	0.04786	0.44326	0.33525
0.29941	0.25873	0.05185	0.70334	0.90461	0.06257	0.06856	0.24248	0.09015	0.0579	0.05375	0.10209	0.04239	0.42559	0.348
0.28831	0.28246	0.03857	0.70296	0.90118	0.07688	0.05706	0.23173	0.08526	0.05065	0.05029	0.09972	0.0505	0.4085	0.33044
0.30991	0.32979	0.03852	0.78055	0.90856	0.06544	0.05974	0.22401	0.08395	0.0419	0.04358	0.1113	0.04787	0.44875	0.33289
0.30463	0.29409	0.0493	0.74237	0.91384	0.06767	0.06498	0.23192	0.07877	0.04122	0.05028	0.10722	0.04524	0.43357	0.34223
0.27644	0.29292	0.05153	0.67495	0.92092	0.06711	0.06125	0.23997	0.09634	0.04547	0.05383	0.10252	0.04322	0.44433	0.32475
0.28954	0.30072	0.04846	0.77858	0.91578	0.07696	0.05253	0.24493	0.10326	0.04987	0.04576	0.10675	0.04757	0.42976	0.35049
0.29532	0.31813	0.05035	0.70673	0.92035	0.0688	0.06336	0.25151	0.10179	0.04807	0.04961	0.11198	0.04189	0.43429	0.31325
0.30553	0.34094	0.05204	0.72518	0.92435	0.08645	0.06485	0.2282	0.08579	0.04547	0.04736	0.11493	0.03569	0.44641	0.30714
0.3423	0.40709	0.04699	0.70251	0.92645	0.0642	0.06079	0.2434	0.08566	0.04852	0.04678	0.09242	0.03528	0.44122	0.32572
0.30194	0.31966	0.04285	0.8091	0.92469	0.07494	0.05987	0.22617	0.09867	0.04585	0.04627	0.10537	0.03501	0.42945	0.34546
0.3089	0.32395	0.04308	0.8004	0.92364	0.06407	0.06524	0.24102	0.09975	0.05121	0.04	0.11653	0.02584	0.4114	0.30794
0.33868	0.37585	0.04796	0.80619	0.92455	0.07289	0.0709	0.24832	0.10005	0.04811	0.03874	0.10842	0.02702	0.41497	0.30089
0.30975	0.3863	0.04277	0.79327	0.9275	0.058	0.04989	0.23929	0.09398	0.04046	0.04555	0.08325	0.0205	0.421	0.31494
0.32447	0.36371	0.0456	0.8043	0.92717	0.07241	0.0541	0.23372	0.09438	0.04327	0.04203	0.09971	0.02164	0.42828	0.30263
0.32964	0.39757	0.04359	0.80627	0.92856	0.06552	0.04644	0.23849	0.09249	0.04481	0.04439	0.12378	0.01661	0.41943	0.30887
0.36318	0.35994	0.03666	0.6848	0.92812	0.07674	0.05194	0.22915	0.10214	0.04393	0.04582	0.07696	0.01662	0.35466	0.30437
0.35341	0.41899	0.04211	0.74275	0.92672	0.07384	0.05338	0.2313	0.10664	0.04352	0.0386	0.10788	0.00662	0.40088	0.30684
0.34684	0.36806	0.04492	0.82578	0.93043	0.07109	0.04884	0.2396	0.10019	0.0371	0.03711	0.10003	0.00949	0.40937	0.3206
0.30072	0.42162	0.03622	0.81429	0.92822	0.05755	0.05139	0.24563	0.09944	0.03689	0.04041	0.11621	0.01213	0.40209	0.28837
0.32371	0.3424	0.04042	0.8289	0.93195	0.06627	0.04023	0.27347	0.1033	0.03938	0.0426	0.10332	0.01331	0.34442	0.28909
0.34349	0.4271	0.0374	0.77514	0.92868	0.06968	0.04229	0.2478	0.09888	0.03775	0.03204	0.09593	0.0042	0.37102	0.29534
0.35303	0.44804	0.04607	0.74719	0.92686	0.06736	0.04054	0.26105	0.10873	0.03763	0.03277	0.15437	0.00182	0.37694	0.30034
0.35831	0.40224	0.03443	0.7551	0.92889	0.08038	0.03815	0.24461	0.10687	0.04049	0.02869	0.08756	0.00675	0.37565	0.32655
0.38517	0.44108	0.03762	0.77867	0.93187	0.06678	0.04301	0.25346	0.10633	0.03343	0.03297	0.12414	0.00238	0.34008	0.30868
0.40119	0.40939	0.03738	0.76684	0.93058	0.04772	0.04537	0.25264	0.09788	0.03851	0.02696	0.08075	0.00707	0.34672	0.30361
0.40531	0.4628	0.04295	0.7057	0.92856	0.04849	0.04542	0.23518	0.10079	0.03741	0.02607	0.12232	0.00404	0.33475	0.29942
0.40235	0.52802	0.0328	0.72685	0.93	0.06538	0.04534	0.25691	0.0816	0.0369	0.03018	0.07803	0.0053	0.39093	0.32126
0.32695	0.4884	0.03249	0.80296	0.93051	0.07089	0.03979	0.27177	0.09989	0.03518	0.02359	0.07279	0.0027	0.36843	0.28697
0.36233	0.43363	0.03563	0.75352	0.93117	0.06226	0.04045	0.23114	0.08674	0.03972	0.01843	0.09054	0.00343	0.3216	0.30881
0.39632	0.48917	0.03263	0.74706	0.93186	0.04446	0.04556	0.2505	0.09166	0.03378	0.01591	0.12794	0.00135	0.30254	0.31825
0.36237	0.4862	0.02738	0.69285	0.93206	0.0755	0.0406	0.26193	0.07717	0.03275	0.01352	0.12886	0.00202	0.37296	0.31141
0.42217	0.5175	0.03518	0.78533	0.93381	0.05198	0.03913	0.25698	0.09272	0.03677	0.01929	0.11227	0.00229	0.36347	0.31461
0.37519	0.49927	0.03115	0.76002	0.93012	0.05637	0.04522	0.21099	0.11024	0.03644	0.00973	0.09304	0.00112	0.36762	0.29726
0.33965	0.44921	0.03405	0.7889	0.93155	0.05468	0.02985	0.23085	0.09337	0.03414	0.00851	0.11459	0.00118	0.32974	0.28286
0.37822	0.43408	0.03708	0.75069	0.92823	0.04554	0.03981	0.25987	0.09215	0.03644	0.01291	0.0689	0.00477	0.3144	0.27894
0.40996	0.56955	0.02765	0.77948	0.93122	0.04425	0.04523	0.24316	0.09642	0.03216	0.01583	0.05165	0.00595	0.34189	0.2782
0.43244	0.56538	0.03756	0.75307	0.93168	0.05408	0.04264	0.22388	0.08855	0.03009	0.01389	0.08033	0.00144	0.32592	0.28704
0.43534	0.50515	0.0274	0.79009	0.9307	0.05318	0.04083	0.22594	0.07682	0.03439	0.01484	0.09297	0.00211	0.30306	0.29447
0.39869	0.48597	0.02692	0.77113	0.93071	0.06101	0.04529	0.24186	0.08981	0.03315	0.00833	0.09177	0.00196	0.29352	0.3003
0.39884	0.46186	0.03267	0.75628	0.93383	0.04695	0.04928	0.24437	0.09232	0.03104	0.00778	0.13769	0.00185	0.29269	0.27881
0.43334	0.56036	0.0274	0.73315	0.93218	0.05058	0.03721	0.22719	0.08524	0.02898	0.01105	0.08976	0.0038	0.30858	0.31367
0.38962	0.4335	0.0292	0.82268	0.93333	0.04875	0.0419	0.23595	0.09794	0.03689	0.00339	0.12648	0.00153	0.3152	0.30293
0.43568	0.51039	0.03046	0.80163	0.93249	0.05148	0.0415	0.22183	0.08988	0.03473	0.01144	0.09593	0.00214	0.30905	0.28387
0.43034	0.50561	0.02938	0.81217	0.93363	0.04232	0.04183	0.22388	0.09535	0.02703	0.00558	0.14009	0.00132	0.3589	0.28516
0.44557	0.52981	0.02298	0.8292	0.93202	0.04008	0.0398	0.23712	0.10012	0.03042	0.01354	0.12139	0.00077	0.32841	0.29388
0.3961	0.46734	0.02849	0.79849	0.93317	0.04464	0.04371	0.2539	0.09396	0.03109	0.01217	0.08933	0.00159	0.2891	0.30463
0.44629	0.50811	0.02449	0.76712	0.93056	0.04372	0.03676	0.2534	0.09913	0.03238	0.01122	0.10703	0.00119	0.35665	0.313
0.41496	0.56075	0.02862	0.80992	0.93163	0.04152	0.04499	0.23248	0.09428	0.03075	0.0071	0.08325	0.0045	0.29723	0.30625
0.47429	0.6192	0.0227	0.74452	0.93152	0.04855	0.0412	0.20756	0.08146	0.03293	0.00427	0.09649	0.00179	0.31629	0.27875
0.39808	0.51501	0.02882	0.79091	0.9327	0.04336	0.04244	0.22993	0.08213	0.02797	0.00477	0.14713	0.00168	0.36607	0.28887
0.42618	0.57207	0.02063	0.821	0.93195	0.0417	0.04148	0.22582	0.08056	0.03487	0.01033	0.1022	0.00147	0.35645	0.2919
0.43248	0.62501	0.01818	0.77309	0.93086	0.04128	0.04947	0.2122	0.09717	0.03342	0.00781	0.0997	0.00452	0.39682	0.29933
0.43095	0.52578	0.02608	0.77537	0.93231	0.04434	0.04061	0.21346	0.09018	0.02956	0.00564	0.07929	0.00142	0.2973	0.30216
0.42482	0.54829	0.02247	0.76379	0.93308	0.03911	0.03667	0.20271	0.08405	0.02641	0.00273	0.06487	0.00156	0.3035	0.314
0.47599	0.58451	0.02438	0.77908	0.93298	0.03613	0.03805	0.19842	0.09429	0.02183	0.00863	0.08543	0.00253	0.32934	0.28552
0.45518	0.57636	0.01779	0.79928	0.93154	0.0484	0.03628	0.23563	0.08593	0.02844	0.00361	0.09752	0.00112	0.32041	0.30832
0.40703	0.45151	0.01912	0.77499	0.93403	0.04129	0.04469	0.24593	0.08343	0.02908	0.00333	0.10004	0.00103	0.32933	0.3116
0.42433	0.4858	0.01967	0.76537	0.93503	0.0499	0.04112	0.23973	0.09585	0.02868	0.00349	0.07424	0.00153	0.39086	0.2861
0.46594	0.49576	0.01624	0.7782	0.93538	0.03781	0.04238	0.25645	0.07713	0.02683	0.00391	0.11819	0.00272	0.32701	0.3044
0.46126	0.53299	0.01876	0.74169	0.93406	0.04927	0.03897	0.21166	0.09573	0.02858	0.00202	0.0762	0.00136	0.32291	0.30629
0.45926	0.55611	0.01187	0.77401	0.93356	0.04155	0.0395	0.24018	0.0986	0.02588	0.00314	0.11374	0.0013	0.3175	0.30419
0.51132	0.59366	0.02177	0.72493	0.93217	0.04703	0.04328	0.22973	0.07791	0.02922	0.00267	0.06706	0.00183	0.2981	0.29428
0.46106	0.59232	0.02099	0.77843	0.93217	0.04456	0.03909	0.23148	0.09259	0.03102	0.00225	0.08361	0.00598	0.39836	0.31236
0.45034	0.51683	0.01717	0.77049	0.93403	0.04455	0.04484	0.23894	0.07799	0.0263	0.00389	0.06289	0.00191	0.34074	0.29346
0.45148	0.56864	0.01471	0.77595	0.93274	0.0395	0.045	0.23227	0.07522	0.02256	0.00875	0.06379	0.00178	0.30354	0.29817
0.5133	0.59896	0.01666	0.72476	0.93357	0.05319	0.03779	0.20753	0.06861	0.02045	0.0022	0.05724	0.00132	0.41151	0.29292
0.44467	0.52646	0.01247	0.76179	0.9327	0.04762	0.04198	0.25034	0.08512	0.02509	0.0033	0.12285	0.00126	0.34498	0.31217
0.45984	0.51922	0.01724	0.81387	0.93351	0.05336	0.03478	0.22142	0.08263	0.02134	0.00417	0.10322	0.00261	0.24679	0.30864
0.46749	0.54657	0.01364	0.76003	0.93492	0.05143	0.03922	0.23029	0.09884	0.0232	0.00345	0.1279	0.00245	0.30901	0.31998
0.48042	0.55614	0.01209	0.79795	0.93128	0.04329	0.04389	0.23616	0.07851	0.0209	0.00661	0.07994	0.00085	0.30579	0.30219
0.51622	0.58649	0.01211	0.79764	0.9348	0.04387	0.03926	0.22106	0.08246	0.01701	0.00285	0.07123	0.00337	0.25566	0.31561
0.46575	0.51629	0.01249	0.79763	0.93366	0.03951	0.03847	0.23859	0.09226	0.0181	0.00873	0.06662	0.00161	0.28274	0.31875
0.39836	0.45873	0.01154	0.71903	0.93372	0.05994	0.03105	0.24987	0.08376	0.01755	0.00399	0.09821	0.00177	0.28453	0.32668
0.40443	0.44142	0.01417	0.77097	0.93106	0.06139	0.03389	0.24944	0.08863	0.02349	0.00166	0.0945	0.00177	0.25243	0.32559
0.42843	0.4102	0.01673	0.7831	0.93552	0.05784	0.02691	0.24439	0.06848	0.02026	0.00318	0.10185	0.00149	0.23957	0.30758
0.46112	0.48855	0.01476	0.80179	0.93635	0.04325	0.04208	0.20971	0.0837	0.01426	0.0043	0.08849	0.00131	0.24512	0.3238
0.48308	0.55072	0.02044	0.79826	0.9345	0.04392	0.03913	0.21576	0.08419	0.01497	0.00168	0.09385	0.00173	0.30849	0.30985
0.50359	0.56322	0.01688	0.79973	0.93474	0.03991	0.04369	0.22857	0.06751	0.01591	0.00461	0.08366	0.00234	0.20461	0.29604
0.5665	0.54878	0.01719	0.79892	0.93348	0.04496	0.04512	0.21785	0.08862	0.016	0.00341	0.05435	0.0028	0.20243	0.31062
0.46724	0.49811	0.01213	0.8064	0.9353	0.03757	0.03139	0.23224	0.07128	0.01725	0.00352	0.06629	0.00175	0.21923	0.3141
0.47351	0.51268	0.00995	0.78417	0.93385	0.04466	0.04059	0.20926	0.07451	0.01693	0.00293	0.08298	0.00207	0.29009	0.28225
0.55273	0.59355	0.01338	0.79635	0.93624	0.04629	0.04545	0.19901	0.0737	0.01444	0.00264	0.05724	0.00099	0.24869	0.31353
0.53408	0.54383	0.01053	0.79484	0.936	0.0563	0.03948	0.20887	0.06897	0.02166	0.0047	0.07079	0.00208	0.33918	0.30772
0.50487	0.55809	0.01145	0.79778	0.93518	0.04865	0.03679	0.21973	0.07467	0.01747	0.00606	0.07485	0.00227	0.3142	0.29154
0.43416	0.49663	0.01186	0.77108	0.93249	0.0438	0.03727	0.2361	0.0857	0.01187	0.00259	0.07632	0.0023	0.25332	0.30674
0.36825	0.34824	0.01391	0.78964	0.93384	0.06014	0.03571	0.22729	0.08527	0.01477	0.00175	0.08012	0.00184	0.18908	0.32089
0.45208	0.36227	0.01138	0.79137	0.93316	0.03781	0.03956	0.24349	0.07625	0.01928	0.0039	0.10136	0.00132	0.30284	0.30346
0.42427	0.4231	0.0115	0.79574	0.93272	0.04009	0.04199	0.23273	0.07401	0.01873	0.01036	0.06387	0.00149	0.37533	0.28115
0.36192	0.36397	0.01439	0.79914	0.93326	0.05021	0.04287	0.22719	0.0861	0.01169	0.00593	0.08571	0.00166	0.25525	0.31857
0.46425	0.44833	0.01035	0.79937	0.9333	0.04097	0.03622	0.2358	0.0752	0.01432	0.00338	0.09033	0.00121	0.37111	0.31135
0.52127	0.42913	0.01499	0.79992	0.93376	0.04682	0.04338	0.21072	0.0767	0.01869	0.00302	0.11382	0.00265	0.34897	0.29225
0.5437	0.52439	0.02098	0.78018	0.93324	0.03855	0.04615	0.20516	0.09041	0.01699	0.0035	0.06684	0.00312	0.2918	0.30844
0.45851	0.37966	0.01041	0.79279	0.9359	0.05869	0.04007	0.21018	0.07335	0.01849	0.00246	0.08155	0.00294	0.2367	0.29563
0.56995	0.57559	0.0121	0.82829	0.93534	0.0417	0.03295	0.23293	0.07116	0.01579	0.00262	0.03583	0.00066	0.21029	0.30339
0.39909	0.36908	0.00896	0.77914	0.93299	0.04017	0.03331	0.24224	0.07988	0.01305	0.00238	0.08619	0.00211	0.22122	0.29829
0.50554	0.47796	0.01217	0.77209	0.93439	0.04637	0.03953	0.22533	0.08434	0.0121	0.00476	0.05372	0.00131	0.26312	0.32261
0.58213	0.53079	0.01681	0.80269	0.93485	0.04004	0.03763	0.19741	0.07645	0.0144	0.00397	0.05966	0.0013	0.27385	0.31648
0.46373	0.46628	0.01256	0.78558	0.934	0.04886	0.04275	0.2069	0.07772	0.01165	0.00331	0.07424	0.0011	0.30713	0.294
0.51409	0.59117	0.01172	0.79546	0.93392	0.0525	0.04271	0.20471	0.07775	0.01334	0.00234	0.07868	0.00262	0.37504	0.29575
0.49823	0.53785	0.01096	0.79837	0.93432	0.04743	0.04204	0.20362	0.06312	0.02067	0.00256	0.03994	0.00312	0.34863	0.31797
0.39531	0.38234	0.01273	0.78208	0.93394	0.05757	0.04151	0.22707	0.07534	0.01382	0.00269	0.07267	0.00145	0.35969	0.3203
0.39499	0.38687	0.01495	0.78382	0.93344	0.04626	0.03683	0.23232	0.07861	0.01436	0.00647	0.03323	0.00223	0.43031	0.31881
0.37041	0.35557	0.01097	0.80111	0.93198	0.04942	0.03887	0.24688	0.07925	0.01604	0.00692	0.07863	0.00213	0.32518	0.32158
0.397	0.46582	0.01261	0.78633	0.9329	0.04897	0.03927	0.23215	0.06486	0.01208	0.00365	0.07096	0.00188	0.35016	0.31463
0.47946	0.51657	0.00702	0.80873	0.93354	0.05363	0.03491	0.20512	0.0624	0.01315	0.00415	0.05299	0.00467	0.35163	0.29359
0.35603	0.44593	0.01623	0.80191	0.93345	0.04914	0.04786	0.2308	0.07353	0.01423	0.00325	0.10665	0.00186	0.37077	0.30395
0.42692	0.41151	0.00756	0.79985	0.93381	0.04788	0.03766	0.19977	0.07606	0.0158	0.00346	0.04957	0.00073	0.34041	0.3133
0.46269	0.48991	0.01001	0.79868	0.93387	0.05908	0.03837	0.20775	0.06931	0.01198	0.00256	0.05825	0.00196	0.32774	0.31911
0.3598	0.39078	0.00946	0.79839	0.93516	0.04545	0.04363	0.23857	0.07044	0.0085	0.00697	0.09071	0.00119	0.31382	0.30371
0.5194	0.51129	0.01016	0.79404	0.934	0.04519	0.04032	0.23258	0.0755	0.0159	0.00735	0.07981	0.00114	0.29868	0.29469
0.45891	0.38555	0.01276	0.78027	0.9348	0.06236	0.04046	0.22666	0.06813	0.01507	0.00289	0.12799	0.00395	0.24687	0.30643
0.3614	0.39081	0.01187	0.792	0.93288	0.05229	0.03378	0.24419	0.07856	0.01325	0.00326	0.09553	0.00084	0.30619	0.31688
0.47862	0.48158	0.00881	0.79865	0.93336	0.05503	0.04174	0.22764	0.05707	0.01512	0.00261	0.10007	0.00229	0.37595	0.28814
0.39442	0.38361	0.01129	0.79352	0.93479	0.04614	0.04216	0.23993	0.07372	0.01712	0.00672	0.11531	0.00089	0.29737	0.3039
0.32579	0.38501	0.00987	0.78915	0.9329	0.05383	0.04346	0.26126	0.07231	0.01205	0.003	0.12184	0.00315	0.29286	0.30294
0.3959	0.44061	0.01172	0.78968	0.93259	0.05203	0.03468	0.24071	0.08264	0.01318	0.00305	0.07107	0.00141	0.28964	0.31263
0.50944	0.58611	0.0118	0.81287	0.93621	0.04619	0.03948	0.2059	0.06225	0.01611	0.00651	0.04938	0.00197	0.34928	0.31125
0.52798	0.60229	0.00622	0.77194	0.93391	0.03658	0.03771	0.21363	0.05684	0.0148	0.00282	0.05298	0.0008	0.38431	0.28878
0.42692	0.44423	0.00827	0.79478	0.93438	0.04266	0.04241	0.20937	0.07531	0.01446	0.00154	0.08455	0.00212	0.38812	0.30304
0.38055	0.36501	0.00879	0.7788	0.93308	0.05019	0.03521	0.2316	0.06896	0.01041	0.0029	0.06675	0.00088	0.40201	0.29539
0.46969	0.40512	0.01098	0.77756	0.93443	0.04946	0.03626	0.21387	0.08169	0.01309	0.0052	0.06118	0.00165	0.38479	0.29553
0.38096	0.35504	0.01094	0.76975	0.93225	0.03808	0.0349	0.23273	0.08753	0.00785	0.00298	0.1341	0.00099	0.43841	0.32261
0.42388	0.48169	0.00752	0.79782	0.93083	0.05475	0.03935	0.22143	0.0684	0.01503	0.00222	0.09042	0.00142	0.47976	0.31375
0.46953	0.46445	0.01004	0.77225	0.93265	0.04824	0.03582	0.19933	0.08914	0.01188	0.00222	0.06324	0.00171	0.3857	0.29542
0.35738	0.29687	0.01159	0.763	0.93259	0.05047	0.04045	0.23354	0.08294	0.0123	0.00237	0.08092	0.00179	0.38644	0.29357
0.40683	0.39064	0.00794	0.79048	0.9328	0.04543	0.03509	0.24752	0.08257	0.0166	0.00381	0.10413	0.00079	0.49901	0.30587
0.41258	0.37302	0.00811	0.80108	0.93415	0.04505	0.0416	0.24026	0.07776	0.01291	0.00222	0.14957	0.00144	0.5081	0.29481
0.47983	0.49388	0.01095	0.78209	0.93262	0.04677	0.04218	0.2012	0.0628	0.01683	0.00373	0.06907	0.00161	0.46542	0.30442
0.37099	0.39519	0.00993	0.78468	0.9326	0.05134	0.03518	0.21556	0.06562	0.00932	0.00381	0.12625	0.00143	0.39591	0.30265
0.33553	0.3795	0.00866	0.79346	0.93217	0.05087	0.03748	0.23026	0.07581	0.0104	0.00184	0.14276	0.00068	0.43934	0.29856
0.32559	0.35205	0.00788	0.79982	0.9319	0.05325	0.03801	0.24648	0.07951	0.01392	0.00546	0.09565	0.00148	0.39656	0.31289
0.4313	0.47191	0.00741	0.81954	0.93191	0.04722	0.04459	0.22319	0.07207	0.01379	0.00356	0.11059	0.00096	0.41239	0.29172
0.40678	0.43235	0.00815	0.80543	0.93363	0.03928	0.03647	0.23702	0.06166	0.00902	0.00302	0.10095	0.0036	0.33822	0.30246
0.48129	0.4707	0.01074	0.78504	0.93397	0.04913	0.03431	0.23223	0.08621	0.00987	0.00389	0.08953	0.0022	0.44955	0.29706
0.3223	0.36015	0.00799	0.75805	0.93154	0.04537	0.03698	0.2353	0.06817	0.01396	0.00298	0.1009	0.00125	0.37101	0.30432
0.44296	0.45221	0.00902	0.77587	0.93436	0.03977	0.03064	0.23635	0.06807	0.01241	0.00265	0.08906	0.00087	0.44007	0.31373
0.36716	0.39799	0.00874	0.76533	0.93105	0.04725	0.03682	0.22992	0.07966	0.00761	0.00229	0.091	0.00298	0.46344	0.29971
0.40248	0.39333	0.00697	0.74677	0.93384	0.04402	0.03678	0.23707	0.07862	0.00921	0.00349	0.09926	0.00139	0.45097	0.28327
0.45004	0.42533	0.0088	0.76369	0.93226	0.05056	0.03983	0.21991	0.05094	0.0163	0.00392	0.06552	0.00086	0.50277	0.30961
0.46763	0.47191	0.01003	0.78139	0.93257	0.04321	0.03241	0.18686	0.0655	0.00707	0.00391	0.09053	0.00137	0.40209	0.30736
0.46056	0.48974	0.01081	0.78466	0.93206	0.04052	0.03327	0.21773	0.07755	0.0104	0.00283	0.08458	0.00112	0.47994	0.30855
0.40932	0.42482	0.00851	0.7648	0.93428	0.04486	0.03251	0.22901	0.07336	0.01167	0.00575	0.06468	0.00152	0.43516	0.29142
0.46345	0.4822	0.01345	0.78513	0.93148	0.04819	0.04653	0.23706	0.06628	0.01337	0.00392	0.06523	0.00144	0.41149	0.28849
0.5158	0.50697	0.01324	0.79488	0.93551	0.04989	0.04538	0.21898	0.05919	0.01251	0.00587	0.06144	0.00076	0.37583	0.28603
0.39433	0.37557	0.00668	0.77105	0.93122	0.05187	0.037	0.23173	0.0641	0.0143	0.00535	0.08441	0.00163	0.39683	0.31371
0.4794	0.47034	0.00888	0.77107	0.93249	0.04745	0.04135	0.20674	0.08039	0.01063	0.00254	0.05719	0.00164	0.41846	0.27635
0.42196	0.42526	0.01149	0.80456	0.93236	0.04206	0.03822	0.21718	0.07637	0.01019	0.00294	0.07439	0.0021	0.3871	0.28979
0.40149	0.40628	0.00951	0.7803	0.93191	0.04288	0.03491	0.24143	0.09309	0.01106	0.00402	0.09398	0.00176	0.40346	0.3131
0.40423	0.45421	0.01118	0.80146	0.93113	0.04427	0.04223	0.2414	0.0786	0.01351	0.00552	0.1246	0.00117	0.52295	0.31371
0.34383	0.29103	0.00805	0.77256	0.93053	0.03596	0.0403	0.26087	0.08859	0.01135	0.00284	0.12991	0.00187	0.39292	0.28779
0.33045	0.30824	0.00523	0.78757	0.93135	0.04887	0.04368	0.2403	0.06963	0.00928	0.00388	0.16615	0.0018	0.47031	0.30959
0.29865	0.27663	0.00766	0.77227	0.93222	0.04177	0.04184	0.26698	0.0822	0.01517	0.00208	0.10882	0.00198	0.45961	0.29016
0.37736	0.36833	0.01223	0.78146	0.93063	0.04358	0.03125	0.25663	0.07067	0.01725	0.002	0.07873	0.003	0.4859	0.30683
0.39817	0.39019	0.00966	0.80461	0.93261	0.04492	0.0372	0.2153	0.0794	0.00847	0.00083	0.07711	0.00172	0.4948	0.3011
0.3245	0.31151	0.0054	0.77634	0.93248	0.05308	0.0332	0.23323	0.083	0.00955	0.00274	0.07291	0.00398	0.47757	0.32084
0.34253	0.34464	0.00755	0.80159	0.93177	0.04884	0.03913	0.24827	0.07936	0.01032	0.00261	0.09848	0.00129	0.45275	0.33048
0.31383	0.23445	0.00864	0.77415	0.93206	0.04079	0.04136	0.26251	0.07588	0.00825	0.00305	0.11651	0.00185	0.45999	0.30463
0.37699	0.32224	0.00815	0.77242	0.93378	0.04761	0.032	0.24165	0.07822	0.00868	0.00398	0.11421	0.00165	0.45377	0.2843
0.36662	0.33239	0.00764	0.76878	0.93317	0.03921	0.03993	0.24591	0.06714	0.01469	0.00276	0.12591	0.00152	0.48553	0.29538
0.41233	0.4075	0.00841	0.78226	0.93337	0.04442	0.02705	0.25292	0.0799	0.01234	0.0045	0.08088	0.00107	0.48319	0.28739
0.38427	0.41501	0.0109	0.77814	0.93304	0.04832	0.03712	0.2424	0.0667	0.00995	0.00488	0.11874	0.0027	0.45398	0.29923
0.40406	0.41912	0.00633	0.80547	0.93283	0.04287	0.03491	0.22609	0.08196	0.00874	0.00319	0.05278	0.00112	0.49471	0.29732
0.30537	0.30878	0.00489	0.78344	0.93276	0.03416	0.03949	0.24171	0.08193	0.00877	0.00222	0.09255	0.00084	0.45121	0.2934
0.23984	0.21627	0.0058	0.78825	0.93359	0.03836	0.03386	0.28037	0.08958	0.01014	0.00413	0.13724	0.00127	0.43768	0.29862
0.26417	0.26955	0.00681	0.77953	0.93154	0.04355	0.03849	0.28061	0.08211	0.01109	0.00269	0.16259	0.00122	0.4595	0.30554
0.29056	0.27879	0.00763	0.81855	0.9311	0.05069	0.03891	0.27611	0.07822	0.00859	0.00388	0.13553	0.00232	0.54096	0.30586
0.28045	0.27023	0.00802	0.79252	0.93167	0.04198	0.0335	0.23836	0.06855	0.01509	0.00298	0.09453	0.00139	0.35161	0.30007
0.28029	0.27639	0.00714	0.79652	0.93276	0.04335	0.0409	0.26197	0.09223	0.00705	0.00304	0.11719	0.00192	0.37639	0.30232
0.34349	0.34742	0.00718	0.79254	0.93198	0.05017	0.03869	0.24919	0.07496	0.01348	0.00386	0.14093	0.00153	0.43881	0.29933
0.31839	0.32681	0.00517	0.78807	0.93162	0.05362	0.03357	0.26503	0.07489	0.01132	0.00238	0.11574	0.00098	0.40665	0.30496
0.37924	0.38318	0.00486	0.7884	0.9345	0.0431	0.03847	0.22961	0.072	0.01116	0.00934	0.09149	0.00368	0.43778	0.29731
0.28867	0.37875	0.00695	0.78149	0.93291	0.03862	0.03527	0.2272	0.08183	0.01519	0.00373	0.08427	0.00075	0.39435	0.28325
0.38109	0.35035	0.00399	0.78144	0.93348	0.03917	0.03573	0.22202	0.07656	0.0072	0.00223	0.07363	0.00076	0.35803	0.29127
0.48808	0.4797	0.00687	0.80918	0.93066	0.04172	0.03535	0.22897	0.06706	0.01412	0.00153	0.06963	0.00132	0.40331	0.30438
0.45958	0.38529	0.0036	0.77323	0.93256	0.04095	0.02988	0.24389	0.07243	0.01263	0.0044	0.08048	0.00171	0.42473	0.29398
0.4006	0.3937	0.00388	0.77843	0.93395	0.04999	0.03465	0.21902	0.07594	0.01209	0.0019	0.06617	0.00097	0.40442	0.29921
0.32646	0.32754	0.00688	0.78172	0.93073	0.03544	0.03632	0.25639	0.08236	0.01107	0.00358	0.10646	0.00114	0.47007	0.30466
0.26613	0.25111	0.00855	0.75966	0.93079	0.03432	0.02857	0.25562	0.08312	0.00995	0.00179	0.11597	0.00155	0.46129	0.29715
0.34445	0.33714	0.01045	0.77188	0.93232	0.04168	0.0368	0.25138	0.07174	0.01354	0.00395	0.09609	0.00606	0.35084	0.30298
0.30171	0.27005	0.0068	0.778	0.93309	0.04812	0.0332	0.27349	0.08782	0.01249	0.00174	0.08328	0.00167	0.30838	0.30856
0.29129	0.23147	0.01161	0.77889	0.93031	0.02674	0.04533	0.26222	0.06823	0.00491	0.00355	0.10248	0.00153	0.43837	0.31782
0.28631	0.27245	0.00774	0.76727	0.93139	0.04434	0.03944	0.2339	0.08832	0.01021	0.00234	0.13572	0.00083	0.49278	0.31924
0.27638	0.26328	0.00467	0.7914	0.93216	0.02804	0.03213	0.25366	0.08693	0.00866	0.00406	0.11731	0.00344	0.47736	0.29466
0.21246	0.14989	0.00966	0.78117	0.93123	0.04444	0.03783	0.26528	0.09072	0.01103	0.00281	0.14214	0.00185	0.40366	0.28484
0.33684	0.31617	0.00388	0.79363	0.9309	0.03509	0.0365	0.24413	0.0854	0.01115	0.00199	0.10414	0.00176	0.33556	0.33065
0.46078	0.44993	0.0085	0.80601	0.93385	0.03849	0.03603	0.2296	0.08952	0.01421	0.00322	0.06365	0.00131	0.42641	0.29274
0.37606	0.39937	0.00845	0.80137	0.93238	0.04974	0.03515	0.23391	0.08781	0.01082	0.0028	0.07835	0.00107	0.41301	0.27894
0.28949	0.26923	0.00813	0.78529	0.93219	0.04096	0.0362	0.24307	0.07445	0.00893	0.0027	0.11603	0.00147	0.45481	0.29496
0.31369	0.31582	0.00683	0.7844	0.93342	0.0427	0.02953	0.26894	0.07506	0.003	0.00346	0.16516	0.00119	0.47327	0.30228
0.40762	0.43209	0.00626	0.79335	0.9333	0.03893	0.03342	0.23378	0.07824	0.00774	0.00205	0.07787	0.00115	0.46788	0.29838
0.30595	0.25432	0.00443	0.79843	0.93159	0.03412	0.04094	0.25796	0.09168	0.00481	0.00343	0.15567	0.00163	0.43676	0.28192
0.32166	0.26521	0.00841	0.76663	0.93295	0.04137	0.04047	0.25357	0.08111	0.00887	0.00401	0.07287	0.00479	0.30961	0.28037
0.3452	0.35941	0.00567	0.77355	0.93318	0.04627	0.03837	0.22495	0.07508	0.01439	0.00249	0.0988	0.00348	0.42937	0.29645
0.44589	0.49866	0.00658	0.80006	0.93474	0.03822	0.03458	0.23213	0.07076	0.00994	0.00166	0.07693	0.00127	0.3795	0.28174
0.33464	0.29718	0.00815	0.78722	0.93232	0.04194	0.03839	0.24709	0.07024	0.01097	0.00345	0.10046	0.00174	0.45823	0.28424
0.45842	0.44305	0.00158	0.7916	0.9338	0.0395	0.0382	0.23526	0.07977	0.00777	0.00255	0.05097	0.00153	0.40306	0.29976
0.3853	0.32479	0.00406	0.79549	0.93183	0.03751	0.0353	0.23762	0.0792	0.00685	0.00368	0.05769	0.00139	0.43778	0.29493
0.27042	0.24721	0.00207	0.77822	0.93127	0.0339	0.03395	0.2585	0.09199	0.00862	0.00455	0.11976	0.00144	0.48451	0.29386
0.33913	0.30422	0.00495	0.8079	0.93108	0.04456	0.03069	0.2566	0.06791	0.01084	0.00217	0.10366	0.00141	0.45034	0.32014
0.31888	0.26142	0.00613	0.78565	0.93094	0.04488	0.03674	0.26534	0.06584	0.00679	0.00374	0.08901	0.00235	0.36753	0.29268
0.40519	0.4084	0.00668	0.80405	0.93199	0.05911	0.03031	0.24374	0.07091	0.01179	0.00383	0.09498	0.00118	0.46773	0.28461
0.37864	0.33562	0.00702	0.81874	0.93185	0.05051	0.03567	0.24947	0.08442	0.00801	0.00297	0.09851	0.00282	0.48417	0.29847
0.4035	0.4002	0.00636	0.80907	0.93248	0.05698	0.0381	0.21897	0.08812	0.01099	0.0029	0.12454	0.00189	0.49786	0.29282
0.4642	0.44858	0.00688	0.81466	0.93325	0.04629	0.03811	0.22301	0.06676	0.01197	0.00152	0.11777	0.00098	0.46486	0.3126
0.29486	0.25612	0.00227	0.80063	0.93142	0.05425	0.03915	0.26779	0.08524	0.00561	0.00059	0.15849	0.00134	0.47649	0.28805
0.3559	0.3741	0.00453	0.80473	0.93377	0.05623	0.04117	0.24627	0.06266	0.01419	0.00259	0.12123	0.00181	0.42752	0.28328
0.37586	0.35978	0.00741	0.804	0.93197	0.061	0.03807	0.25123	0.08175	0.00821	0.00378	0.12642	0.00295	0.49379	0.28284
0.41139	0.38263	0.00345	0.79233	0.9333	0.04578	0.04239	0.21755	0.06691	0.0078	0.00346	0.08842	0.00103	0.45878	0.28477
0.3112	0.2507	0.00652	0.80666	0.93125	0.04892	0.03672	0.26843	0.08009	0.01462	0.00169	0.14466	0.00133	0.44381	0.29787
0.35834	0.35166	0.00568	0.80002	0.93232	0.03648	0.03471	0.2452	0.06332	0.00977	0.00108	0.05886	0.00147	0.26484	0.29164
0.34386	0.31414	0.0051	0.80436	0.93245	0.03397	0.04195	0.24701	0.07305	0.00743	0.00574	0.13321	0.00494	0.36535	0.28589
0.44989	0.38922	0.0013	0.8073	0.93371	0.04461	0.03496	0.23722	0.06853	0.00907	0.00103	0.07332	0.00127	0.37484	0.29027
0.26302	0.22414	0.00524	0.80414	0.93339	0.0398	0.03859	0.28234	0.07485	0.00183	0.00454	0.09495	0.00133	0.36616	0.26251
0.43505	0.43493	0.00563	0.79968	0.93176	0.03838	0.03185	0.22353	0.07382	0.0153	0.00217	0.07173	0.00119	0.44336	0.28284
0.45998	0.43845	0.0069	0.81039	0.93314	0.03757	0.03988	0.21771	0.08149	0.00251	0.00197	0.07366	0.00257	0.31443	0.29052
0.45497	0.45956	0.00439	0.79701	0.93251	0.03795	0.03192	0.22903	0.07251	0.00794	0.00159	0.06065	0.00198	0.33429	0.30672
0.47939	0.52808	0.00669	0.80174	0.93052	0.04829	0.03551	0.18873	0.0667	0.00724	0.00386	0.06818	0.00129	0.46475	0.28033
0.37284	0.36353	0.00713	0.79931	0.93075	0.06268	0.03362	0.22994	0.05765	0.00929	0.00254	0.09713	0.00272	0.35595	0.30717
0.47934	0.44646	0.0045	0.77781	0.93233	0.03321	0.03168	0.22665	0.08734	0.00785	0.00164	0.0978	0.0013	0.43421	0.29093
0.37259	0.37692	0.00226	0.79368	0.93305	0.04313	0.0398	0.23466	0.06899	0.0093	0.00416	0.12045	0.00087	0.48688	0.27666
0.43811	0.50518	0.00646	0.79561	0.93193	0.04961	0.0282	0.21536	0.06196	0.00591	0.00735	0.11146	0.00116	0.50852	0.27854
0.41412	0.4422	0.00869	0.80039	0.93296	0.04343	0.03672	0.26227	0.0696	0.00504	0.00422	0.08418	0.00264	0.38078	0.2888
0.36811	0.29558	0.00197	0.8074	0.93086	0.05261	0.03617	0.25032	0.06877	0.00994	0.00259	0.13678	0.00134	0.50951	0.28762
0.33462	0.34509	0.00617	0.81275	0.92953	0.05043	0.04226	0.26757	0.06755	0.01189	0.00258	0.15707	0.00132	0.4555	0.28637
0.31496	0.3119	0.0078	0.81681	0.93019	0.0525	0.03399	0.27019	0.07343	0.0118	0.00551	0.15021	0.00246	0.50162	0.28428
0.37065	0.38576	0.01137	0.79112	0.93043	0.03902	0.0311	0.24097	0.0885	0.009	0.00619	0.12114	0.0019	0.47181	0.2642
0.37411	0.4521	0.00236	0.79904	0.93016	0.04489	0.03947	0.24129	0.06876	0.00971	0.0034	0.11544	0.00202	0.41905	0.30145
0.33359	0.32258	0.00546	0.80694	0.93103	0.04497	0.03582	0.2366	0.07846	0.00679	0.00269	0.13652	0.00258	0.41732	0.27671
0.3435	0.30482	0.00667	0.79973	0.93278	0.03384	0.03401	0.24221	0.07669	0.0109	0.0062	0.1383	0.00117	0.41386	0.27289
0.34919	0.35272	0.00459	0.78278	0.93211	0.04934	0.0307	0.2443	0.06337	0.00568	0.00174	0.13575	0.00249	0.40784	0.30172
0.41768	0.4369	0.00702	0.80743	0.93237	0.0415	0.03351	0.23296	0.06577	0.01003	0.00251	0.10696	0.00099	0.45879	0.28455
0.45513	0.43102	0.00809	0.80207	0.93254	0.04475	0.03986	0.22309	0.07549	0.00711	0.00317	0.07024	0.0013	0.40699	0.28447
0.47728	0.50399	0.00355	0.80096	0.93171	0.05198	0.04229	0.2093	0.06581	0.00576	0.00215	0.06895	0.00154	0.40832	0.26679
0.54188	0.54256	0.00365	0.78747	0.93532	0.04091	0.03302	0.19184	0.06545	0.01032	0.00442	0.08083	0.00205	0.47727	0.27837
0.41056	0.41036	0.00813	0.79607	0.93181	0.04956	0.03355	0.20756	0.0732	0.01063	0.00282	0.08718	0.00359	0.38017	0.24798
0.42521	0.46316	0.0043	0.79242	0.93246	0.04301	0.03397	0.25989	0.07319	0.0091	0.00355	0.07386	0.00164	0.42347	0.26386
0.40206	0.44465	0.00197	0.81358	0.93193	0.05442	0.03745	0.21779	0.06821	0.00931	0.00141	0.07348	0.00118	0.48837	0.27647
0.40049	0.46433	0.00251	0.8089	0.93218	0.04263	0.03102	0.24981	0.06731	0.00435	0.00232	0.09271	0.0017	0.46402	0.2917
0.36971	0.30981	0.00624	0.80221	0.93101	0.04411	0.03855	0.23128	0.0876	0.00477	0.00357	0.09279	0.0006	0.37985	0.28112
0.39035	0.399	0.00264	0.80272	0.93143	0.03221	0.0375	0.23055	0.08649	0.00748	0.00314	0.08418	0.00196	0.42308	0.28895
0.36974	0.43691	0.00585	0.79961	0.93205	0.04612	0.02796	0.22922	0.06952	0.00574	0.00271	0.0972	0.00113	0.38428	0.28388
0.3907	0.37264	0.0084	0.80742	0.93226	0.04051	0.03181	0.2241	0.06349	0.00421	0.00394	0.11045	0.00184	0.35785	0.30081
0.40079	0.37718	0.00127	0.8017	0.93116	0.04179	0.0312	0.23669	0.07327	0.0051	0.00518	0.09252	0.00493	0.48196	0.26641
0.42528	0.39587	0.00237	0.80307	0.93385	0.04582	0.03565	0.22973	0.07153	0.00704	0.00285	0.07674	0.00244	0.3882	0.28063
0.33374	0.34689	0.00419	0.80543	0.93089	0.03328	0.03499	0.23548	0.08253	0.01206	0.0023	0.10429	0.00153	0.43454	0.26728
0.47837	0.52037	0.00165	0.7964	0.93199	0.04398	0.03328	0.20995	0.06233	0.00585	0.00452	0.03874	0.00125	0.38845	0.27006
0.4371	0.36418	0.00538	0.80052	0.93264	0.04799	0.03423	0.2223	0.06602	0.00807	0.00185	0.09736	0.00102	0.40781	0.29273
0.29612	0.29466	0.00671	0.78566	0.93306	0.04113	0.03545	0.24599	0.08717	0.00779	0.00269	0.0926	0.00418	0.3805	0.28193
0.30652	0.32889	0.00207	0.80355	0.93156	0.05048	0.03856	0.24624	0.07202	0.00942	0.00251	0.10002	0.0006	0.46043	0.2843
0.3396	0.33195	0.00133	0.80755	0.93276	0.0435	0.03652	0.23081	0.07533	0.00524	0.00922	0.08277	0.00159	0.39799	0.29109
0.45363	0.4866	0.0032	0.80271	0.93271	0.02726	0.03003	0.21195	0.067	0.0071	0.00198	0.05156	0.00152	0.43357	0.28011
0.39037	0.39505	0.00292	0.80109	0.93248	0.03499	0.03545	0.23257	0.06129	0.00549	0.00138	0.08833	0.00204	0.45167	0.26681
0.38267	0.39013	0.00593	0.79619	0.93087	0.03325	0.03845	0.22134	0.05861	0.00112	0.00361	0.07348	0.00266	0.43841	0.27168
0.37014	0.34243	0.00318	0.78119	0.93159	0.0317	0.03172	0.21423	0.08284	0.00234	0.00227	0.08138	0.00064	0.40955	0.27031
0.33922	0.35037	0.0011	0.78426	0.93384	0.03851	0.03564	0.22914	0.05893	0.00145	0.00376	0.07841	0.00109	0.40021	0.26668
0.32349	0.32485	0.00243	0.7778	0.93248	0.03878	0.0422	0.22077	0.08245	0.00554	0.00181	0.09883	0.00249	0.42916	0.27793
0.29186	0.28849	0.00623	0.78305	0.93286	0.04	0.03604	0.23452	0.07476	0.00243	0.00309	0.07899	0.0026	0.47029	0.26355
0.37394	0.38814	0.00253	0.79638	0.93389	0.04829	0.03443	0.25155	0.07445	0.00586	0.00189	0.08721	0.00373	0.3913	0.27979
0.30464	0.35302	0.00316	0.79611	0.93256	0.03677	0.04198	0.24109	0.08246	0.00262	0.00217	0.10432	0.0013	0.45381	0.26681
0.35234	0.44285	0.00092	0.79956	0.93145	0.05248	0.03166	0.22895	0.08413	0.00834	0.00261	0.13704	0.00124	0.48856	0.27164
0.39547	0.44766	0.00267	0.81105	0.93321	0.03796	0.04062	0.21461	0.05821	0.00278	0.00265	0.06968	0.00176	0.33785	0.28303
0.36237	0.38973	0.0032	0.8026	0.93078	0.05824	0.03588	0.2354	0.05854	0.00389	0.00323	0.07936	0.00122	0.44403	0.27949
0.34834	0.35264	0.00325	0.80132	0.93229	0.03985	0.0373	0.22352	0.07271	0.00311	0.0024	0.11915	0.00199	0.47524	0.26433
0.41165	0.42486	0.00381	0.80951	0.93164	0.0629	0.04072	0.23611	0.07866	0.01282	0.00319	0.0908	0.00232	0.49759	0.28238
0.42113	0.42464	0.00267	0.80088	0.93333	0.05089	0.04187	0.22049	0.08087	0.00585	0.00281	0.09173	0.00169	0.44387	0.26768
0.40858	0.39033	0.00457	0.79431	0.93146	0.03926	0.04019	0.26469	0.07208	0.00607	0.00462	0.07493	0.00131	0.38283	0.27259
0.3675	0.39986	0.00183	0.80068	0.93259	0.03873	0.04174	0.23726	0.06577	0.00671	0.00539	0.09621	0.00105	0.51787	0.27926
0.39111	0.43831	0.00464	0.80127	0.93268	0.04688	0.0394	0.21498	0.07446	0.00667	0.00179	0.08178	0.00126	0.4433	0.28151
0.40596	0.41945	0.00817	0.80269	0.93211	0.05753	0.03255	0.21311	0.05571	0.00312	0.00288	0.11373	0.00104	0.43767	0.28503
0.30285	0.32702	0.00545	0.79721	0.93169	0.05053	0.03562	0.2443	0.06577	0.00156	0.00395	0.10186	0.00184	0.39199	0.28609
0.42378	0.36848	0.00112	0.81151	0.93325	0.05743	0.03629	0.21277	0.06897	0.00552	0.00287	0.11485	0.00159	0.42735	0.28736
0.39695	0.38687	0.0018	0.80638	0.93134	0.05295	0.0333	0.22768	0.06485	0.00817	0.00265	0.09956	0.00109	0.43948	0.27956
0.34154	0.34744	0.00223	0.80984	0.93048	0.05419	0.03314	0.25413	0.08228	0.00664	0.00174	0.10075	0.00194	0.43665	0.27657
0.32716	0.36819	0.00197	0.80473	0.93162	0.04436	0.03368	0.22301	0.05549	0.00669	0.0016	0.12558	0.00123	0.41798	0.28465
0.40422	0.39759	0.00263	0.78063	0.93142	0.05663	0.04231	0.21296	0.06544	0.00506	0.00237	0.11347	0.00199	0.45156	0.28775
0.37206	0.32969	0.00262	0.79291	0.92956	0.03072	0.0333	0.23826	0.07966	0.00234	0.0017	0.12861	0.00272	0.50328	0.27701
0.41005	0.41519	0.00237	0.79319	0.93266	0.05165	0.03569	0.20324	0.07201	0.00505	0.0035	0.10788	0.00223	0.42767	0.2799
0.39776	0.39514	0.00111	0.79193	0.93373	0.04719	0.03375	0.21286	0.0781	0.00365	0.00267	0.12284	0.0027	0.42574	0.25196
0.3306	0.33159	0.00204	0.79558	0.93202	0.05639	0.02964	0.20977	0.07772	0.0049	0.00424	0.11538	0.00159	0.42612	0.27389
0.30884	0.29837	0.00287	0.80112	0.93045	0.05401	0.03297	0.22454	0.07105	0.00165	0.0033	0.12224	0.00167	0.34935	0.27058
0.32149	0.3248	0.00289	0.81283	0.93162	0.03645	0.03921	0.23971	0.07735	0.00666	0.00183	0.12036	0.00098	0.38635	0.30403
0.29392	0.29167	0.00154	0.78849	0.9309	0.05404	0.0336	0.26319	0.07028	0.00317	0.00283	0.19591	0.00479	0.46835	0.2593
0.38837	0.46838	0.00215	0.80965	0.93084	0.05602	0.0387	0.22787	0.06181	0.00576	0.0041	0.10687	0.00108	0.45064	0.25847
0.42215	0.45388	0.00195	0.80014	0.93147	0.04522	0.03006	0.22241	0.07562	0.00626	0.00258	0.07784	0.00157	0.37803	0.27024
0.4468	0.42626	0.00296	0.79376	0.93379	0.04293	0.04211	0.22366	0.07283	0.00488	0.00424	0.07502	0.00145	0.35464	0.26811
0.45575	0.44579	0.00274	0.80311	0.93423	0.03669	0.03509	0.19946	0.05923	0.00429	0.00636	0.07234	0.00131	0.37778	0.27414
0.44181	0.47417	0.00187	0.78888	0.9327	0.03439	0.03101	0.22188	0.07361	0.0085	0.00458	0.10104	0.00103	0.44761	0.25791
0.33463	0.33648	0.00242	0.80756	0.93103	0.04898	0.03789	0.24207	0.07324	0.00253	0.00914	0.14874	0.0013	0.42836	0.26323
0.40179	0.43429	0.00259	0.78571	0.93193	0.05234	0.0295	0.22176	0.07155	0.00667	0.00249	0.08247	0.00258	0.36771	0.28053
0.40013	0.36555	0.00546	0.80171	0.93393	0.05708	0.03284	0.22241	0.07875	0.00237	0.00336	0.10202	0.00126	0.4342	0.26055
0.35605	0.34105	0.00186	0.79998	0.93116	0.04307	0.04264	0.23727	0.09007	0.0066	0.00483	0.13344	0.00152	0.45646	0.26943
0.3834	0.30049	0.00187	0.79207	0.93154	0.04119	0.03236	0.24849	0.10048	0.00546	0.00376	0.10624	0.00176	0.34909	0.292
0.35857	0.3663	0.00253	0.80614	0.93326	0.0398	0.03692	0.20053	0.07325	0.00154	0.00687	0.12031	0.00142	0.39099	0.27514
0.3918	0.38256	0.00104	0.80522	0.93264	0.04401	0.03565	0.25074	0.08345	0.0025	0.01022	0.14862	0.00321	0.49615	0.281
0.31457	0.22207	0.00302	0.80624	0.92961	0.03501	0.03158	0.26781	0.09027	0.00468	0.00218	0.16323	0.00141	0.50043	0.25981
0.38476	0.37072	0.0007	0.803	0.93164	0.04114	0.03902	0.21409	0.08448	0.00399	0.00348	0.0889	0.00102	0.4837	0.27228
0.33556	0.34994	0.00421	0.79259	0.93284	0.03964	0.03659	0.24774	0.08012	0.004	0.00324	0.10807	0.00182	0.49844	0.25725
0.35312	0.43532	0.00081	0.80957	0.93321	0.04034	0.03078	0.22432	0.07462	0.00176	0.00592	0.08769	0.00123	0.50545	0.26553
0.41087	0.548	0.00081	0.80225	0.93132	0.04044	0.03387	0.19132	0.06337	0.00728	0.00874	0.09659	0.00119	0.50091	0.26372
0.4137	0.47925	0.00173	0.8101	0.93014	0.04527	0.03924	0.2229	0.06836	0.00744	0.0052	0.06672	0.0014	0.50467	0.27243
0.38734	0.41953	0.00158	0.80407	0.93279	0.03483	0.0369	0.25571	0.08428	0.0075	0.00288	0.08434	0.00109	0.44472	0.25182
0.37353	0.37991	0.00153	0.80272	0.93252	0.04684	0.02981	0.2312	0.08644	0.00558	0.00326	0.13905	0.00106	0.49688	0.26268
0.38716	0.39483	0.00203	0.80541	0.93095	0.04011	0.03481	0.24227	0.09109	0.00407	0.00343	0.08139	0.00097	0.48978	0.2668
0.39757	0.39907	0.00273	0.8088	0.93005	0.04231	0.03413	0.24261	0.0782	0.00175	0.00168	0.09564	0.00181	0.4846	0.27216
0.30342	0.28294	0.00127	0.81367	0.93219	0.03178	0.03357	0.25792	0.08513	0.00135	0.00639	0.15225	0.00178	0.42982	0.25181
0.38137	0.44351	0.0038	0.80772	0.93058	0.03991	0.03692	0.22691	0.08966	0.00415	0.00283	0.10331	0.00323	0.47783	0.25135
0.39967	0.43114	0.00084	0.79956	0.93164	0.04023	0.0359	0.23503	0.06626	0.0061	0.00217	0.12753	0.00072	0.44258	0.25266
0.46162	0.53622	0.00434	0.80723	0.93109	0.04208	0.03838	0.19885	0.06228	0.002	0.0027	0.10678	0.00156	0.51935	0.25863
0.41481	0.44281	0.00222	0.80212	0.9327	0.02937	0.03739	0.24793	0.08112	0.00345	0.00296	0.07263	0.00138	0.42783	0.27928
0.46145	0.45985	0.00187	0.80068	0.93299	0.04683	0.03664	0.20241	0.0743	0.0085	0.00413	0.11876	0.00179	0.45308	0.27524
0.39166	0.41336	0.00217	0.79562	0.93094	0.04488	0.04053	0.21835	0.07218	0.00327	0.00335	0.10398	0.00122	0.44053	0.2666
0.46588	0.47555	0.00453	0.80234	0.93165	0.04406	0.03423	0.21962	0.08424	0.00322	0.00496	0.10431	0.0016	0.48612	0.25975
0.41044	0.41905	0.00484	0.79521	0.9343	0.03649	0.03613	0.20272	0.07711	0.00433	0.00262	0.06432	0.00132	0.45552	0.25931
0.52115	0.47508	0.00179	0.79235	0.93275	0.03732	0.03787	0.16905	0.07633	0.00198	0.00665	0.05568	0.00185	0.45369	0.26395
0.54486	0.5488	0.00482	0.79335	0.93123	0.05114	0.03925	0.19443	0.07798	0.0018	0.00411	0.06699	0.00301	0.45741	0.28113
0.43238	0.4473	0.00379	0.7961	0.93015	0.04489	0.0365	0.20952	0.0817	0.00864	0.00359	0.08708	0.00123	0.49322	0.28329
0.57247	0.58156	0.00158	0.78689	0.93127	0.05794	0.03523	0.1869	0.06826	0.00377	0.003	0.09252	0.00119	0.47422	0.26031
0.44385	0.50601	0.00225	0.79502	0.93276	0.04407	0.03812	0.20563	0.06134	0.00712	0.00275	0.07036	0.00515	0.45708	0.24964
0.32429	0.35182	0.00238	0.79639	0.93005	0.04771	0.037	0.2357	0.07849	0.00498	0.00171	0.09763	0.0011	0.46404	0.2622
0.36549	0.36621	0.00231	0.79051	0.93147	0.0392	0.03695	0.2148	0.07209	0.00192	0.00299	0.1459	0.00116	0.49218	0.25945
0.39252	0.4118	0.00223	0.79181	0.93142	0.04127	0.04087	0.19327	0.09317	0.00735	0.00268	0.09311	0.00275	0.45712	0.28079
0.39162	0.40929	0.00473	0.8096	0.93118	0.04874	0.03627	0.23164	0.08875	0.00241	0.00299	0.11494	0.00125	0.48244	0.24851
0.42398	0.48661	0.00173	0.80079	0.93187	0.04429	0.03243	0.21083	0.05804	0.00835	0.00411	0.07134	0.00109	0.49366	0.284
0.3543	0.36405	0.00771	0.79323	0.93151	0.04052	0.0384	0.2619	0.09018	0.00573	0.00604	0.12769	0.00104	0.48395	0.28194
0.33408	0.36334	0.00143	0.7856	0.93139	0.0312	0.03294	0.21968	0.08791	0.00418	0.00433	0.09822	0.00192	0.48079	0.26249
0.33654	0.37146	0.00178	0.80355	0.93174	0.03806	0.04174	0.22848	0.09663	0.00306	0.00268	0.10044	0.00159	0.46428	0.25473
0.33437	0.27143	0.00185	0.79462	0.93191	0.03197	0.0364	0.24404	0.08267	0.00185	0.00424	0.09504	0.00126	0.47779	0.27463
0.34332	0.2231	0.00155	0.79276	0.93163	0.04914	0.03222	0.2009	0.07883	0.00451	0.00183	0.151	0.00206	0.43072	0.25335
0.37422	0.36965	0.00301	0.78649	0.93294	0.04347	0.03056	0.20095	0.0773	0.0074	0.00345	0.09791	0.0017	0.39132	0.2605
0.34678	0.35225	0.00333	0.8029	0.93127	0.04752	0.03537	0.22843	0.06998	0.00153	0.00394	0.13303	0.0015	0.4716	0.26912
0.37223	0.36969	0.00492	0.78748	0.93324	0.05073	0.03223	0.21337	0.06752	0.00136	0.00218	0.08293	0.00155	0.4573	0.27023
0.38207	0.36353	0.002	0.79699	0.9318	0.03658	0.03376	0.18146	0.06147	0.0084	0.0031	0.08312	0.00155	0.49031	0.26301
0.38041	0.36766	0.00207	0.78585	0.93107	0.0371	0.0391	0.20873	0.07867	0.00106	0.00321	0.10071	0.00081	0.51732	0.2507
0.37923	0.32484	0.00255	0.79394	0.93031	0.04119	0.03558	0.22586	0.08038	0.0015	0.00328	0.11469	0.00087	0.49852	0.26304
0.34757	0.31007	0.00614	0.79226	0.93173	0.04902	0.03752	0.23235	0.08958	0.00239	0.00258	0.0866	0.00222	0.49624	0.28296
0.35261	0.30763	0.0014	0.8056	0.93135	0.03869	0.03618	0.22652	0.07739	0.00653	0.00201	0.1339	0.00229	0.5199	0.27757
0.34652	0.31408	0.0015	0.80137	0.93042	0.04038	0.03141	0.27394	0.08232	0.0045	0.00471	0.07769	0.0013	0.45192	0.28342
0.3622	0.3254	0.00104	0.79219	0.93018	0.04224	0.03412	0.21247	0.09188	0.01126	0.00284	0.11555	0.00086	0.46706	0.25858
0.36988	0.32034	0.00335	0.79039	0.93306	0.03795	0.03181	0.22667	0.0787	0.00372	0.00669	0.11342	0.00134	0.44614	0.27025
0.4323	0.4596	0.00214	0.78354	0.93157	0.04696	0.03879	0.19387	0.07165	0.00728	0.00393	0.10096	0.00321	0.47033	0.26231
0.31719	0.27283	0.00116	0.78503	0.93065	0.03953	0.03486	0.25171	0.08652	0.00104	0.00223	0.10493	0.00141	0.48286	0.25651
0.3863	0.39149	0.00178	0.79046	0.93064	0.03595	0.03317	0.21796	0.08638	0.00165	0.00316	0.04824	0.00096	0.42142	0.26628
0.41182	0.29252	0.00118	0.79701	0.93294	0.03134	0.03371	0.26198	0.08083	0.00696	0.00448	0.1112	0.00089	0.50141	0.24014
0.34582	0.34229	0.00215	0.7893	0.93123	0.04451	0.03766	0.25732	0.09398	0.00486	0.00239	0.12278	0.00104	0.45243	0.23955
0.40218	0.32327	0.00222	0.79709	0.93133	0.0557	0.04307	0.24999	0.09061	0.00266	0.00194	0.10512	0.00136	0.50817	0.23765
0.43651	0.39206	0.00135	0.7918	0.93086	0.04403	0.0353	0.23101	0.07916	0.00072	0.00455	0.07885	0.00156	0.48124	0.26206
0.44153	0.45217	0.00162	0.79108	0.93179	0.04298	0.03653	0.23153	0.07371	0.00557	0.00726	0.0632	0.00091	0.48405	0.26746
0.50428	0.5148	0.00098	0.79398	0.93186	0.05936	0.03949	0.20971	0.08099	0.00787	0.00457	0.09466	0.00234	0.48245	0.23715
0.42799	0.4136	0.00097	0.80101	0.9316	0.03962	0.03744	0.22925	0.07965	0.00133	0.00257	0.13785	0.00175	0.47502	0.2644
0.31013	0.24982	0.00158	0.81497	0.93162	0.04304	0.03275	0.24781	0.10114	0.00261	0.00181	0.17406	0.00119	0.52573	0.24735
0.36924	0.29189	0.00132	0.79015	0.93252	0.03704	0.03357	0.2475	0.07691	0.00251	0.00692	0.16052	0.00138	0.49743	0.25972
0.32707	0.252	0.00216	0.80112	0.93167	0.04249	0.03591	0.25781	0.08446	0.00196	0.00255	0.11626	0.00211	0.5138	0.27055
0.28685	0.22266	0.00223	0.80225	0.93121	0.04667	0.02572	0.25018	0.08625	0.00176	0.00209	0.14333	0.00147	0.47967	0.25779
0.31786	0.31487	0.00159	0.79883	0.93268	0.04656	0.03386	0.2409	0.08308	0.00455	0.00161	0.12702	0.00116	0.36525	0.26952
0.29771	0.26427	0.00157	0.79331	0.93175	0.04478	0.04023	0.24936	0.0793	0.00326	0.00476	0.17216	0.0009	0.45853	0.2451
0.38494	0.34585	0.00138	0.79076	0.93337	0.03946	0.045	0.23605	0.08199	0.00539	0.00138	0.14191	0.00095	0.47415	0.24174
0.42658	0.37424	0.0008	0.79362	0.93297	0.04609	0.03659	0.23335	0.07742	0.00514	0.00118	0.15727	0.00179	0.48712	0.23497
0.46703	0.4589	0.00346	0.79696	0.93077	0.0546	0.03582	0.2051	0.08149	0.00731	0.00577	0.12185	0.00204	0.47818	0.25314
0.38957	0.3361	0.00494	0.79664	0.93276	0.05364	0.03502	0.24142	0.06501	0.00108	0.00265	0.1105	0.00132	0.45757	0.25043
0.39445	0.35333	0.00498	0.7797	0.93283	0.03633	0.03668	0.22652	0.06944	0.00339	0.00408	0.13644	0.00068	0.46998	0.23818
0.35637	0.3355	0.0011	0.7979	0.93306	0.05016	0.03618	0.22527	0.081	0.0056	0.00332	0.17215	0.00118	0.4908	0.25041
0.33559	0.31757	0.0008	0.8017	0.93316	0.05015	0.03962	0.22549	0.07556	0.00181	0.00444	0.1364	0.00187	0.44556	0.2613
0.41402	0.36367	0.00447	0.79536	0.93259	0.05382	0.03787	0.1962	0.06185	0.00119	0.00329	0.12137	0.00248	0.50825	0.24718
0.36424	0.29844	0.00141	0.79876	0.93113	0.05408	0.03686	0.22406	0.0807	0.00174	0.00464	0.10716	0.00158	0.45756	0.25062
0.50043	0.52403	0.00275	0.80552	0.93444	0.04748	0.03868	0.17881	0.07016	0.00512	0.00846	0.07264	0.00145	0.44026	0.25318
0.3675	0.32855	0.00216	0.80217	0.93193	0.04167	0.03738	0.23862	0.0958	0.00186	0.00352	0.08757	0.0031	0.39982	0.26524
0.36147	0.33441	0.00147	0.79996	0.93087	0.04352	0.03373	0.24625	0.0928	0.0059	0.00743	0.08934	0.00156	0.44001	0.265
0.30863	0.21558	0.0036	0.80435	0.93136	0.04599	0.03663	0.26557	0.10528	0.00106	0.00178	0.14622	0.00224	0.46948	0.25417
0.31907	0.27845	0.00289	0.80915	0.93168	0.04351	0.03511	0.2328	0.07886	0.0024	0.00634	0.12438	0.00177	0.4898	0.26042
0.40275	0.2991	0.00098	0.80095	0.93038	0.05937	0.03577	0.19519	0.07764	0.00867	0.00548	0.1114	0.00125	0.42607	0.25929
0.39943	0.31141	0.00087	0.79764	0.93128	0.04782	0.03457	0.19244	0.0894	0.00599	0.00584	0.11007	0.00094	0.45685	0.26433
0.40501	0.32603	0.00105	0.79074	0.932	0.06018	0.02783	0.20172	0.06662	0.00799	0.00588	0.09437	0.00116	0.44503	0.25728
0.39954	0.37086	0.00159	0.79028	0.93127	0.04435	0.03293	0.23612	0.05155	0.00568	0.00383	0.08368	0.00347	0.4412	0.24054
0.35185	0.3692	0.00138	0.79646	0.93096	0.04176	0.0339	0.24732	0.06867	0.00148	0.004	0.07801	0.00234	0.43799	0.26188
0.41807	0.37168	0.00085	0.79311	0.93209	0.0403	0.03289	0.20237	0.07133	0.00713	0.0051	0.10581	0.00235	0.46464	0.21965
0.37258	0.30513	0.00093	0.79947	0.93219	0.04343	0.03895	0.22643	0.07692	0.00122	0.00394	0.11687	0.00236	0.45417	0.25147
0.34083	0.27117	0.00069	0.79242	0.93199	0.0524	0.0292	0.20406	0.08119	0.00203	0.00386	0.14662	0.00188	0.48395	0.21348
0.35365	0.27822	0.00218	0.80566	0.93247	0.04243	0.04226	0.22038	0.07205	0.00322	0.00191	0.11314	0.0015	0.3521	0.24007
0.42119	0.37437	0.002	0.79432	0.93356	0.04949	0.03179	0.20183	0.05973	0.00248	0.00415	0.08814	0.00228	0.4337	0.24748
0.43113	0.38889	0.00431	0.78576	0.93358	0.04158	0.03011	0.19593	0.07989	0.00136	0.01031	0.07087	0.00239	0.38176	0.26414
0.41179	0.27882	0.00214	0.7908	0.93093	0.05397	0.03474	0.23718	0.06591	0.00216	0.00299	0.12883	0.00115	0.3835	0.25423
0.45976	0.43131	0.00802	0.79541	0.93204	0.04351	0.03149	0.2038	0.06732	0.00083	0.00378	0.06633	0.00214	0.46117	0.23151
0.3564	0.30317	0.00161	0.79597	0.93285	0.03794	0.03519	0.19435	0.0856	0.00529	0.00106	0.12435	0.00279	0.40095	0.25573
0.39838	0.35694	0.00153	0.79893	0.93071	0.0469	0.03209	0.22519	0.08996	0.00724	0.00295	0.0909	0.00134	0.44706	0.24209
0.39269	0.32086	0.00356	0.79983	0.93194	0.04453	0.03216	0.23125	0.08314	0.00604	0.00752	0.11976	0.00224	0.46532	0.25458
0.38079	0.34143	0.00309	0.80227	0.93021	0.04073	0.03064	0.26541	0.06779	0.00235	0.00262	0.06907	0.00067	0.40051	0.2645
0.35884	0.29898	0.00266	0.79743	0.93028	0.05111	0.03028	0.23497	0.07019	0.00658	0.00093	0.08358	0.00179	0.36542	0.26931
0.48052	0.43827	0.00456	0.79012	0.93277	0.05136	0.03431	0.22065	0.07722	0.00574	0.0022	0.07182	0.00222	0.44673	0.24706
0.26063	0.18364	0.00129	0.80747	0.9323	0.06341	0.03212	0.2285	0.09394	0.00396	0.00117	0.18444	0.00132	0.41533	0.23678
0.32826	0.26498	0.00185	0.80641	0.93151	0.04878	0.03214	0.27766	0.08992	0.00335	0.00302	0.16502	0.0017	0.42014	0.22866
0.30175	0.24452	0.00176	0.79915	0.9324	0.03625	0.03308	0.2855	0.08193	0.00088	0.00157	0.14743	0.00236	0.38972	0.25097
0.256	0.2423	0.00107	0.80587	0.93331	0.04221	0.03278	0.26201	0.0973	0.00535	0.00066	0.14401	0.00133	0.41346	0.2622
0.33481	0.29005	0.00197	0.79734	0.93195	0.05655	0.03943	0.23408	0.08958	0.00687	0.00129	0.11679	0.00068	0.43306	0.26313
0.34909	0.31067	0.00245	0.79569	0.93184	0.03932	0.03349	0.25568	0.09031	0.00687	0.00389	0.13683	0.001	0.43302	0.25404
0.37474	0.36999	0.00317	0.79175	0.93142	0.03897	0.03923	0.24017	0.07763	0.00308	0.00302	0.11209	0.00159	0.42931	0.2591
0.34241	0.3079	0.00148	0.79804	0.93073	0.04638	0.03836	0.26092	0.07662	0.00232	0.00159	0.12397	0.00133	0.46181	0.28052
0.37216	0.35404	0.00141	0.79473	0.93281	0.04414	0.0418	0.21326	0.07439	0.00234	0.00149	0.09911	0.00259	0.43481	0.24209
0.37975	0.33684	0.00155	0.78895	0.93194	0.05637	0.02739	0.20195	0.07407	0.00651	0.00281	0.0869	0.00176	0.38624	0.24885
0.27702	0.19139	0.00267	0.79724	0.933	0.04721	0.03358	0.29543	0.08249	0.00296	0.00237	0.17236	0.00135	0.44479	0.2339
0.30268	0.2545	0.00545	0.79719	0.93324	0.04038	0.034	0.31455	0.08173	0.00469	0.00564	0.15691	0.00278	0.40583	0.26382
0.30213	0.25139	0.00164	0.79874	0.93187	0.04639	0.03327	0.23274	0.08049	0.0069	0.00145	0.13057	0.0017	0.37321	0.26028
0.35522	0.30231	0.00205	0.78708	0.93242	0.03825	0.0282	0.22104	0.06821	0.00155	0.00182	0.08509	0.00155	0.37744	0.24188
0.34746	0.3015	0.00562	0.79817	0.93331	0.04801	0.03438	0.20735	0.07325	0.00169	0.00093	0.0846	0.00135	0.28338	0.2654
0.31579	0.31179	0.00098	0.79299	0.93252	0.04107	0.04284	0.23396	0.06351	0.00286	0.00435	0.1255	0.00181	0.3614	0.26779
0.32695	0.31335	0.00133	0.79594	0.93375	0.04909	0.03649	0.25417	0.07634	0.00341	0.00444	0.09345	0.00207	0.3524	0.25767
0.38304	0.40221	0.00145	0.80764	0.9326	0.04115	0.03833	0.19856	0.06784	0.00359	0.00875	0.08691	0.00189	0.44781	0.26299
0.47444	0.41898	0.00066	0.79161	0.93181	0.03793	0.03568	0.21849	0.06194	0.00122	0.00429	0.0759	0.00302	0.37227	0.26181
0.30297	0.27078	0.00178	0.80252	0.93114	0.04096	0.03628	0.22338	0.0836	0.00342	0.00418	0.13225	0.00224	0.38163	0.25093
0.29865	0.24141	0.00166	0.79227	0.93114	0.0316	0.04248	0.29095	0.08037	0.00693	0.00122	0.10989	0.00137	0.37808	0.26583
0.33765	0.28432	0.00495	0.78665	0.93243	0.04456	0.03723	0.25967	0.07553	0.0023	0.003	0.10317	0.0007	0.38145	0.22512
0.38419	0.375	0.00099	0.78363	0.93174	0.05198	0.04089	0.244	0.08018	0.00492	0.00583	0.07895	0.00249	0.39474	0.24624
0.35912	0.30968	0.00183	0.78757	0.93258	0.04787	0.03892	0.22251	0.07447	0.00509	0.00333	0.08645	0.00115	0.39702	0.28031
0.30571	0.31143	0.00142	0.80234	0.93066	0.06004	0.03938	0.19939	0.06736	0.00384	0.00114	0.1202	0.00135	0.39129	0.26375
0.34828	0.37823	0.00208	0.79855	0.93182	0.04182	0.0312	0.21147	0.0654	0.00088	0.00433	0.0948	0.00065	0.42449	0.25872
0.25488	0.27595	0.00326	0.79712	0.93074	0.05222	0.04527	0.22925	0.09106	0.00581	0.00128	0.10444	0.00162	0.40491	0.25437
0.29118	0.25035	0.00235	0.79349	0.931	0.07095	0.04101	0.23778	0.08451	0.00091	0.00619	0.14801	0.00117	0.38294	0.27399
0.33734	0.27651	0.00297	0.79414	0.9333	0.04626	0.03528	0.23112	0.07629	0.00451	0.00307	0.12054	0.00114	0.36841	0.26189
0.305	0.2688	0.00126	0.79338	0.93142	0.05081	0.0353	0.23561	0.06833	0.00895	0.00136	0.12685	0.00203	0.37577	0.25158
0.31351	0.29647	0.00325	0.79007	0.9317	0.04779	0.03812	0.24448	0.06895	0.00073	0.00492	0.11708	0.00074	0.44309	0.23091
0.34312	0.31972	0.00314	0.79219	0.93114	0.05293	0.03459	0.2213	0.07073	0.00453	0.0012	0.15352	0.00211	0.42069	0.2245
0.29626	0.33244	0.0022	0.80119	0.93165	0.05334	0.03687	0.22404	0.06441	0.00467	0.00156	0.06852	0.00168	0.26305	0.28812
0.35795	0.41809	0.00099	0.79002	0.93015	0.05672	0.04209	0.2301	0.07282	0.00102	0.00063	0.11182	0.00129	0.43152	0.2394
0.36367	0.35095	0.00222	0.78117	0.93212	0.04704	0.03323	0.18594	0.07083	0.00699	0.00308	0.1418	0.00123	0.444	0.22308
0.3881	0.33388	0.0018	0.79593	0.93027	0.06292	0.02762	0.19448	0.07527	0.00244	0.00379	0.13931	0.00227	0.36368	0.23123
0.29751	0.28316	0.00211	0.79942	0.93109	0.06223	0.03397	0.2003	0.07364	0.00449	0.00251	0.14916	0.00141	0.39342	0.24219
