mass_1	mass_2	phase	time	distance	a_1	a_2	tilt_1	tilt_2	phi_12	phi_jl	theta_jn	psi	ra	dec
0.70167	0.56498	0.04887	0.61416	0.19612	0.08429	0.05729	0.01455	0.01114	0.04703	0.04737	0.17693	0.05183	0.18635	0.08073
0.70461	0.58254	0.04162	0.64286	0.21655	0.0766	0.0483	0.01442	0.01227	0.04565	0.05197	0.17255	0.04733	0.18519	0.07742
0.69102	0.57634	0.04114	0.63074	0.20543	0.07715	0.05368	0.01907	0.00944	0.04816	0.04114	0.18631	0.04146	0.17752	0.07431
0.70549	0.60729	0.05611	0.6248	0.22169	0.07316	0.06054	0.01824	0.01417	0.04459	0.04139	0.16962	0.04571	0.19075	0.08459
0.69464	0.56432	0.05486	0.62446	0.2143	0.0718	0.05302	0.01639	0.01005	0.04494	0.04118	0.18032	0.04284	0.17394	0.08012
0.69297	0.56389	0.04051	0.60327	0.22232	0.07572	0.05017	0.01521	0.01367	0.03776	0.046	0.14704	0.04418	0.19641	0.07456
0.70723	0.58049	0.04442	0.63612	0.22704	0.09937	0.04995	0.01061	0.00601	0.05238	0.0509	0.1697	0.03659	0.20187	0.07866
0.67869	0.56135	0.04663	0.74188	0.25738	0.0864	0.05281	0.01169	0.00915	0.04633	0.04157	0.16311	0.04428	0.19092	0.07414
0.68097	0.54058	0.0437	0.57015	0.2519	0.0771	0.04837	0.0089	0.00927	0.05722	0.05076	0.17906	0.04389	0.20346	0.07892
0.69143	0.57256	0.04469	0.63494	0.25588	0.09303	0.04222	0.01401	0.01227	0.0473	0.03932	0.14723	0.0394	0.17724	0.07622
0.67135	0.50302	0.04815	0.67449	0.26636	0.09178	0.05567	0.01485	0.00938	0.04971	0.04554	0.1745	0.0426	0.20321	0.08825
0.63987	0.5121	0.04405	0.71694	0.27773	0.08337	0.05596	0.01822	0.01107	0.04708	0.04174	0.14969	0.03601	0.18313	0.07853
0.65107	0.46191	0.04614	0.67274	0.26847	0.08608	0.04878	0.01699	0.01502	0.05375	0.05	0.15582	0.04046	0.18599	0.07747
0.63869	0.49414	0.04468	0.82828	0.27523	0.09065	0.05086	0.02009	0.01176	0.05145	0.04605	0.15522	0.03806	0.17616	0.07584
0.62597	0.4399	0.04682	0.82583	0.27532	0.07747	0.05072	0.00951	0.01081	0.04403	0.04382	0.16772	0.02624	0.18943	0.08284
0.6242	0.43672	0.04888	0.78944	0.25764	0.08821	0.04901	0.01506	0.01134	0.04996	0.03882	0.13674	0.03161	0.19851	0.07859
0.60241	0.41736	0.04948	0.7773	0.2733	0.10084	0.04595	0.01413	0.0127	0.04355	0.04143	0.14572	0.02889	0.18126	0.07802
0.6106	0.44227	0.04332	0.8193	0.27422	0.08684	0.0547	0.01671	0.01821	0.04513	0.04666	0.14726	0.03064	0.18182	0.08131
0.62838	0.45925	0.04441	0.72765	0.27839	0.07669	0.05098	0.01411	0.00981	0.04231	0.04195	0.17119	0.02188	0.18961	0.08155
0.58812	0.3883	0.03847	0.81873	0.27952	0.0902	0.05301	0.01255	0.01139	0.04671	0.035	0.12351	0.01983	0.16776	0.0769
0.59501	0.39298	0.03845	0.70905	0.26904	0.08137	0.04754	0.01444	0.01119	0.04015	0.03733	0.13321	0.01968	0.17333	0.07668
0.60421	0.43909	0.04355	0.86664	0.26931	0.07622	0.04527	0.00928	0.01687	0.04035	0.03348	0.16999	0.0087	0.18082	0.07932
0.56642	0.3947	0.03795	0.75612	0.28163	0.107	0.04822	0.01597	0.00874	0.03936	0.03071	0.11581	0.012	0.18223	0.08418
0.59741	0.39441	0.04199	0.8067	0.27728	0.09112	0.04197	0.01768	0.01022	0.04084	0.03412	0.14329	0.00819	0.18782	0.08493
0.60426	0.40785	0.04124	0.76602	0.27524	0.08635	0.04711	0.01638	0.00855	0.03656	0.03516	0.18702	0.01278	0.19012	0.08039
0.54798	0.37622	0.03074	0.74718	0.27833	0.08526	0.05555	0.01403	0.00839	0.03963	0.03645	0.15174	0.00998	0.18663	0.07968
0.56812	0.39151	0.03531	0.77216	0.27659	0.07002	0.0418	0.01211	0.01116	0.03642	0.03231	0.17789	0.00197	0.20339	0.07197
0.55701	0.39174	0.04042	0.78992	0.2704	0.06388	0.03607	0.01632	0.01454	0.03527	0.03654	0.15267	0.00466	0.18866	0.07691
0.58009	0.38882	0.03843	0.72936	0.27712	0.07716	0.03581	0.01189	0.01678	0.03986	0.03031	0.17807	0.00841	0.18295	0.07559
0.51831	0.32356	0.03896	0.80457	0.28592	0.09298	0.03739	0.01646	0.01553	0.03258	0.02665	0.16131	0.00462	0.17982	0.07451
0.53722	0.34215	0.03364	0.7945	0.27385	0.08153	0.03381	0.01112	0.01417	0.03687	0.03158	0.10826	0.0069	0.17945	0.07809
0.50417	0.33367	0.03725	0.67784	0.27972	0.07694	0.0301	0.01968	0.01097	0.03969	0.0227	0.1287	0.00161	0.17621	0.08107
0.53501	0.3817	0.04869	0.7648	0.27441	0.06688	0.03335	0.02077	0.01357	0.03433	0.01852	0.13016	0.00515	0.17323	0.07858
0.52226	0.34638	0.04299	0.84114	0.2782	0.06948	0.0267	0.01671	0.01465	0.03725	0.01758	0.15185	0.00724	0.17169	0.07108
0.54013	0.37325	0.03494	0.68253	0.26894	0.06398	0.03422	0.02007	0.00737	0.03084	0.01387	0.15886	0.00357	0.17374	0.0851
0.54928	0.36769	0.03354	0.87233	0.27955	0.07783	0.02081	0.01457	0.01079	0.03078	0.01587	0.17486	0.00635	0.18963	0.08007
0.49318	0.31509	0.03409	0.68353	0.28375	0.06732	0.02548	0.01472	0.00805	0.02956	0.01537	0.19256	0.00227	0.19586	0.07649
0.48969	0.33807	0.03484	0.73171	0.27631	0.0852	0.02451	0.01584	0.01471	0.03347	0.01315	0.15724	0.00152	0.19269	0.08093
0.50496	0.3519	0.03011	0.70384	0.26972	0.07769	0.02486	0.01388	0.01472	0.03654	0.0141	0.17355	0.00314	0.19944	0.08975
0.50275	0.34299	0.02855	0.65248	0.27755	0.10426	0.03665	0.01215	0.01086	0.03757	0.00911	0.14275	0.00441	0.18832	0.0803
0.48536	0.28755	0.0346	0.743	0.27981	0.09104	0.02135	0.01444	0.01354	0.03361	0.01094	0.16281	0.00275	0.19201	0.08149
0.46659	0.30227	0.0318	0.56377	0.27177	0.08756	0.02222	0.01325	0.01062	0.03823	0.01156	0.14274	0.00112	0.18114	0.07296
0.47967	0.28616	0.03034	0.697	0.27975	0.08059	0.02692	0.01395	0.01578	0.03263	0.00513	0.15987	0.00199	0.16983	0.07483
0.49011	0.28961	0.02931	0.78288	0.27419	0.06541	0.02439	0.01274	0.00959	0.03567	0.00692	0.13764	0.00129	0.18473	0.07454
0.49489	0.32062	0.02529	0.77002	0.28277	0.05342	0.02303	0.01936	0.0128	0.03333	0.00309	0.1905	0.00183	0.18652	0.07663
0.5039	0.28416	0.03588	0.68983	0.28383	0.06234	0.0263	0.01262	0.0113	0.02789	0.00684	0.15238	0.00063	0.17925	0.06548
0.43368	0.28722	0.03311	0.55071	0.27825	0.04779	0.01937	0.01163	0.01685	0.03353	0.00796	0.13923	0.00178	0.18181	0.07761
0.46947	0.30012	0.0279	0.55586	0.27939	0.06159	0.02725	0.0118	0.0092	0.03432	0.00616	0.12554	0.00158	0.1854	0.08184
0.45221	0.31792	0.02773	0.57323	0.27598	0.06867	0.02793	0.01735	0.012	0.03549	0.00489	0.15684	0.00101	0.17532	0.0728
0.44578	0.25802	0.0273	0.68325	0.27594	0.07043	0.03356	0.01228	0.01242	0.0289	0.00194	0.10224	0.00108	0.18576	0.08257
0.44784	0.27857	0.02555	0.47375	0.28605	0.07022	0.02578	0.01434	0.00881	0.03024	0.00529	0.10364	0.00114	0.1838	0.07682
0.43794	0.26845	0.02802	0.49236	0.27695	0.06712	0.02518	0.01169	0.01412	0.02765	0.00124	0.1857	0.00233	0.16403	0.08129
0.39591	0.25826	0.02699	0.61935	0.28977	0.05479	0.02479	0.01222	0.01569	0.03328	0.00081	0.13168	0.00081	0.16111	0.07614
0.44229	0.26712	0.02761	0.56903	0.28065	0.0513	0.02193	0.02209	0.01184	0.02683	0.00274	0.16833	0.0015	0.18513	0.07493
0.47023	0.27492	0.03043	0.62515	0.28209	0.06441	0.02343	0.01263	0.01131	0.02701	0.00902	0.16982	0.0042	0.18289	0.06652
0.44651	0.27332	0.0294	0.62613	0.27809	0.06108	0.01966	0.01233	0.01158	0.03193	0.00054	0.16414	0.00625	0.18762	0.07021
0.49888	0.28052	0.02092	0.70671	0.28203	0.05889	0.02248	0.01443	0.01071	0.03238	0.00125	0.19426	0.00087	0.18838	0.07287
0.46597	0.28697	0.02653	0.74774	0.27184	0.04851	0.02228	0.01595	0.01002	0.0279	0.00253	0.15076	0.00548	0.18234	0.08097
0.46325	0.23647	0.01999	0.70262	0.28686	0.04764	0.0156	0.01415	0.0105	0.03085	0.00518	0.08952	0.00337	0.19124	0.07535
0.4321	0.28982	0.02213	0.67853	0.28332	0.06149	0.02499	0.01089	0.01402	0.02526	0.00173	0.15888	0.00093	0.18801	0.06857
0.47185	0.29488	0.02542	0.65561	0.28031	0.06551	0.02424	0.01015	0.00958	0.02486	0.00162	0.15322	0.00302	0.17162	0.08005
0.47402	0.28283	0.01644	0.6146	0.28271	0.05277	0.01684	0.01572	0.01242	0.02801	0.0067	0.1236	0.0012	0.1375	0.08472
0.39465	0.2594	0.02116	0.64983	0.28845	0.04525	0.01643	0.01445	0.01118	0.03058	0.00182	0.15187	0.00179	0.16379	0.07161
0.44458	0.27023	0.01805	0.63545	0.27497	0.04881	0.01836	0.00936	0.01049	0.03178	0.0014	0.16768	0.00148	0.2195	0.06969
0.43115	0.23039	0.02146	0.65645	0.28193	0.03824	0.02103	0.01104	0.01436	0.02597	0.00075	0.12122	0.00102	0.18361	0.07531
0.43016	0.23665	0.01385	0.69335	0.28341	0.06456	0.01626	0.01711	0.00701	0.02668	0.003	0.12825	0.00148	0.17714	0.07911
0.46614	0.23905	0.01645	0.64706	0.28049	0.04682	0.02408	0.01403	0.00998	0.02615	0.00228	0.1986	0.00058	0.1693	0.07763
0.42028	0.23249	0.01896	0.5954	0.27462	0.06379	0.02021	0.01531	0.0097	0.02691	0.00169	0.09808	0.00137	0.18959	0.07756
0.4839	0.25807	0.01711	0.63153	0.28092	0.06498	0.02006	0.01545	0.00914	0.02587	0.00245	0.15729	0.00181	0.19114	0.0733
0.41798	0.22459	0.0125	0.70352	0.2766	0.05865	0.01447	0.01194	0.0113	0.02316	0.001	0.16348	0.00105	0.16216	0.06699
0.40229	0.21624	0.01655	0.54456	0.28787	0.05794	0.01723	0.01042	0.01369	0.02082	0.00117	0.0946	0.00134	0.20624	0.07528
0.46675	0.22815	0.01697	0.70306	0.28053	0.06175	0.01609	0.01203	0.01024	0.02305	0.00156	0.13151	0.00161	0.17648	0.07623
0.44397	0.25428	0.01988	0.71455	0.28992	0.06723	0.01856	0.01067	0.01067	0.0219	0.00185	0.15058	0.00201	0.20933	0.07154
0.3743	0.24078	0.01823	0.56008	0.27975	0.07024	0.01829	0.01216	0.0078	0.02615	0.00078	0.14088	0.00299	0.20651	0.07694
0.39262	0.21833	0.01268	0.63684	0.28304	0.0718	0.01458	0.01424	0.01611	0.016	0.00107	0.0971	0.00251	0.16554	0.06765
0.3974	0.2415	0.01542	0.61979	0.28352	0.08283	0.01679	0.00914	0.00765	0.02309	0.00044	0.16537	0.00168	0.18454	0.07823
0.36987	0.22415	0.01363	0.50077	0.28473	0.05785	0.01571	0.01701	0.00945	0.02335	0.00109	0.10996	0.00358	0.16037	0.08643
0.32966	0.24536	0.01061	0.46194	0.27806	0.06872	0.01897	0.01062	0.01254	0.01928	0.00132	0.11738	0.00151	0.14353	0.08134
0.32427	0.25794	0.0125	0.60217	0.27972	0.05142	0.01808	0.01407	0.01193	0.02255	0.00156	0.11839	0.00129	0.17091	0.08085
0.44014	0.23389	0.01021	0.57526	0.2758	0.05253	0.02107	0.01163	0.00949	0.02159	0.00123	0.22417	0.00126	0.21105	0.07572
0.3648	0.22318	0.0116	0.62644	0.28354	0.06705	0.02348	0.01431	0.01356	0.0183	0.00201	0.09172	0.00192	0.14391	0.08188
0.42408	0.24496	0.01443	0.53558	0.28424	0.05519	0.0166	0.00994	0.01479	0.0167	0.002	0.20679	0.00275	0.18129	0.07566
0.41908	0.22119	0.01454	0.55749	0.28544	0.06437	0.02184	0.01351	0.01088	0.02148	0.00176	0.15669	0.0026	0.15718	0.07817
0.40847	0.25278	0.01313	0.68523	0.29107	0.05882	0.02426	0.01113	0.0093	0.02395	0.00083	0.20788	0.00262	0.18676	0.08574
0.38001	0.23999	0.01174	0.64749	0.28239	0.04222	0.02092	0.00807	0.01069	0.01364	0.00178	0.12378	0.00142	0.13361	0.08351
0.4413	0.25249	0.0122	0.5912	0.28312	0.05865	0.02186	0.0116	0.00969	0.0162	0.00212	0.16087	0.00089	0.19557	0.06722
0.37175	0.22485	0.01055	0.70122	0.2792	0.06749	0.01954	0.01511	0.01012	0.01979	0.00109	0.18526	0.00147	0.21492	0.08363
0.36418	0.23122	0.01291	0.48212	0.27988	0.05812	0.01453	0.0128	0.01424	0.01546	0.00291	0.22638	0.00057	0.22345	0.07707
0.34238	0.21797	0.01515	0.57296	0.28666	0.05759	0.01853	0.01435	0.01151	0.01732	0.00148	0.12494	0.0014	0.18813	0.078
0.37058	0.23325	0.01258	0.4527	0.30045	0.06007	0.01735	0.0115	0.01275	0.01386	0.00066	0.16091	0.00124	0.16792	0.07901
0.42292	0.24592	0.0084	0.54232	0.28748	0.05754	0.02221	0.00915	0.01415	0.02281	0.00119	0.17847	0.00076	0.14298	0.07127
0.41473	0.22689	0.00932	0.46965	0.28493	0.04763	0.02018	0.01565	0.01086	0.01888	0.00639	0.14666	0.0006	0.16928	0.07554
0.36521	0.2251	0.01349	0.43041	0.28157	0.04926	0.01917	0.01396	0.0134	0.01717	0.00299	0.16263	0.0011	0.18109	0.08139
0.35278	0.25129	0.01108	0.48344	0.28785	0.05705	0.01852	0.01152	0.01179	0.01641	0.00144	0.13747	0.00162	0.15736	0.07462
0.47073	0.24901	0.01152	0.51393	0.28517	0.06157	0.02019	0.01031	0.00936	0.01639	0.00091	0.13547	0.00109	0.15945	0.06741
0.33266	0.22834	0.01269	0.46356	0.29818	0.04454	0.02027	0.01346	0.01005	0.01375	0.00105	0.13393	0.00105	0.15131	0.08087
0.26495	0.21532	0.00856	0.41579	0.29005	0.05928	0.0173	0.01316	0.01246	0.01764	0.00252	0.12032	0.00095	0.17795	0.07887
0.29993	0.22646	0.0104	0.46982	0.28828	0.03701	0.01711	0.01427	0.00757	0.01809	0.00309	0.12972	0.00198	0.19709	0.07009
0.29273	0.22237	0.00871	0.42996	0.28666	0.04774	0.02003	0.01854	0.00937	0.01391	0.00386	0.13047	0.00093	0.16545	0.07789
0.2792	0.24374	0.00861	0.43775	0.28389	0.05134	0.01844	0.0185	0.00692	0.01933	0.0016	0.12162	0.00055	0.13756	0.07382
0.35012	0.24824	0.00875	0.53838	0.28594	0.05019	0.01361	0.00881	0.00707	0.01476	0.00069	0.12259	0.00146	0.15327	0.08641
0.34995	0.25672	0.0085	0.57261	0.28789	0.0707	0.01387	0.01055	0.0132	0.01645	0.00132	0.15803	0.00074	0.19171	0.08564
0.26155	0.24064	0.01201	0.53648	0.30864	0.05811	0.01816	0.01119	0.0097	0.01303	0.00076	0.12403	0.00043	0.14366	0.08272
0.32504	0.24189	0.00765	0.51353	0.28936	0.0441	0.01886	0.01649	0.01401	0.0157	0.00113	0.11202	0.00112	0.20108	0.07891
0.28469	0.24521	0.01184	0.42578	0.28438	0.06132	0.01366	0.01794	0.01327	0.01528	0.00214	0.1037	0.00304	0.1646	0.07765
0.33191	0.20582	0.01259	0.45042	0.29008	0.05005	0.01596	0.01155	0.01039	0.01441	0.00149	0.11303	0.00195	0.1496	0.07698
0.29046	0.2311	0.01017	0.44432	0.28146	0.04739	0.01308	0.01371	0.01327	0.01705	0.0029	0.1324	0.00191	0.18459	0.06707
0.35801	0.22145	0.01275	0.45776	0.27744	0.04739	0.01819	0.01444	0.01301	0.01641	0.00057	0.13992	0.00037	0.17375	0.07449
0.22909	0.21405	0.01406	0.47944	0.28719	0.05273	0.02194	0.01311	0.00835	0.01434	0.00172	0.13156	0.00438	0.20604	0.0888
0.28637	0.21744	0.01185	0.41949	0.28603	0.05484	0.0147	0.01361	0.01068	0.01041	0.00091	0.16292	0.00069	0.16346	0.08191
0.30881	0.20635	0.00874	0.45235	0.28125	0.04997	0.01909	0.01362	0.01206	0.01172	0.0019	0.1849	0.00143	0.16182	0.0853
0.28814	0.23383	0.0121	0.48674	0.29527	0.06051	0.01647	0.01628	0.00823	0.01731	0.002	0.07414	0.00089	0.15697	0.08137
0.29157	0.20914	0.0135	0.43377	0.2833	0.04907	0.01554	0.01071	0.00991	0.01346	0.00285	0.12622	0.00118	0.16534	0.07916
0.27006	0.22152	0.01094	0.46466	0.28616	0.04769	0.01297	0.01634	0.00905	0.01845	0.00095	0.12144	0.00072	0.1602	0.08224
0.28511	0.22345	0.01065	0.45782	0.29848	0.0538	0.01781	0.01374	0.0087	0.0171	0.00144	0.09982	0.00081	0.156	0.07003
0.26402	0.20453	0.00818	0.39006	0.28598	0.05537	0.01843	0.01657	0.00902	0.01447	0.00133	0.12914	0.00163	0.15784	0.08149
0.25562	0.20832	0.01246	0.42189	0.29116	0.04331	0.01789	0.02368	0.01221	0.01293	0.00466	0.0977	0.0015	0.17663	0.08476
0.25783	0.22986	0.0095	0.53394	0.29166	0.04553	0.01664	0.01209	0.00971	0.01262	0.00111	0.09317	0.002	0.16534	0.08514
0.28266	0.18308	0.01195	0.44109	0.28831	0.05444	0.01956	0.02032	0.0089	0.01363	0.00202	0.06183	0.0007	0.1725	0.08432
0.21248	0.18873	0.01094	0.52515	0.28604	0.0491	0.01957	0.01847	0.00962	0.01318	0.00158	0.06073	0.00098	0.15603	0.08411
0.25944	0.18265	0.0104	0.44374	0.28148	0.05735	0.00926	0.01259	0.00933	0.01551	0.00079	0.0923	0.00102	0.14441	0.08188
0.31986	0.22401	0.00757	0.4357	0.2859	0.05296	0.01596	0.0111	0.00525	0.0146	0.0023	0.12357	0.00199	0.17427	0.07593
0.23459	0.16497	0.00665	0.39092	0.28841	0.03913	0.01554	0.01619	0.00864	0.01453	0.00075	0.05828	0.00102	0.1693	0.07666
0.29507	0.22267	0.0101	0.52307	0.27915	0.05478	0.01937	0.01414	0.00503	0.013	0.00144	0.12831	0.00092	0.17761	0.08526
0.24449	0.18675	0.00744	0.49297	0.2827	0.05871	0.01493	0.02232	0.01024	0.00769	0.00171	0.1461	0.00098	0.183	0.08507
0.24162	0.18883	0.00933	0.50584	0.28418	0.04696	0.01082	0.02056	0.00631	0.01727	0.00122	0.1053	0.00152	0.20175	0.07525
0.27465	0.20095	0.01017	0.52423	0.28818	0.05225	0.01801	0.01258	0.00803	0.0164	0.00155	0.09265	0.00049	0.19893	0.07159
0.29302	0.1859	0.01137	0.50677	0.28235	0.04541	0.01674	0.01235	0.00468	0.01048	0.00524	0.10819	0.00205	0.17966	0.07611
0.29132	0.21672	0.01318	0.49745	0.28568	0.05215	0.0178	0.01342	0.01052	0.0157	0.00101	0.07542	0.00082	0.16224	0.07787
0.21155	0.20046	0.00885	0.46416	0.2889	0.04796	0.01891	0.02573	0.00427	0.01072	0.00146	0.0662	0.00134	0.17279	0.07204
0.30369	0.22016	0.00835	0.48657	0.2834	0.05724	0.01549	0.01287	0.0091	0.01445	0.00113	0.15912	0.00223	0.1764	0.07666
0.30426	0.18072	0.01261	0.49736	0.27687	0.05309	0.0158	0.01276	0.00826	0.01878	0.00108	0.13034	0.00061	0.18374	0.08271
0.19129	0.16912	0.00845	0.46466	0.2997	0.05748	0.01507	0.01478	0.00628	0.01539	0.0006	0.09315	0.00323	0.18341	0.07606
0.22812	0.19306	0.0096	0.45409	0.27342	0.05163	0.01368	0.01228	0.00742	0.01381	0.00099	0.12089	0.00081	0.17734	0.07632
0.26372	0.19141	0.00987	0.45733	0.27946	0.04441	0.01681	0.01954	0.00705	0.0107	0.00116	0.12493	0.00065	0.17297	0.07623
0.24953	0.18003	0.00693	0.46728	0.27783	0.04887	0.01853	0.01605	0.00799	0.01311	0.00265	0.10971	0.00103	0.18059	0.07928
0.2185	0.18176	0.01158	0.43678	0.2936	0.06393	0.01602	0.01633	0.00727	0.01228	0.00109	0.11809	0.0005	0.18198	0.07207
0.28905	0.20304	0.00859	0.5012	0.28116	0.05445	0.01736	0.0127	0.00443	0.00921	0.00196	0.11671	0.00124	0.17165	0.08082
0.28643	0.21453	0.01004	0.55633	0.27903	0.05032	0.01548	0.012	0.00518	0.0092	0.00164	0.07972	0.00293	0.15761	0.08296
0.23237	0.16324	0.00918	0.49344	0.27937	0.05749	0.0162	0.01381	0.00522	0.01458	0.00428	0.11134	0.00123	0.17486	0.06543
0.22697	0.17485	0.01055	0.46838	0.27873	0.05284	0.0188	0.01537	0.00482	0.01161	0.00341	0.11966	0.00103	0.1696	0.07689
0.21765	0.19124	0.00934	0.48311	0.30626	0.03525	0.012	0.01995	0.00538	0.01062	0.00194	0.08556	0.00221	0.1594	0.08557
0.27706	0.19453	0.00762	0.58145	0.28928	0.04054	0.02285	0.02035	0.00471	0.01288	0.00212	0.10117	0.00164	0.18181	0.07253
0.24646	0.16083	0.01044	0.5681	0.28606	0.04362	0.01743	0.02408	0.00526	0.01247	0.00065	0.09874	0.00065	0.16806	0.08009
0.25933	0.16766	0.00677	0.48152	0.2825	0.03671	0.01116	0.01395	0.00714	0.00861	0.00187	0.08475	0.0025	0.21949	0.07461
0.25812	0.18296	0.00842	0.43603	0.2794	0.05191	0.01488	0.01295	0.0062	0.01004	0.00282	0.11532	0.00083	0.18998	0.07944
0.22858	0.1767	0.00748	0.4372	0.28257	0.05998	0.01222	0.01746	0.00516	0.01103	0.00153	0.0797	0.00207	0.16316	0.08062
0.22374	0.17404	0.01323	0.39237	0.28543	0.06624	0.01242	0.01223	0.00621	0.01467	0.00237	0.17881	0.00049	0.17771	0.08832
0.23571	0.1463	0.00934	0.39243	0.27368	0.04802	0.01434	0.01451	0.00876	0.01327	0.0016	0.11875	0.00106	0.17469	0.08024
0.25165	0.16597	0.00744	0.42896	0.28272	0.05365	0.01231	0.01132	0.00482	0.01341	0.0013	0.14643	0.00101	0.19526	0.0845
0.31709	0.19644	0.00974	0.47482	0.28308	0.05649	0.01646	0.01148	0.00887	0.00748	0.00117	0.1215	0.00285	0.17482	0.07698
0.23227	0.16842	0.01415	0.47168	0.28118	0.04726	0.01535	0.02352	0.00525	0.01122	0.0014	0.05485	0.00227	0.18602	0.08294
0.28213	0.18929	0.01054	0.46857	0.28506	0.04658	0.01077	0.01844	0.00581	0.01216	0.00365	0.0897	0.00201	0.19796	0.07782
0.26786	0.20477	0.00673	0.54591	0.27959	0.05569	0.01153	0.00849	0.0076	0.0122	0.00248	0.10018	0.00124	0.15308	0.08612
0.19147	0.15548	0.01081	0.39742	0.29125	0.04775	0.013	0.01651	0.00717	0.00779	0.00118	0.0957	0.00076	0.16391	0.08266
0.34355	0.17489	0.00963	0.36718	0.28547	0.04786	0.01325	0.01029	0.00578	0.00737	0.00136	0.07791	0.00188	0.17128	0.07659
0.24508	0.19141	0.00873	0.41435	0.29214	0.04847	0.0136	0.01948	0.00463	0.01274	0.00181	0.10136	0.00049	0.17468	0.0757
0.36657	0.22204	0.00411	0.41478	0.28398	0.05075	0.01944	0.01091	0.00533	0.01227	0.00167	0.11651	0.00165	0.24264	0.07754
0.26385	0.16801	0.00701	0.44743	0.27785	0.04313	0.01677	0.01145	0.00512	0.00731	0.00163	0.14862	0.00076	0.1998	0.0845
0.21129	0.16216	0.01305	0.38669	0.28734	0.05447	0.0148	0.02083	0.0057	0.01226	0.00137	0.07616	0.00166	0.18382	0.08293
0.32277	0.21376	0.00986	0.438	0.28312	0.04565	0.01425	0.01627	0.00415	0.01239	0.00142	0.10741	0.00045	0.16892	0.07547
0.23096	0.17317	0.00832	0.49458	0.27986	0.06572	0.01763	0.01562	0.00465	0.01022	0.00239	0.10448	0.00143	0.18625	0.07678
0.26937	0.15932	0.01179	0.45091	0.2791	0.04811	0.02074	0.01618	0.00464	0.01321	0.00195	0.08693	0.00036	0.1639	0.06846
0.30139	0.18742	0.00873	0.48243	0.29157	0.04475	0.01302	0.01132	0.00871	0.01142	0.001	0.12186	0.00074	0.23127	0.09317
0.27612	0.15956	0.00798	0.48994	0.28419	0.04351	0.01898	0.01243	0.00648	0.01523	0.00135	0.10359	0.00128	0.18578	0.07941
0.24113	0.17603	0.0091	0.52947	0.28579	0.04361	0.0151	0.01198	0.00417	0.00978	0.00103	0.07193	0.00141	0.17094	0.07689
0.29497	0.18221	0.0074	0.48843	0.28317	0.04206	0.0133	0.01032	0.00425	0.00891	0.00225	0.0809	0.00084	0.15626	0.08541
0.32407	0.22673	0.00861	0.54218	0.29111	0.05591	0.018	0.01081	0.00742	0.01192	0.00282	0.1106	0.0008	0.15065	0.08772
0.3212	0.18442	0.00791	0.4393	0.28564	0.05202	0.01347	0.01104	0.0055	0.01331	0.00548	0.16279	0.00133	0.19231	0.08166
0.32257	0.20738	0.01042	0.46962	0.29173	0.05053	0.01463	0.01439	0.00457	0.01166	0.0011	0.16726	0.00035	0.16247	0.07096
0.25273	0.15618	0.00779	0.41103	0.28028	0.03923	0.01473	0.01476	0.00548	0.01266	0.00124	0.09214	0.00125	0.18585	0.07592
0.26026	0.15827	0.01061	0.38215	0.29771	0.04742	0.01893	0.01772	0.00436	0.00957	0.00187	0.07527	0.00249	0.18457	0.09227
0.26268	0.16208	0.01009	0.38056	0.28264	0.04636	0.01682	0.01449	0.00433	0.01188	0.002	0.12321	0.00124	0.18485	0.06978
0.32359	0.18129	0.00957	0.53119	0.27462	0.02943	0.01489	0.01273	0.00424	0.01378	0.00312	0.10289	0.00527	0.15759	0.08739
0.25605	0.16133	0.00701	0.42977	0.28419	0.04926	0.00899	0.01792	0.00442	0.01349	0.00139	0.10811	0.00423	0.16978	0.08346
0.19627	0.14917	0.00712	0.43603	0.30585	0.04729	0.01647	0.01403	0.00657	0.0085	0.00138	0.09756	0.00196	0.18051	0.07576
0.29663	0.17068	0.00741	0.4871	0.2875	0.04152	0.01399	0.01678	0.00614	0.01087	0.00112	0.1316	0.00069	0.17788	0.08554
0.28319	0.18309	0.00641	0.44693	0.28678	0.0413	0.01726	0.02172	0.0038	0.01036	0.00135	0.09758	0.00058	0.19601	0.08112
0.28039	0.17928	0.00712	0.45925	0.27896	0.05245	0.0137	0.01253	0.00513	0.00976	0.00219	0.08847	0.00114	0.18347	0.08515
0.30394	0.17466	0.01027	0.44867	0.27527	0.04593	0.01584	0.01032	0.00613	0.00622	0.00115	0.0944	0.00099	0.16738	0.07981
0.33371	0.20288	0.00702	0.46813	0.28264	0.04765	0.01709	0.01611	0.00436	0.01365	0.00247	0.13379	0.00155	0.17389	0.07392
0.3154	0.1843	0.00815	0.40365	0.28876	0.03761	0.01911	0.00798	0.00823	0.01262	0.00087	0.12173	0.00104	0.16166	0.08165
0.29204	0.1888	0.01023	0.41867	0.28569	0.0549	0.01462	0.01239	0.01149	0.01116	0.00105	0.11984	0.00101	0.16031	0.07897
0.31845	0.20835	0.00608	0.46719	0.27973	0.04703	0.01792	0.01828	0.00429	0.0089	0.00352	0.09356	0.00122	0.18004	0.07938
0.24967	0.16483	0.00839	0.40301	0.31271	0.05553	0.0137	0.01948	0.00364	0.01193	0.00288	0.07786	0.0015	0.1828	0.08896
0.24035	0.14719	0.00864	0.39263	0.27375	0.04909	0.01591	0.01338	0.00603	0.01193	0.00412	0.06609	0.00042	0.19629	0.08292
0.25831	0.17705	0.00945	0.50759	0.28158	0.0345	0.01489	0.01418	0.00611	0.00888	0.00212	0.06573	0.00138	0.194	0.07905
0.3343	0.19773	0.00845	0.48064	0.2807	0.04751	0.01323	0.01545	0.00352	0.00649	0.00234	0.09927	0.00061	0.16193	0.07585
0.26138	0.17251	0.00502	0.40681	0.28008	0.03019	0.01063	0.01212	0.00559	0.0093	0.00527	0.11766	0.00062	0.1481	0.07247
0.23689	0.15673	0.00185	0.39977	0.27949	0.05681	0.01308	0.02012	0.00557	0.00981	0.00227	0.08786	0.00109	0.17669	0.07283
0.23858	0.1753	0.00839	0.4563	0.28917	0.04408	0.01557	0.01868	0.00979	0.01	0.0043	0.07175	0.00087	0.19359	0.07354
0.26189	0.17639	0.00729	0.45067	0.2864	0.03937	0.01494	0.01422	0.00866	0.00853	0.00088	0.10358	0.0004	0.17444	0.07773
0.19718	0.13495	0.00634	0.48502	0.2847	0.03812	0.0178	0.02057	0.0048	0.00746	0.00106	0.11756	0.00075	0.22417	0.06801
0.34715	0.19093	0.00672	0.55047	0.28359	0.03852	0.01312	0.01306	0.00867	0.00506	0.00114	0.07147	0.00106	0.19212	0.08281
0.27238	0.17932	0.00945	0.52877	0.28541	0.03691	0.01745	0.01898	0.00495	0.0052	0.00107	0.06122	0.00235	0.21215	0.08429
0.23986	0.14921	0.00385	0.46457	0.28403	0.03604	0.01081	0.01231	0.00285	0.00915	0.00102	0.04757	0.00058	0.20279	0.09571
0.25932	0.15673	0.00758	0.48897	0.2758	0.03929	0.00916	0.01819	0.00264	0.01159	0.00107	0.08742	0.00121	0.23191	0.08502
0.32978	0.18349	0.00346	0.52794	0.28701	0.03157	0.01123	0.01193	0.00375	0.00415	0.0008	0.0964	0.00142	0.21614	0.08826
0.20199	0.15597	0.00626	0.37188	0.27686	0.03794	0.00911	0.01783	0.00145	0.00763	0.00102	0.07087	0.00189	0.17302	0.08389
0.33344	0.201	0.0051	0.43661	0.27962	0.03777	0.01425	0.0109	0.00475	0.00772	0.00188	0.14019	0.00055	0.2387	0.08518
0.31281	0.19116	0.00455	0.38259	0.28881	0.04093	0.01503	0.01534	0.00322	0.00364	0.00152	0.09114	0.00185	0.21508	0.07519
0.28404	0.18769	0.00504	0.47237	0.28036	0.04103	0.01686	0.01894	0.00605	0.01092	0.00117	0.08821	0.00044	0.18691	0.08665
0.24784	0.19963	0.00594	0.41015	0.29519	0.04502	0.01554	0.0188	0.00543	0.0141	0.00273	0.08718	0.00062	0.17688	0.07889
0.2222	0.16821	0.00359	0.36748	0.27854	0.04718	0.02001	0.02248	0.00399	0.00665	0.00035	0.06401	0.00118	0.18499	0.07786
0.25339	0.17589	0.00814	0.47352	0.28069	0.04042	0.01202	0.01533	0.00504	0.00927	0.0007	0.10422	0.00143	0.19961	0.08429
0.20718	0.12592	0.00778	0.41712	0.27885	0.03952	0.00828	0.02368	0.0058	0.01153	0.0009	0.06432	0.00091	0.18445	0.07643
0.21064	0.15559	0.00451	0.45485	0.27897	0.03919	0.01043	0.01549	0.00585	0.00746	0.00117	0.09873	0.00077	0.17449	0.08103
0.21887	0.14501	0.00696	0.44477	0.27641	0.03324	0.01594	0.01364	0.00626	0.01334	0.00171	0.117	0.00095	0.21072	0.09468
0.17972	0.1402	0.00679	0.44728	0.2827	0.03807	0.01192	0.01484	0.00625	0.00792	0.00212	0.09098	0.00054	0.20339	0.08752
0.2492	0.15968	0.00678	0.49037	0.27786	0.04832	0.0119	0.01275	0.00471	0.0075	0.00178	0.08045	0.00172	0.22384	0.07467
0.29116	0.14948	0.00231	0.45758	0.27779	0.06218	0.01225	0.01419	0.00593	0.01073	0.00222	0.10627	0.00068	0.20694	0.07769
0.26025	0.16277	0.00669	0.42152	0.27671	0.05716	0.01476	0.01984	0.00214	0.00278	0.00174	0.10067	0.00346	0.20212	0.08065
0.33327	0.18416	0.00615	0.43182	0.28283	0.04178	0.01517	0.01103	0.00256	0.01059	0.00186	0.11607	0.00063	0.22358	0.07918
0.25117	0.16387	0.00577	0.44315	0.2801	0.04813	0.01436	0.01356	0.00391	0.00746	0.00351	0.11659	0.00231	0.21615	0.08325
0.24652	0.15066	0.00521	0.43618	0.28223	0.04628	0.01446	0.01207	0.00368	0.00348	0.00075	0.09454	0.00105	0.17625	0.08172
0.30086	0.18629	0.0048	0.48417	0.29397	0.03844	0.01401	0.01387	0.0032	0.00672	0.0015	0.12033	0.00332	0.21277	0.07685
0.29645	0.15667	0.00693	0.42822	0.29293	0.04166	0.00829	0.01497	0.00704	0.00724	0.00062	0.05758	0.00067	0.19222	0.07175
0.28694	0.17455	0.00839	0.547	0.28423	0.04548	0.0129	0.01382	0.00456	0.00818	0.00112	0.08986	0.00149	0.18976	0.07694
0.239	0.13744	0.00887	0.4357	0.27349	0.03831	0.01122	0.01738	0.00512	0.01004	0.00124	0.11167	0.00078	0.18165	0.07274
0.27884	0.16331	0.00372	0.50716	0.27944	0.04448	0.00966	0.02106	0.00374	0.00887	0.00244	0.14346	0.00321	0.17852	0.08099
0.3007	0.18053	0.00893	0.53116	0.28093	0.03419	0.01131	0.01445	0.00514	0.00659	0.00113	0.13564	0.00119	0.17446	0.08139
0.29915	0.18457	0.00655	0.42863	0.27958	0.04441	0.01176	0.01311	0.00358	0.00821	0.00217	0.0866	0.00099	0.22332	0.08724
0.22349	0.17012	0.00441	0.47078	0.28198	0.04073	0.01448	0.01687	0.00205	0.00533	0.00295	0.1279	0.00108	0.16147	0.06655
0.21989	0.15105	0.00538	0.53181	0.28348	0.03957	0.00587	0.02298	0.00738	0.01266	0.00073	0.10243	0.0019	0.19166	0.0777
0.22629	0.15231	0.00813	0.41721	0.28636	0.04216	0.00728	0.00848	0.00338	0.00873	0.00203	0.10751	0.00102	0.19738	0.07045
0.24491	0.16966	0.00713	0.43817	0.28499	0.05243	0.01144	0.01079	0.0039	0.01053	0.00214	0.16525	0.00058	0.2099	0.07506
0.22379	0.14013	0.00573	0.44819	0.2797	0.04993	0.01681	0.00733	0.00338	0.00921	0.00361	0.11888	0.00038	0.22473	0.08091
0.2941	0.17111	0.00364	0.5722	0.28154	0.05032	0.01447	0.00957	0.00384	0.00498	0.00141	0.18819	0.00143	0.22596	0.07616
0.2332	0.18056	0.00671	0.38213	0.2769	0.04404	0.01314	0.01095	0.00537	0.00388	0.00168	0.08621	0.00218	0.22171	0.08612
0.22016	0.14246	0.0039	0.44173	0.27877	0.03313	0.01332	0.00975	0.0044	0.01375	0.00184	0.10711	0.0005	0.24508	0.07731
0.21272	0.13311	0.00551	0.43031	0.27815	0.03857	0.01305	0.0137	0.00569	0.00521	0.00258	0.12881	0.00147	0.22277	0.07409
0.27483	0.18722	0.00363	0.47999	0.28806	0.0388	0.01301	0.00987	0.0034	0.00752	0.00127	0.18153	0.00041	0.19814	0.0863
0.20794	0.13289	0.00369	0.40661	0.27947	0.04156	0.01243	0.01626	0.00402	0.00934	0.0019	0.0707	0.00118	0.20244	0.0823
0.22407	0.15409	0.00719	0.43918	0.28337	0.04751	0.01281	0.0071	0.00281	0.01151	0.00251	0.09941	0.00118	0.23742	0.08619
0.25641	0.16069	0.00324	0.4634	0.28544	0.03596	0.01308	0.0152	0.00424	0.00549	0.00147	0.11687	0.00114	0.23812	0.0868
0.29889	0.18882	0.00246	0.50484	0.27516	0.03812	0.01632	0.01083	0.0033	0.0052	0.00183	0.11274	0.00104	0.21628	0.07786
0.32908	0.20286	0.00386	0.56454	0.27982	0.04109	0.01482	0.01012	0.00508	0.00541	0.0014	0.13034	0.00103	0.22004	0.08717
0.29722	0.20875	0.00732	0.45423	0.27495	0.03852	0.01239	0.01008	0.00355	0.00487	0.00135	0.10188	0.00195	0.23341	0.0807
0.35008	0.22564	0.00195	0.50232	0.28163	0.04135	0.01525	0.01084	0.0056	0.00953	0.00119	0.09815	0.00116	0.22685	0.08546
0.37019	0.2626	0.00871	0.49172	0.28514	0.03707	0.01588	0.0072	0.00213	0.00591	0.00276	0.1411	0.00119	0.2354	0.08521
0.34543	0.21694	0.00359	0.56154	0.27454	0.05318	0.01315	0.01355	0.00282	0.01037	0.00318	0.1058	0.0009	0.20222	0.08535
0.30452	0.18318	0.00309	0.45135	0.28542	0.04661	0.01741	0.01351	0.00427	0.00598	0.00114	0.08008	0.00261	0.19395	0.07056
0.32314	0.18802	0.00251	0.48255	0.28396	0.04578	0.01253	0.01606	0.00243	0.00633	0.00246	0.08337	0.00588	0.21311	0.0864
0.2687	0.14084	0.00562	0.44497	0.28459	0.04358	0.01244	0.00618	0.00543	0.0034	0.00187	0.1069	0.00126	0.21983	0.09163
0.26323	0.16448	0.00275	0.47609	0.27522	0.05316	0.01065	0.01452	0.00271	0.00734	0.00487	0.09255	0.00078	0.23078	0.08273
0.3338	0.17765	0.00392	0.48558	0.28839	0.04532	0.01246	0.01351	0.00327	0.00249	0.00055	0.09531	0.00048	0.18735	0.09006
0.29755	0.16007	0.003	0.50025	0.28369	0.07023	0.01683	0.01327	0.00562	0.00775	0.00162	0.12499	0.00091	0.20155	0.08529
0.30783	0.1904	0.00226	0.52029	0.28266	0.0513	0.01111	0.01343	0.00503	0.01082	0.00328	0.10396	0.00063	0.20853	0.08549
0.19489	0.13474	0.00184	0.40729	0.29409	0.0515	0.01197	0.01709	0.00589	0.00769	0.00068	0.07472	0.00128	0.21731	0.08038
0.27555	0.14637	0.00462	0.45974	0.28666	0.04515	0.01476	0.01227	0.00338	0.00655	0.00137	0.08099	0.00059	0.19707	0.07753
0.24167	0.15865	0.0038	0.47352	0.28416	0.02962	0.01547	0.0136	0.00357	0.0067	0.00163	0.1027	0.00193	0.19515	0.08069
0.25625	0.16909	0.00132	0.5316	0.28615	0.04357	0.01536	0.01391	0.00316	0.0092	0.00175	0.10277	0.00109	0.20898	0.07684
0.36532	0.20788	0.00277	0.53644	0.28063	0.03462	0.01388	0.00864	0.00231	0.0048	0.00232	0.10922	0.00194	0.24146	0.07711
0.28365	0.19133	0.0052	0.56354	0.28023	0.04202	0.01271	0.00998	0.0039	0.00194	0.00122	0.11046	0.0004	0.1908	0.08699
0.33635	0.18015	0.00294	0.56115	0.28188	0.05057	0.01161	0.00774	0.00526	0.00422	0.00212	0.10144	0.00078	0.21155	0.07326
0.43406	0.2194	0.00587	0.57756	0.27884	0.05374	0.00805	0.00599	0.00631	0.00251	0.00254	0.13853	0.00191	0.19924	0.08388
0.33593	0.22302	0.00181	0.54411	0.2799	0.06103	0.01195	0.0162	0.00549	0.00331	0.00078	0.11256	0.00117	0.21121	0.08038
0.23422	0.14748	0.00272	0.46499	0.28143	0.04949	0.01008	0.01994	0.00678	0.00156	0.00153	0.11422	0.00145	0.21345	0.0756
0.32334	0.19462	0.00339	0.51626	0.27622	0.04931	0.01139	0.00895	0.00392	0.00637	0.00219	0.10333	0.00281	0.19651	0.08242
0.23344	0.16158	0.00481	0.51755	0.27802	0.04347	0.00696	0.01272	0.00391	0.00516	0.0052	0.09224	0.00063	0.1924	0.07696
0.27994	0.17562	0.00152	0.47809	0.27802	0.0462	0.01495	0.015	0.00367	0.00422	0.00187	0.08638	0.00094	0.20533	0.07105
0.25864	0.16027	0.00343	0.40934	0.28119	0.04954	0.0049	0.01054	0.00404	0.01004	0.00127	0.06159	0.0021	0.23375	0.08391
0.30415	0.19201	0.00682	0.40753	0.27897	0.04495	0.01344	0.01692	0.00389	0.00366	0.00175	0.07997	0.00731	0.23102	0.07374
0.24869	0.1462	0.00665	0.44809	0.28259	0.0365	0.01218	0.01349	0.00342	0.00716	0.00211	0.08664	0.00051	0.21037	0.08536
0.24536	0.14321	0.00663	0.44168	0.27447	0.03959	0.01394	0.0096	0.00777	0.00641	0.00382	0.09929	0.00061	0.21523	0.08774
0.21325	0.15308	0.00669	0.38278	0.27285	0.04138	0.01402	0.01864	0.00539	0.00775	0.00359	0.13772	0.00126	0.19855	0.07481
0.25551	0.14144	0.00355	0.44752	0.27728	0.03931	0.01584	0.01423	0.004	0.00685	0.00249	0.10158	0.00202	0.2178	0.08565
0.32594	0.18151	0.002	0.47094	0.27128	0.02702	0.00994	0.0121	0.00372	0.00334	0.00432	0.18761	0.00136	0.20115	0.07242
0.30677	0.1631	0.00761	0.50278	0.27778	0.04412	0.01225	0.01079	0.0062	0.00115	0.00159	0.1034	0.00115	0.26467	0.08204
0.24172	0.14655	0.00495	0.46962	0.27731	0.03119	0.01143	0.01652	0.00451	0.00326	0.00287	0.10856	0.00202	0.23117	0.0748
0.19681	0.13381	0.00296	0.41097	0.30258	0.03635	0.01354	0.01707	0.00554	0.00659	0.00322	0.07759	0.00174	0.22461	0.07943
0.23819	0.18059	0.00203	0.45079	0.27476	0.03779	0.01774	0.01632	0.00403	0.00834	0.00344	0.10539	0.00074	0.21538	0.0862
0.22528	0.15075	0.00252	0.48773	0.28879	0.03499	0.01433	0.01026	0.00381	0.005	0.00087	0.0812	0.00065	0.22983	0.07508
0.24439	0.13458	0.00463	0.41129	0.27711	0.03805	0.01056	0.01394	0.00372	0.00227	0.0011	0.10053	0.00095	0.19615	0.08107
0.28275	0.14171	0.00598	0.45114	0.28026	0.04118	0.01546	0.01173	0.00416	0.00603	0.00224	0.11923	0.00165	0.19759	0.07984
0.26134	0.1614	0.00065	0.4855	0.28906	0.03798	0.01012	0.01332	0.0042	0.00451	0.00106	0.08864	0.00072	0.24075	0.07922
0.3154	0.16218	0.0062	0.489	0.27742	0.03811	0.01201	0.00962	0.00386	0.00443	0.00153	0.14857	0.00052	0.19888	0.07611
0.32999	0.16606	0.00175	0.55191	0.28343	0.03616	0.01355	0.01175	0.00299	0.00183	0.00162	0.0934	0.00101	0.21663	0.06371
0.25121	0.14801	0.00748	0.40136	0.28282	0.03916	0.01518	0.00686	0.0037	0.00176	0.00135	0.11171	0.00063	0.2205	0.07789
0.27934	0.18696	0.00224	0.46844	0.28143	0.03927	0.01554	0.0109	0.00677	0.00241	0.00171	0.0849	0.00142	0.21768	0.0723
0.27795	0.1621	0.00103	0.49021	0.28082	0.03838	0.00971	0.01174	0.00374	0.00962	0.0016	0.09155	0.00064	0.20586	0.07242
0.32475	0.19208	0.00745	0.53291	0.28372	0.03494	0.0128	0.01078	0.0058	0.00698	0.00205	0.15555	0.00091	0.24575	0.08912
0.22764	0.15828	0.0022	0.43783	0.28091	0.0358	0.01397	0.01177	0.00073	0.00466	0.00178	0.14608	0.00046	0.22743	0.08619
0.37861	0.22619	0.00122	0.63473	0.29297	0.04035	0.01273	0.00824	0.00264	0.00368	0.00105	0.11077	0.00178	0.23595	0.07238
0.28863	0.19653	0.00708	0.51641	0.28686	0.0345	0.01003	0.01138	0.00591	0.00696	0.00073	0.08941	0.00079	0.23004	0.07301
0.2898	0.1698	0.00475	0.53815	0.27784	0.03961	0.01182	0.0081	0.00478	0.00409	0.00167	0.12241	0.00144	0.25933	0.06956
0.22705	0.15523	0.00194	0.48564	0.27825	0.04919	0.01071	0.00984	0.0045	0.00629	0.00137	0.08391	0.00316	0.2216	0.07913
0.23347	0.16843	0.00518	0.49732	0.28211	0.0415	0.00982	0.02006	0.00367	0.0053	0.00271	0.07195	0.00156	0.21131	0.08784
0.28715	0.20109	0.00347	0.55642	0.28822	0.03298	0.01117	0.01076	0.003	0.00613	0.00498	0.0984	0.00039	0.23449	0.08492
0.29302	0.20291	0.00284	0.58135	0.28008	0.04498	0.0147	0.01284	0.00542	0.00454	0.00306	0.08235	0.00052	0.25847	0.07998
0.29544	0.15786	0.00377	0.48902	0.28681	0.05414	0.01079	0.00922	0.00418	0.00893	0.00232	0.17273	0.00154	0.21666	0.07445
0.20676	0.15391	0.0021	0.49907	0.28385	0.06051	0.01265	0.00902	0.00407	0.00263	0.0013	0.09427	0.00167	0.21156	0.08659
0.19893	0.16193	0.0016	0.41757	0.28615	0.04232	0.00693	0.02088	0.00373	0.00386	0.00265	0.08313	0.00101	0.17858	0.08483
0.23742	0.18286	0.00208	0.45156	0.28467	0.04808	0.01059	0.00718	0.00478	0.00422	0.00152	0.10656	0.00091	0.19928	0.06993
0.20427	0.169	0.0026	0.46823	0.28216	0.03308	0.01068	0.01577	0.00331	0.01069	0.00237	0.06171	0.00144	0.24477	0.08539
0.25699	0.1853	0.00289	0.47099	0.28173	0.02619	0.01171	0.01449	0.00376	0.00846	0.00094	0.07008	0.00127	0.24128	0.07535
0.23157	0.16508	0.0087	0.46335	0.28116	0.03267	0.00949	0.01374	0.00321	0.00439	0.00343	0.10027	0.0013	0.21997	0.06723
0.18939	0.16634	0.00213	0.38999	0.28202	0.04033	0.01286	0.01046	0.00428	0.00353	0.00223	0.08835	0.00074	0.22154	0.08263
0.20852	0.15854	0.00649	0.44046	0.28124	0.03467	0.0112	0.01161	0.0069	0.00732	0.00066	0.05523	0.00051	0.22489	0.07494
0.29038	0.18088	0.004	0.55319	0.2828	0.03017	0.01351	0.01385	0.00783	0.00547	0.00179	0.1163	0.00166	0.2316	0.08223
0.22833	0.22107	0.00482	0.52021	0.2804	0.04036	0.00889	0.01846	0.00259	0.00285	0.00177	0.11892	0.00163	0.20113	0.07582
0.19694	0.12699	0.00354	0.45517	0.27411	0.02543	0.0118	0.00893	0.00274	0.00313	0.00252	0.09273	0.00071	0.21178	0.07132
0.24846	0.16692	0.00299	0.49898	0.27707	0.03189	0.00972	0.01323	0.00331	0.00164	0.00408	0.07413	0.00123	0.19065	0.07731
0.23017	0.15478	0.00386	0.44358	0.28067	0.04326	0.00648	0.01623	0.00253	0.00411	0.0025	0.06303	0.00147	0.18489	0.08151
0.29682	0.18414	0.00188	0.5328	0.27116	0.03706	0.00954	0.01206	0.00219	0.00626	0.00213	0.0715	0.00103	0.18476	0.0916
0.29576	0.20021	0.00286	0.53186	0.28069	0.04073	0.01569	0.01067	0.00276	0.00617	0.0021	0.10543	0.00057	0.21687	0.06924
0.24125	0.14432	0.00481	0.47407	0.27626	0.02792	0.00954	0.01053	0.00434	0.00454	0.00314	0.07556	0.00107	0.22034	0.07827
0.304	0.18719	0.00366	0.48095	0.28155	0.03315	0.01163	0.01479	0.00174	0.00254	0.00144	0.10713	0.00165	0.21686	0.08128
0.24343	0.17202	0.00431	0.40555	0.2772	0.03161	0.01252	0.01574	0.00287	0.00121	0.00145	0.08773	0.00193	0.18755	0.08756
0.2201	0.18125	0.00426	0.39995	0.27878	0.03535	0.00957	0.01687	0.00522	0.00404	0.00152	0.11434	0.00167	0.19487	0.06737
0.24043	0.15724	0.00437	0.48248	0.28311	0.03306	0.01461	0.01277	0.00608	0.00514	0.00395	0.05796	0.00052	0.21758	0.08145
0.25514	0.15844	0.00125	0.47873	0.27327	0.03271	0.0104	0.00756	0.00294	0.0043	0.00258	0.11265	0.00175	0.22302	0.07562
0.32101	0.17932	0.00338	0.44281	0.28125	0.02607	0.01229	0.00841	0.00289	0.0031	0.0015	0.14466	0.00056	0.20833	0.07826
0.31891	0.17906	0.00334	0.51318	0.28907	0.02981	0.01388	0.00749	0.00292	0.00335	0.00261	0.14647	0.00074	0.19794	0.08069
0.24317	0.15958	0.00184	0.52203	0.27642	0.03108	0.01062	0.01711	0.00444	0.00065	0.0015	0.09445	0.00135	0.21424	0.06423
0.2359	0.15757	0.00629	0.47313	0.27846	0.02625	0.01141	0.01105	0.00512	0.0021	0.0021	0.09495	0.00083	0.23837	0.08201
0.3294	0.18839	0.00521	0.49814	0.28772	0.02942	0.00872	0.01463	0.00288	0.00179	0.00193	0.14007	0.00166	0.20733	0.06844
0.28931	0.16375	0.00326	0.45669	0.28078	0.03859	0.01041	0.00961	0.004	0.00317	0.0005	0.10164	0.00136	0.2031	0.07969
0.31257	0.22068	0.00264	0.51619	0.27586	0.03163	0.01378	0.00891	0.00381	0.00133	0.00149	0.11071	0.00074	0.19194	0.08115
0.24083	0.17078	0.00337	0.45382	0.28265	0.0277	0.01438	0.01406	0.00327	0.00424	0.00172	0.068	0.00102	0.21756	0.07812
0.29465	0.19242	0.00472	0.47311	0.28051	0.03501	0.01199	0.01089	0.00475	0.0062	0.00184	0.11806	0.00056	0.18865	0.07979
0.30757	0.20404	0.00156	0.45436	0.28213	0.02821	0.01272	0.00771	0.00315	0.00255	0.00203	0.12041	0.00236	0.18418	0.07411
0.30509	0.18521	0.00441	0.53133	0.27602	0.02399	0.01352	0.01084	0.00567	0.00333	0.00225	0.14626	0.00089	0.23015	0.08205
0.2749	0.16045	0.00353	0.47358	0.27557	0.0262	0.01431	0.00838	0.00321	0.00268	0.00213	0.14182	0.00076	0.24182	0.07696
0.30887	0.21035	0.00345	0.5248	0.28069	0.02975	0.01178	0.00891	0.00366	0.00685	0.00059	0.11769	0.00078	0.17366	0.07271
0.34612	0.23034	0.00221	0.55952	0.27624	0.03771	0.00702	0.00502	0.00387	0.0031	0.00191	0.1346	0.00043	0.21459	0.09021
0.3578	0.21327	0.00649	0.54303	0.27966	0.02628	0.00979	0.00519	0.00765	0.00095	0.00171	0.12358	0.00074	0.20585	0.07877
0.28876	0.19885	0.00441	0.46963	0.283	0.048	0.0196	0.01272	0.00653	0.008	0.00162	0.11783	0.0014	0.23637	0.08979
0.28129	0.20509	0.00687	0.52785	0.28185	0.03122	0.01402	0.01637	0.00406	0.00958	0.00123	0.10143	0.00555	0.20182	0.08865
0.25423	0.13648	0.00259	0.4954	0.27672	0.04127	0.01388	0.01069	0.00385	0.00296	0.0022	0.08298	0.00124	0.20468	0.08397
0.30817	0.17321	0.00558	0.54275	0.27644	0.03416	0.00941	0.00786	0.00614	0.00183	0.00238	0.12554	0.00125	0.21406	0.06908
0.32146	0.20955	0.0016	0.5499	0.28354	0.04065	0.01274	0.00683	0.00343	0.0104	0.00305	0.10334	0.00085	0.20881	0.08134
0.28161	0.18592	0.00538	0.48386	0.28212	0.03551	0.01084	0.00779	0.00557	0.00189	0.00224	0.10853	0.00064	0.22861	0.07839
0.31573	0.18984	0.00306	0.48645	0.28275	0.03462	0.01396	0.00664	0.00825	0.00162	0.00211	0.08368	0.00172	0.2232	0.08627
0.35188	0.2219	0.00187	0.53068	0.27838	0.03851	0.01028	0.00909	0.00313	0.00144	0.00211	0.12061	0.0011	0.2065	0.08192
0.28783	0.18805	0.00169	0.49465	0.27741	0.04375	0.01261	0.01053	0.00431	0.00761	0.00207	0.11902	0.00137	0.19823	0.08221
0.35066	0.21677	0.00191	0.60083	0.27817	0.04901	0.01272	0.00741	0.00235	0.00793	0.00333	0.10279	0.00088	0.20554	0.07946
0.36207	0.24704	0.00255	0.54037	0.27789	0.03918	0.01267	0.01093	0.0038	0.00258	0.00237	0.13951	0.00156	0.21865	0.09106
0.29773	0.20016	0.00139	0.53935	0.28986	0.03089	0.01493	0.01021	0.00528	0.0026	0.00228	0.08102	0.00193	0.18673	0.07617
0.35603	0.23821	0.00149	0.56594	0.28226	0.04704	0.00931	0.00881	0.00448	0.00717	0.00165	0.08204	0.00086	0.21017	0.0882
0.30587	0.21037	0.00206	0.51231	0.28431	0.02955	0.01265	0.00848	0.00367	0.0014	0.00161	0.10084	0.00111	0.21703	0.08386
0.26627	0.19443	0.00318	0.46608	0.27505	0.02527	0.01297	0.01114	0.00366	0.00395	0.00277	0.06946	0.00099	0.21528	0.09424
0.31098	0.20644	0.00212	0.48807	0.283	0.03473	0.01132	0.00564	0.00384	0.00706	0.00088	0.09236	0.00142	0.20427	0.08963
0.36537	0.27272	0.00348	0.63045	0.28263	0.05681	0.01095	0.00525	0.00619	0.00676	0.00188	0.11823	0.00071	0.23344	0.0953
0.34191	0.22563	0.00249	0.58885	0.28005	0.04848	0.01136	0.01041	0.00257	0.00401	0.00327	0.12825	0.00229	0.21362	0.09665
0.30761	0.19561	0.00476	0.54063	0.27916	0.03771	0.01008	0.01224	0.00358	0.0062	0.00173	0.16179	0.00137	0.20167	0.10002
0.37781	0.24734	0.00184	0.61606	0.2795	0.03937	0.01808	0.00499	0.00303	0.00461	0.00091	0.12587	0.00074	0.22094	0.09095
0.31163	0.19089	0.0042	0.52889	0.27511	0.03789	0.01353	0.00931	0.00435	0.00532	0.00204	0.10313	0.00044	0.2081	0.08882
0.42092	0.28165	0.00448	0.66804	0.28409	0.02619	0.01314	0.00765	0.00267	0.00922	0.00097	0.12707	0.0011	0.20489	0.10428
0.40809	0.28232	0.00233	0.65964	0.2767	0.02935	0.01633	0.00644	0.00571	0.00392	0.00322	0.13708	0.00047	0.2163	0.09153
0.30309	0.21104	0.0021	0.54167	0.28023	0.0351	0.00946	0.00382	0.00292	0.00622	0.00264	0.1346	0.0011	0.19751	0.07427
0.39212	0.252	0.0018	0.60179	0.2776	0.04228	0.00995	0.01285	0.00407	0.00635	0.0012	0.14176	0.00099	0.22506	0.08226
0.40428	0.27655	0.00573	0.61968	0.27562	0.04434	0.00979	0.00396	0.00364	0.00764	0.00065	0.14834	0.00248	0.24489	0.08092
0.2853	0.20907	0.00176	0.49722	0.2847	0.0411	0.00964	0.01167	0.00305	0.00132	0.00108	0.1147	0.00104	0.21751	0.07935
0.25219	0.14058	0.00259	0.46469	0.2727	0.04424	0.01133	0.01024	0.00219	0.00368	0.00345	0.07927	0.00197	0.20005	0.08366
0.27818	0.16639	0.00559	0.56023	0.27732	0.04535	0.01097	0.01168	0.00375	0.00643	0.00331	0.08867	0.00158	0.24705	0.08694
0.24345	0.1783	0.00254	0.48456	0.2798	0.03153	0.01044	0.01771	0.0042	0.00374	0.00066	0.09811	0.0015	0.22401	0.0822
0.33738	0.23651	0.00171	0.60488	0.27618	0.05288	0.01389	0.00227	0.00303	0.00558	0.00116	0.12471	0.00047	0.25499	0.07016
0.37572	0.2533	0.00486	0.57859	0.27587	0.04898	0.00814	0.00632	0.00505	0.00361	0.00106	0.12499	0.00046	0.21373	0.07063
0.299	0.22251	0.00135	0.54168	0.27371	0.03029	0.01044	0.00647	0.00355	0.00199	0.00213	0.13139	0.00171	0.22101	0.08172
0.23426	0.15219	0.00145	0.42503	0.27387	0.04025	0.01089	0.01571	0.00429	0.00796	0.00063	0.08839	0.00179	0.19282	0.09326
0.22	0.11556	0.00746	0.47798	0.28173	0.04776	0.01254	0.01223	0.00479	0.00241	0.00217	0.06847	0.00078	0.22081	0.08296
0.21869	0.15834	0.0022	0.39727	0.28239	0.03846	0.01582	0.01894	0.0022	0.00713	0.00143	0.08013	0.00113	0.19337	0.08764
0.26758	0.17032	0.00129	0.4614	0.27936	0.03949	0.01405	0.01856	0.00311	0.00142	0.00052	0.05256	0.00175	0.21997	0.08276
0.25259	0.17551	0.00472	0.50294	0.28223	0.0359	0.01108	0.01169	0.00181	0.00599	0.00202	0.09366	0.00119	0.23591	0.09392
0.31699	0.24642	0.00407	0.53458	0.27851	0.03947	0.01569	0.01028	0.00237	0.00097	0.00321	0.11353	0.00145	0.17568	0.08876
0.28328	0.21727	0.00152	0.47686	0.27902	0.03571	0.01564	0.01458	0.00431	0.00174	0.00259	0.0988	0.00131	0.16461	0.08431
0.2505	0.16628	0.00281	0.51279	0.27093	0.04791	0.01034	0.01001	0.00394	0.00212	0.00379	0.11529	0.00232	0.23648	0.08604
0.38958	0.24936	0.00345	0.55691	0.28189	0.02872	0.00938	0.00604	0.00483	0.00555	0.00273	0.10567	0.00054	0.1834	0.08899
0.31166	0.21138	0.00316	0.53145	0.27842	0.05032	0.00863	0.01299	0.00386	0.00965	0.00174	0.10487	0.00085	0.19261	0.08553
0.30472	0.19511	0.00256	0.48854	0.2764	0.02312	0.01199	0.01324	0.00176	0.00146	0.00447	0.10347	0.00127	0.20307	0.07972
0.27145	0.18123	0.00316	0.50928	0.28158	0.05576	0.00788	0.01312	0.00288	0.00665	0.00157	0.09262	0.00052	0.18457	0.09394
0.30344	0.1947	0.00147	0.53805	0.27872	0.04448	0.01	0.01677	0.00338	0.00105	0.00114	0.10856	0.00134	0.20428	0.07707
0.28223	0.17212	0.00088	0.50072	0.27766	0.03614	0.01189	0.00793	0.00251	0.00187	0.00281	0.12444	0.00097	0.20427	0.08055
0.41166	0.23141	0.00262	0.56577	0.27781	0.03879	0.01163	0.01013	0.00385	0.00519	0.00086	0.13305	0.00068	0.21874	0.08819
0.2716	0.19323	0.00241	0.44057	0.27703	0.02971	0.00778	0.01259	0.00297	0.00528	0.00116	0.06642	0.00086	0.22253	0.08224
0.3073	0.22258	0.00324	0.48052	0.27704	0.02317	0.01312	0.01473	0.00794	0.00598	0.00261	0.09772	0.00327	0.22119	0.07903
0.37668	0.23059	0.00083	0.62171	0.27126	0.02785	0.01235	0.01167	0.00575	0.00184	0.00636	0.12662	0.00055	0.22696	0.07164
0.36215	0.23589	0.0035	0.56131	0.27294	0.02031	0.01582	0.00859	0.00531	0.00113	0.00403	0.12338	0.00067	0.19644	0.08726
0.27086	0.15694	0.0018	0.41011	0.27609	0.0368	0.0097	0.01511	0.00166	0.00572	0.00658	0.08227	0.00119	0.20975	0.08394
0.31542	0.20379	0.00418	0.46223	0.2739	0.02514	0.00933	0.00745	0.00462	0.00237	0.00166	0.13183	0.00172	0.20729	0.09104
0.27838	0.16777	0.00213	0.51066	0.27328	0.02714	0.00956	0.0161	0.00704	0.0006	0.00163	0.10973	0.00149	0.21451	0.08822
0.33078	0.19699	0.0026	0.54119	0.28805	0.02687	0.01008	0.0089	0.00452	0.00557	0.00103	0.04138	0.00119	0.2384	0.08056
0.27292	0.19281	0.00259	0.50888	0.27807	0.04341	0.0111	0.01284	0.00271	0.0014	0.00254	0.06728	0.00132	0.20653	0.06963
0.34819	0.22193	0.00386	0.54303	0.27777	0.02898	0.00868	0.00687	0.00174	0.00697	0.00152	0.0753	0.00053	0.22855	0.0933
0.3004	0.17959	0.00254	0.50183	0.2794	0.02537	0.00956	0.01123	0.00361	0.00212	0.0032	0.06442	0.00072	0.18552	0.08676
0.36529	0.21667	0.00602	0.55105	0.28142	0.02593	0.01046	0.00646	0.00357	0.00416	0.00141	0.10252	0.00101	0.22502	0.08954
0.32916	0.20765	0.00398	0.48097	0.27943	0.03267	0.01453	0.01117	0.00473	0.00193	0.00201	0.09952	0.0018	0.2047	0.09132
0.34116	0.19411	0.00205	0.53521	0.28065	0.0389	0.01266	0.0139	0.00485	0.00173	0.00143	0.106	0.00104	0.20237	0.08806
0.36552	0.21797	0.00246	0.62092	0.27791	0.0348	0.00845	0.01128	0.00245	0.00151	0.002	0.09286	0.0014	0.19879	0.07967
0.25709	0.18202	0.00313	0.50915	0.28196	0.0297	0.0108	0.0081	0.00359	0.00149	0.00165	0.09011	0.00077	0.22376	0.09051
0.34521	0.21358	0.00345	0.60274	0.27733	0.03265	0.01266	0.00565	0.00507	0.00202	0.00287	0.12244	0.00145	0.23156	0.08609
0.36427	0.21618	0.00206	0.56476	0.27354	0.03325	0.01741	0.00594	0.00534	0.00084	0.00232	0.11014	0.00282	0.21657	0.07153
0.37368	0.22737	0.00208	0.61764	0.27718	0.0377	0.01661	0.00719	0.00314	0.00223	0.00113	0.1201	0.00113	0.22494	0.06787
0.35872	0.22274	0.00157	0.55209	0.27373	0.04015	0.01181	0.00865	0.0033	0.00544	0.00257	0.13268	0.00128	0.20174	0.08274
0.35181	0.2041	0.00204	0.60391	0.27883	0.02696	0.0102	0.00771	0.00565	0.00595	0.00195	0.19243	0.0013	0.23453	0.07237
0.35174	0.22273	0.00236	0.58412	0.27858	0.03096	0.01139	0.00431	0.00353	0.0076	0.00231	0.1019	0.00103	0.21808	0.08682
0.34171	0.21994	0.00117	0.4999	0.27328	0.03154	0.01113	0.00797	0.00366	0.00621	0.00105	0.10482	0.00042	0.25454	0.08463
0.33084	0.20164	0.00222	0.54275	0.28341	0.03536	0.01343	0.00763	0.0026	0.00119	0.00153	0.19652	0.00077	0.19743	0.08227
0.34915	0.24727	0.00131	0.57239	0.27509	0.03774	0.00903	0.00728	0.00307	0.00149	0.00176	0.11955	0.00086	0.21402	0.06524
0.36775	0.2204	0.00192	0.57784	0.27705	0.03857	0.01111	0.00961	0.00404	0.00613	0.00134	0.1546	0.00096	0.2244	0.09092
0.27352	0.16203	0.00201	0.51613	0.27851	0.03844	0.01088	0.01311	0.00255	0.00395	0.00177	0.11415	0.00141	0.21254	0.0756
0.38912	0.22998	0.00199	0.53871	0.27667	0.03996	0.01125	0.00681	0.00164	0.00101	0.0027	0.11834	0.00095	0.2007	0.0856
0.35888	0.20299	0.00566	0.56215	0.28045	0.04926	0.00756	0.00579	0.00495	0.00271	0.00159	0.10885	0.00107	0.17785	0.0849
0.39823	0.24456	0.00132	0.6309	0.28033	0.02648	0.0086	0.00607	0.00832	0.00247	0.00108	0.1011	0.00149	0.20899	0.08567
0.23222	0.21101	0.0038	0.45841	0.27599	0.02457	0.01018	0.0134	0.00462	0.00064	0.00127	0.11152	0.00084	0.20948	0.08513
0.27492	0.23263	0.00124	0.4582	0.29011	0.03658	0.01066	0.00875	0.00268	0.00276	0.00098	0.08139	0.00143	0.17727	0.09199
0.27818	0.17633	0.00163	0.46901	0.27405	0.03891	0.0086	0.01613	0.00492	0.00707	0.00136	0.13126	0.00135	0.19298	0.08385
0.32306	0.2024	0.00164	0.49162	0.28086	0.03837	0.01047	0.01468	0.00366	0.00455	0.00105	0.0947	0.00268	0.18838	0.08781
0.3252	0.2126	0.00521	0.53212	0.28009	0.02417	0.00974	0.0106	0.0036	0.00787	0.00372	0.10707	0.00552	0.21775	0.07583
0.25436	0.18235	0.00422	0.52153	0.28255	0.02751	0.01024	0.01218	0.00427	0.00566	0.00106	0.11133	0.00074	0.22612	0.07382
0.3081	0.21309	0.0024	0.52751	0.27806	0.03452	0.0088	0.00678	0.0051	0.00107	0.00203	0.10658	0.00217	0.17023	0.09095
0.27097	0.2065	0.0026	0.50687	0.27794	0.04659	0.01262	0.00999	0.00349	0.00173	0.00054	0.08608	0.00079	0.17691	0.07933
0.27307	0.19524	0.00383	0.50519	0.28096	0.0322	0.00921	0.01841	0.00501	0.00168	0.00137	0.05806	0.00129	0.20623	0.07833
0.21751	0.16918	0.00363	0.44165	0.27205	0.04332	0.0115	0.01231	0.00333	0.00166	0.00192	0.11467	0.00141	0.19351	0.08172
0.2325	0.16495	0.00156	0.49582	0.27481	0.05129	0.00701	0.00485	0.00404	0.00296	0.00233	0.08488	0.00474	0.20343	0.08605
0.29799	0.18706	0.00073	0.48805	0.28374	0.0243	0.01411	0.00356	0.00301	0.00186	0.00187	0.10237	0.00086	0.19753	0.10146
0.29857	0.18015	0.00237	0.49523	0.28014	0.03305	0.01378	0.00524	0.00341	0.00447	0.00218	0.14763	0.00274	0.17429	0.08799
0.27844	0.19	0.0024	0.50472	0.28329	0.0299	0.0071	0.00593	0.00294	0.00213	0.00262	0.14479	0.0008	0.17613	0.07795
0.25696	0.20059	0.00233	0.48107	0.27998	0.03544	0.00874	0.00694	0.00239	0.00535	0.00117	0.12579	0.0022	0.19231	0.08136
0.29065	0.19213	0.00185	0.49026	0.27989	0.04502	0.00944	0.00793	0.00266	0.00182	0.00149	0.08611	0.00184	0.17115	0.08935
0.30126	0.18978	0.0012	0.51252	0.27617	0.03258	0.00969	0.01063	0.00661	0.00156	0.00134	0.12532	0.00133	0.20021	0.08965
0.31675	0.19441	0.00274	0.45695	0.27558	0.03567	0.00667	0.01051	0.00212	0.0076	0.00116	0.09862	0.00091	0.21082	0.08229
0.28631	0.2153	0.00393	0.48278	0.28253	0.03179	0.00881	0.01173	0.00579	0.00112	0.00218	0.14679	0.00087	0.2104	0.09105
0.27779	0.20584	0.00159	0.44688	0.28325	0.03188	0.01182	0.01431	0.00323	0.00287	0.00076	0.08916	0.00117	0.16617	0.07401
0.29159	0.20595	0.00276	0.51421	0.27832	0.01838	0.00599	0.00909	0.00288	0.0009	0.00184	0.10825	0.00124	0.17468	0.08372
0.24583	0.1951	0.00217	0.41591	0.27454	0.0272	0.0136	0.01151	0.00676	0.00625	0.00173	0.11925	0.00132	0.18305	0.06758
0.30095	0.20632	0.00277	0.54483	0.27897	0.0302	0.01068	0.00823	0.00251	0.01239	0.00104	0.13548	0.00198	0.18771	0.07378
0.32428	0.2369	0.00222	0.55353	0.27388	0.03587	0.0107	0.01257	0.00483	0.00123	0.00186	0.12722	0.00146	0.19295	0.07543
0.32431	0.21425	0.00205	0.5127	0.27982	0.02198	0.00609	0.00856	0.0019	0.00716	0.00116	0.10363	0.00197	0.19242	0.08264
