mass_1	mass_2	phase	time	distance	a_1	a_2	tilt_1	tilt_2	phi_12	phi_jl	theta_jn	psi	ra	dec
0.49911	0.43396	0.03846	0.77966	0.19346	0.05619	0.04765	0.02836	0.01342	0.05188	0.08657	0.43412	0.05476	0.89384	0.5043
0.52126	0.46025	0.04666	0.7999	0.18303	0.07515	0.0443	0.02901	0.00642	0.05322	0.08509	0.43584	0.04821	0.87174	0.49563
0.50258	0.41516	0.05338	0.79551	0.18985	0.07068	0.05129	0.0256	0.01633	0.056	0.08374	0.40201	0.0487	0.85689	0.48237
0.46361	0.43782	0.05136	0.80489	0.20876	0.08094	0.04919	0.03623	0.015	0.04583	0.09203	0.4134	0.04855	0.88422	0.51984
0.48792	0.44117	0.05632	0.79777	0.19318	0.07113	0.05364	0.03685	0.01746	0.04258	0.08621	0.41219	0.05513	0.8896	0.46299
0.47297	0.46998	0.04521	0.81937	0.18294	0.06799	0.05166	0.03546	0.01549	0.04642	0.08169	0.41212	0.05221	0.87034	0.49793
0.51161	0.46516	0.04217	0.85005	0.2149	0.05831	0.0532	0.03936	0.01204	0.04606	0.08275	0.41962	0.0534	0.86627	0.48414
0.48971	0.47275	0.04023	0.86575	0.19678	0.06089	0.06017	0.03336	0.01483	0.04398	0.09373	0.42091	0.04261	0.87556	0.48151
0.51957	0.42933	0.04537	0.82705	0.2051	0.07658	0.05774	0.03676	0.01969	0.04408	0.09208	0.39322	0.04824	0.86044	0.46913
0.49087	0.44215	0.04905	0.7545	0.21833	0.07136	0.05598	0.02555	0.01738	0.04247	0.07803	0.4115	0.04417	0.87582	0.50994
0.47817	0.42866	0.04855	0.76348	0.2442	0.06891	0.04802	0.04398	0.02152	0.046	0.08922	0.4259	0.04935	0.88078	0.49274
0.45055	0.43557	0.0462	0.92136	0.23439	0.06614	0.04995	0.03773	0.01646	0.04759	0.07805	0.41414	0.03797	0.87967	0.49498
0.43937	0.47585	0.04982	0.86001	0.234	0.06163	0.05482	0.03131	0.01688	0.04763	0.07514	0.40671	0.0428	0.87707	0.48401
0.42618	0.45603	0.03727	0.7608	0.25225	0.06526	0.04948	0.02967	0.02112	0.04144	0.06948	0.42708	0.03938	0.86696	0.49003
0.42303	0.49214	0.04081	0.82922	0.25669	0.06358	0.0478	0.03006	0.01852	0.04539	0.08969	0.4212	0.03642	0.86076	0.49933
0.48632	0.47387	0.04771	0.90862	0.26098	0.05415	0.05125	0.0375	0.01198	0.04792	0.08034	0.41246	0.03132	0.88736	0.49732
0.46063	0.45285	0.0437	0.86166	0.25671	0.06306	0.0577	0.03495	0.01229	0.03945	0.07968	0.43624	0.03218	0.86188	0.49676
0.43423	0.48031	0.0432	0.84928	0.24796	0.07267	0.05382	0.03805	0.01852	0.04321	0.08468	0.44404	0.02925	0.86358	0.52026
0.41674	0.50734	0.03959	0.85331	0.24787	0.06768	0.06108	0.04282	0.01569	0.04332	0.08432	0.41737	0.01998	0.86736	0.51026
0.45423	0.48004	0.05104	0.86882	0.23991	0.06865	0.04773	0.04739	0.01301	0.04039	0.07839	0.40281	0.02056	0.85724	0.5065
0.41334	0.50174	0.03781	0.88069	0.25542	0.06585	0.0468	0.02859	0.01641	0.04646	0.07304	0.42135	0.01378	0.86126	0.50819
0.46926	0.52649	0.04143	0.89505	0.23716	0.064	0.04764	0.03084	0.01566	0.04522	0.07931	0.40831	0.01083	0.86345	0.50952
0.4146	0.55191	0.0408	0.85645	0.26659	0.07411	0.05107	0.02635	0.01602	0.04524	0.08832	0.46292	0.01706	0.87465	0.47894
0.43248	0.53855	0.03896	0.90711	0.24625	0.08502	0.04458	0.02583	0.01656	0.04079	0.0848	0.4225	0.00725	0.87797	0.50626
0.4634	0.51066	0.03843	0.88936	0.23305	0.07095	0.03877	0.03405	0.0133	0.03714	0.08046	0.4359	0.01777	0.87245	0.48026
0.43789	0.48625	0.04081	0.868	0.27912	0.06744	0.04974	0.04462	0.01676	0.03697	0.08191	0.4452	0.01356	0.88985	0.51292
0.45257	0.48872	0.03729	0.83265	0.24408	0.06919	0.03898	0.03527	0.01654	0.04287	0.09078	0.40429	0.01274	0.86195	0.5173
0.43546	0.51268	0.03526	0.8734	0.22919	0.07042	0.03806	0.03846	0.01918	0.03445	0.08808	0.40065	0.00979	0.86141	0.4854
0.46879	0.46505	0.03953	0.77709	0.24949	0.04503	0.03935	0.02656	0.02032	0.03741	0.09396	0.41018	0.00485	0.85667	0.48775
0.45587	0.46359	0.042	0.82078	0.24199	0.06271	0.0322	0.02856	0.02046	0.03481	0.10011	0.40946	0.01624	0.87622	0.49924
0.43123	0.45967	0.03859	0.82984	0.23544	0.05736	0.03136	0.02671	0.02833	0.0325	0.06626	0.39839	0.00484	0.86491	0.51659
0.45181	0.45424	0.04155	0.9063	0.24414	0.07121	0.03383	0.03445	0.01886	0.03393	0.09363	0.39321	0.00479	0.84821	0.49772
0.44496	0.48709	0.0346	0.83635	0.22878	0.05157	0.02685	0.03686	0.01647	0.03744	0.06327	0.42806	0.00918	0.83745	0.48404
0.40742	0.44777	0.03508	0.81269	0.24178	0.03771	0.0256	0.03336	0.01667	0.03537	0.06333	0.38177	0.00752	0.84313	0.48242
0.42121	0.47419	0.03934	0.88169	0.24532	0.0591	0.02687	0.03364	0.02012	0.02774	0.07134	0.40283	0.00788	0.84755	0.49327
0.43369	0.45772	0.02999	0.8185	0.2345	0.04861	0.03008	0.03552	0.01268	0.03132	0.08507	0.42215	0.00805	0.83026	0.48798
0.41322	0.43335	0.04211	0.87004	0.23895	0.05695	0.02105	0.0229	0.01463	0.03249	0.08493	0.4174	0.00409	0.8425	0.51641
0.39961	0.44809	0.03771	0.8379	0.2449	0.05286	0.02387	0.02725	0.01619	0.04278	0.0612	0.40276	0.00571	0.8234	0.525
0.46761	0.42048	0.03341	0.84259	0.23745	0.07272	0.02117	0.02611	0.02026	0.03547	0.05344	0.38537	0.00767	0.83498	0.46394
0.49381	0.4273	0.03625	0.86343	0.23855	0.0651	0.02305	0.03172	0.01461	0.03533	0.05386	0.41398	0.00575	0.83692	0.48349
0.39555	0.45182	0.03531	0.89325	0.2436	0.05911	0.02276	0.03336	0.01129	0.03601	0.06702	0.39598	0.00168	0.83518	0.46151
0.42063	0.4416	0.03271	0.87101	0.24838	0.05379	0.02105	0.0245	0.01355	0.03506	0.04841	0.38214	0.00419	0.84551	0.47671
0.39075	0.45927	0.03251	0.82728	0.24165	0.05763	0.02018	0.02842	0.01636	0.02616	0.04524	0.41843	0.00346	0.84559	0.52098
0.42824	0.45911	0.03049	0.85459	0.2402	0.04225	0.02417	0.02614	0.01547	0.03336	0.05043	0.41245	0.00442	0.80899	0.5341
0.40983	0.41638	0.03224	0.84164	0.25591	0.03501	0.0198	0.02197	0.01522	0.03038	0.06241	0.39084	0.00275	0.80961	0.51585
0.42862	0.42216	0.02797	0.82859	0.26267	0.03552	0.02266	0.03288	0.01639	0.03374	0.04255	0.38443	0.00301	0.78321	0.48451
0.41316	0.43318	0.02887	0.83663	0.25708	0.05192	0.02046	0.02727	0.0132	0.04188	0.05543	0.36748	0.0057	0.78023	0.51639
0.43149	0.40679	0.02845	0.85808	0.25505	0.05457	0.02223	0.02586	0.01217	0.03154	0.05181	0.37213	0.00331	0.79829	0.52513
0.47276	0.39926	0.02996	0.85923	0.24813	0.05617	0.02418	0.0282	0.01338	0.02661	0.06335	0.36162	0.00319	0.77007	0.49197
0.43862	0.45789	0.0308	0.84868	0.24253	0.04677	0.02441	0.02371	0.01389	0.02988	0.05304	0.38263	0.00537	0.72292	0.51604
0.40844	0.45205	0.02801	0.88622	0.27811	0.04689	0.01754	0.0284	0.01454	0.02842	0.05682	0.36292	0.00282	0.75418	0.46447
0.41015	0.4529	0.02534	0.85351	0.28861	0.04462	0.02254	0.02508	0.01271	0.02705	0.04587	0.37859	0.00197	0.76936	0.47827
0.43463	0.47329	0.02382	0.86502	0.26478	0.05998	0.01929	0.03293	0.01431	0.02865	0.04873	0.34352	0.00389	0.78836	0.49533
0.43568	0.45347	0.0253	0.91529	0.2584	0.04796	0.02424	0.02613	0.01223	0.02459	0.05703	0.35649	0.00369	0.80038	0.50094
0.38305	0.40568	0.02583	0.87571	0.28086	0.05269	0.0191	0.01782	0.01271	0.02891	0.03645	0.38817	0.00577	0.76971	0.46465
0.38894	0.38727	0.02493	0.91438	0.25408	0.04905	0.02526	0.02766	0.01671	0.03085	0.04094	0.34939	0.00215	0.78122	0.49243
0.42096	0.41689	0.02145	0.83975	0.2456	0.03901	0.02022	0.0215	0.01756	0.02632	0.04117	0.37026	0.00253	0.78463	0.52044
0.4033	0.40115	0.02093	0.8399	0.26147	0.06318	0.01857	0.03142	0.01455	0.03013	0.04894	0.30634	0.00419	0.74375	0.48135
0.4	0.50541	0.02425	0.80038	0.24437	0.05191	0.01939	0.0189	0.00909	0.02738	0.06363	0.31764	0.00645	0.74571	0.5031
0.3727	0.42392	0.0204	0.84324	0.24876	0.04686	0.02795	0.02039	0.01586	0.03078	0.04967	0.39689	0.00144	0.70412	0.47971
0.43209	0.38172	0.02297	0.87572	0.24202	0.04077	0.02607	0.03365	0.01625	0.02822	0.05401	0.36052	0.00695	0.72843	0.50441
0.40404	0.38674	0.02405	0.87427	0.25836	0.03986	0.01912	0.03658	0.0118	0.02722	0.03935	0.34391	0.00217	0.72411	0.50544
0.39897	0.37551	0.02147	0.8643	0.25111	0.04276	0.02015	0.03563	0.01133	0.02393	0.04704	0.31722	0.00551	0.73671	0.47508
0.37052	0.36744	0.01626	0.87516	0.23886	0.04137	0.01836	0.02807	0.01536	0.02971	0.04902	0.32712	0.00336	0.73846	0.46346
0.37754	0.38515	0.01759	0.82558	0.26116	0.04169	0.02434	0.03013	0.0141	0.02298	0.03771	0.32472	0.00389	0.74901	0.47928
0.36691	0.33809	0.01501	0.84689	0.25788	0.0342	0.02126	0.02595	0.01642	0.02637	0.04025	0.34966	0.00428	0.74267	0.48786
0.37654	0.37184	0.02101	0.88342	0.25529	0.04076	0.01947	0.02621	0.01353	0.02808	0.04212	0.40261	0.00243	0.74768	0.4626
0.32521	0.39389	0.01645	0.80002	0.23957	0.03988	0.0205	0.02733	0.01332	0.02791	0.04706	0.31958	0.00214	0.73994	0.47848
0.40905	0.37568	0.01865	0.89696	0.24483	0.04478	0.01336	0.03367	0.01463	0.01983	0.04734	0.36507	0.00458	0.76401	0.47062
0.3486	0.43388	0.01685	0.87767	0.25043	0.04145	0.01789	0.01787	0.01255	0.0212	0.04851	0.3252	0.00216	0.73919	0.45628
0.33225	0.36067	0.01506	0.84749	0.25505	0.06093	0.02001	0.02282	0.00942	0.01939	0.04091	0.33568	0.00412	0.74377	0.47948
0.36928	0.34448	0.01361	0.86734	0.24745	0.04379	0.01603	0.03117	0.01121	0.0189	0.0455	0.31631	0.00138	0.75039	0.47267
0.35282	0.37144	0.01312	0.89945	0.25434	0.04045	0.01675	0.02653	0.01149	0.02582	0.05094	0.34987	0.00407	0.74238	0.45121
0.39655	0.35196	0.013	0.92595	0.24629	0.04249	0.01441	0.03775	0.01422	0.0268	0.0532	0.36802	0.00336	0.72763	0.44773
0.39599	0.33826	0.0142	0.91987	0.25813	0.04025	0.01833	0.02855	0.01685	0.01668	0.04615	0.34682	0.00581	0.75284	0.45546
0.36142	0.3258	0.01743	0.87278	0.2396	0.03774	0.01864	0.02592	0.01966	0.02191	0.0464	0.3511	0.00419	0.77349	0.47516
0.34566	0.34701	0.0129	0.84073	0.23552	0.04103	0.01899	0.02472	0.01271	0.01719	0.04724	0.33235	0.00339	0.72216	0.48238
0.42471	0.32656	0.01271	0.87467	0.24394	0.04498	0.02408	0.02736	0.01532	0.0217	0.04211	0.38567	0.00433	0.74519	0.46587
0.38719	0.30893	0.01611	0.86591	0.25833	0.03449	0.01891	0.02994	0.01197	0.01989	0.0362	0.3266	0.00203	0.75268	0.45718
0.39609	0.35784	0.01151	0.89366	0.24204	0.04417	0.01524	0.02239	0.01198	0.02087	0.04325	0.32174	0.00301	0.73458	0.47842
0.40628	0.33163	0.01082	0.88947	0.2617	0.03744	0.01465	0.02985	0.01115	0.01858	0.03671	0.36518	0.0045	0.77455	0.47746
0.34262	0.38848	0.01374	0.89626	0.2538	0.0448	0.01878	0.02854	0.01581	0.01953	0.04161	0.33729	0.00239	0.73679	0.46867
0.38536	0.3387	0.01621	0.83643	0.23759	0.03585	0.01837	0.0351	0.01605	0.02009	0.04372	0.332	0.00373	0.73367	0.45435
0.3351	0.31325	0.01397	0.84112	0.23906	0.03214	0.01171	0.03656	0.01018	0.01346	0.03867	0.32547	0.00111	0.75344	0.45969
0.36733	0.35225	0.0115	0.82038	0.23207	0.02687	0.02028	0.03344	0.01112	0.01791	0.04509	0.30242	0.00102	0.71649	0.47343
0.36811	0.29751	0.01313	0.91114	0.24413	0.03818	0.01791	0.0301	0.01103	0.01898	0.05104	0.33231	0.0019	0.77186	0.46208
0.34079	0.33228	0.0142	0.83018	0.24017	0.03577	0.017	0.02431	0.01716	0.01645	0.04482	0.35297	0.00212	0.72691	0.48846
0.41688	0.36903	0.01087	0.86278	0.23893	0.03834	0.02038	0.0359	0.01118	0.0138	0.04618	0.36379	0.00246	0.74114	0.48934
0.30257	0.34434	0.01157	0.84276	0.24945	0.03976	0.01808	0.02532	0.0127	0.02092	0.04577	0.32255	0.00349	0.75444	0.47202
0.34637	0.38565	0.01014	0.85754	0.24805	0.04037	0.01619	0.025	0.01271	0.02005	0.04413	0.36055	0.00541	0.75652	0.45635
0.3868	0.33038	0.01242	0.86046	0.25973	0.03444	0.01774	0.02709	0.01569	0.01796	0.05743	0.33876	0.00532	0.75195	0.46579
0.35346	0.31496	0.01362	0.84899	0.25418	0.03343	0.01705	0.02184	0.01399	0.01932	0.05264	0.36165	0.00187	0.73256	0.46787
0.4027	0.34186	0.01182	0.8363	0.2402	0.03753	0.00913	0.02555	0.01022	0.01635	0.04319	0.34426	0.00169	0.73548	0.47826
0.28507	0.3441	0.01118	0.88553	0.26268	0.04554	0.01742	0.02079	0.01214	0.01522	0.0467	0.34519	0.0037	0.76611	0.49022
0.35187	0.34227	0.00889	0.83913	0.24339	0.02788	0.01896	0.03034	0.01609	0.01685	0.05141	0.33326	0.00268	0.77016	0.46737
0.33599	0.30026	0.00886	0.8887	0.256	0.03612	0.01955	0.02885	0.01258	0.01923	0.0545	0.34683	0.00259	0.72972	0.44981
0.29718	0.31382	0.01362	0.81247	0.24331	0.03418	0.0163	0.02113	0.01207	0.01337	0.03557	0.32425	0.00435	0.7353	0.47352
0.3399	0.36139	0.01291	0.82852	0.23526	0.03736	0.01204	0.02464	0.01422	0.01632	0.03711	0.35078	0.00278	0.76499	0.45102
0.3044	0.31912	0.01226	0.8358	0.24031	0.03886	0.01358	0.02408	0.01393	0.01288	0.05127	0.32055	0.00403	0.73723	0.47782
0.34339	0.37249	0.01207	0.74792	0.24882	0.04312	0.01775	0.02397	0.01067	0.01564	0.04583	0.36273	0.00242	0.74685	0.50902
0.32878	0.32109	0.01312	0.77901	0.24011	0.03073	0.01974	0.02401	0.0126	0.01408	0.03601	0.32724	0.00318	0.77792	0.51166
0.3031	0.3369	0.0154	0.76689	0.25069	0.03035	0.01572	0.02084	0.01497	0.0182	0.04537	0.33969	0.00294	0.73727	0.47955
0.30641	0.38357	0.0104	0.79796	0.24942	0.03395	0.02037	0.01752	0.01012	0.01188	0.04489	0.3241	0.00419	0.77581	0.48158
0.31707	0.33116	0.01221	0.78214	0.24333	0.03426	0.01675	0.01962	0.01698	0.0156	0.04999	0.32026	0.00324	0.75255	0.48941
0.31956	0.36906	0.00977	0.7729	0.24617	0.03064	0.01361	0.02908	0.0115	0.01521	0.04563	0.34446	0.00295	0.73675	0.52046
0.26485	0.31625	0.01401	0.7906	0.24152	0.03356	0.01372	0.02499	0.01346	0.01417	0.04065	0.33166	0.00425	0.75637	0.48811
0.28191	0.34692	0.0119	0.76883	0.25176	0.03522	0.01661	0.01949	0.00896	0.01914	0.03817	0.35371	0.00429	0.75239	0.51119
0.28396	0.35337	0.01063	0.78417	0.25907	0.03551	0.01699	0.02645	0.0121	0.01223	0.03412	0.33809	0.00297	0.75053	0.48938
0.28156	0.30327	0.00895	0.77148	0.25595	0.02915	0.01576	0.02809	0.00842	0.01664	0.04695	0.33721	0.00361	0.74268	0.49189
0.31532	0.36804	0.00785	0.762	0.25168	0.0362	0.01749	0.01795	0.01061	0.01659	0.03186	0.32758	0.00347	0.74133	0.48058
0.26606	0.35794	0.01312	0.77818	0.26885	0.03033	0.01645	0.01598	0.01593	0.01602	0.04447	0.31972	0.00158	0.76889	0.49961
0.32082	0.31129	0.00982	0.8088	0.25183	0.02465	0.01387	0.02761	0.0159	0.01049	0.03794	0.29057	0.00208	0.75977	0.53059
0.31675	0.38532	0.00917	0.82628	0.25105	0.02838	0.01826	0.02348	0.00747	0.00929	0.04088	0.32562	0.00181	0.74919	0.49386
0.26981	0.36238	0.00846	0.80696	0.24978	0.03616	0.01361	0.02155	0.01168	0.0122	0.04646	0.33517	0.00355	0.73652	0.48837
0.28219	0.35234	0.00924	0.76675	0.24929	0.04188	0.01185	0.0201	0.01073	0.01774	0.04185	0.31739	0.00541	0.73844	0.48238
0.28162	0.40081	0.01394	0.78039	0.27685	0.02716	0.01715	0.02173	0.01304	0.01126	0.04538	0.30384	0.00129	0.75693	0.49283
0.30244	0.35229	0.00952	0.8066	0.26001	0.03719	0.01509	0.02532	0.01379	0.0131	0.041	0.35655	0.00215	0.71931	0.51367
0.28201	0.39811	0.01488	0.80974	0.26352	0.02963	0.01425	0.01837	0.0111	0.01796	0.05155	0.32606	0.00238	0.75517	0.48413
0.28867	0.36452	0.01112	0.81892	0.2642	0.03228	0.01477	0.02115	0.01266	0.01272	0.05784	0.35651	0.00222	0.73887	0.4984
0.31834	0.45343	0.01167	0.84372	0.25319	0.03365	0.02274	0.02182	0.00896	0.01706	0.04965	0.31381	0.00173	0.73054	0.48551
0.26357	0.40464	0.00751	0.79327	0.26797	0.03844	0.01484	0.02556	0.00926	0.01329	0.04866	0.35445	0.00355	0.73768	0.48539
0.26798	0.39846	0.00929	0.77129	0.26134	0.03104	0.0171	0.02814	0.0147	0.01483	0.04946	0.34337	0.00253	0.73924	0.49927
0.29262	0.41591	0.00953	0.81588	0.24189	0.03926	0.01397	0.02467	0.01376	0.01642	0.04907	0.32769	0.00234	0.72444	0.49635
0.26896	0.37014	0.00767	0.7678	0.26257	0.03297	0.01682	0.02199	0.0133	0.01227	0.04584	0.3325	0.00472	0.74466	0.49561
0.35962	0.37098	0.01174	0.71935	0.26146	0.02728	0.0159	0.02731	0.01189	0.01419	0.05358	0.36864	0.00187	0.75261	0.49754
0.2864	0.43235	0.01163	0.83408	0.28536	0.0332	0.01393	0.02018	0.0104	0.01774	0.04702	0.32343	0.0032	0.72672	0.48204
0.24943	0.44386	0.0054	0.8683	0.26484	0.03533	0.01506	0.0273	0.00739	0.01645	0.06347	0.32453	0.00218	0.70872	0.47942
0.27948	0.39259	0.00814	0.83674	0.26509	0.04977	0.01308	0.02359	0.00786	0.01359	0.05336	0.3177	0.0044	0.72016	0.49413
0.26117	0.4662	0.00934	0.80477	0.30011	0.03522	0.01603	0.01709	0.01298	0.01269	0.04753	0.32523	0.00524	0.75783	0.49159
0.30871	0.37654	0.00648	0.74985	0.26558	0.02579	0.01339	0.01819	0.0101	0.01454	0.04555	0.31515	0.00416	0.72831	0.51047
0.33411	0.47832	0.00936	0.77459	0.26002	0.02452	0.01332	0.02112	0.00976	0.00978	0.04337	0.33725	0.00185	0.77208	0.45094
0.29568	0.41444	0.01087	0.78934	0.24626	0.03917	0.01475	0.02581	0.012	0.0076	0.05404	0.27956	0.00443	0.73924	0.49415
0.30854	0.4256	0.00757	0.72965	0.29313	0.03307	0.01349	0.02473	0.00737	0.01145	0.03986	0.32338	0.00144	0.78201	0.50006
0.31965	0.42524	0.00812	0.82719	0.27241	0.04756	0.0116	0.02778	0.00927	0.01242	0.04795	0.313	0.00237	0.77279	0.48016
0.30021	0.45098	0.01234	0.86668	0.27221	0.01986	0.01622	0.02085	0.0097	0.01057	0.03848	0.30097	0.00424	0.74841	0.47644
0.3004	0.46751	0.00954	0.8461	0.26695	0.0393	0.0136	0.01925	0.00768	0.01125	0.05487	0.31039	0.00459	0.74241	0.46878
0.33551	0.40331	0.01166	0.8034	0.26232	0.03526	0.01394	0.01745	0.01284	0.01253	0.05557	0.30616	0.00199	0.74487	0.51389
0.28497	0.40678	0.01003	0.81104	0.2947	0.0368	0.01749	0.02354	0.01143	0.01486	0.05543	0.31798	0.00231	0.74864	0.48918
0.37795	0.37394	0.00871	0.81398	0.2455	0.03654	0.01788	0.0365	0.00749	0.01193	0.0486	0.35266	0.00294	0.75384	0.47522
0.32458	0.38464	0.00929	0.78927	0.25817	0.03567	0.0148	0.01846	0.00556	0.01406	0.03791	0.32468	0.00233	0.76643	0.47262
0.32895	0.42443	0.0074	0.80162	0.25644	0.03595	0.01693	0.02128	0.00939	0.00593	0.04757	0.31951	0.00331	0.74369	0.49547
0.3188	0.42064	0.00798	0.80775	0.26089	0.03213	0.01915	0.0188	0.00915	0.01439	0.04185	0.33452	0.00274	0.7738	0.50355
0.33272	0.45299	0.00748	0.81911	0.26409	0.03722	0.01416	0.0269	0.00958	0.01217	0.04112	0.3392	0.00177	0.76496	0.48901
0.36723	0.43642	0.01071	0.82427	0.25837	0.02732	0.02149	0.02647	0.01215	0.01115	0.04578	0.34544	0.00276	0.79085	0.50717
0.35228	0.43759	0.00918	0.83987	0.25105	0.03994	0.02293	0.02513	0.00793	0.01222	0.04783	0.31712	0.00239	0.78609	0.49868
0.35641	0.48399	0.00962	0.83521	0.2578	0.03951	0.01733	0.02609	0.01256	0.01324	0.04789	0.33442	0.0032	0.77336	0.48031
0.34932	0.43907	0.00759	0.82123	0.27995	0.04269	0.01634	0.0193	0.00748	0.0121	0.05787	0.30875	0.00301	0.7431	0.53708
0.38558	0.45166	0.01237	0.8295	0.25847	0.05163	0.01289	0.02208	0.00795	0.00969	0.05455	0.32906	0.0035	0.74144	0.48017
0.37351	0.43238	0.00823	0.88799	0.25988	0.04328	0.01018	0.02196	0.01351	0.00838	0.04495	0.31919	0.003	0.78597	0.4736
0.33494	0.44924	0.00722	0.90111	0.25096	0.04578	0.01363	0.02176	0.00756	0.01283	0.05429	0.3162	0.00188	0.79999	0.48951
0.31967	0.4571	0.00768	0.87858	0.24877	0.04265	0.01705	0.02615	0.01144	0.00786	0.04403	0.32388	0.00281	0.76391	0.48458
0.36337	0.40104	0.00561	0.87185	0.26057	0.03811	0.01735	0.02185	0.0119	0.01733	0.05031	0.34135	0.00196	0.78638	0.48016
0.30449	0.40689	0.00946	0.83381	0.27494	0.03494	0.01612	0.02011	0.00676	0.00844	0.05602	0.3295	0.00578	0.75971	0.47604
0.32307	0.49107	0.00984	0.84476	0.27586	0.04925	0.01468	0.02959	0.00826	0.01252	0.05579	0.31661	0.00286	0.78438	0.492
0.41213	0.54129	0.00662	0.88035	0.24906	0.04371	0.01325	0.01956	0.01065	0.01419	0.05611	0.32365	0.00121	0.74012	0.48909
0.37431	0.42254	0.0075	0.82716	0.26224	0.04932	0.01695	0.02803	0.01637	0.00956	0.04855	0.36334	0.00544	0.78025	0.48876
0.36212	0.45052	0.00876	0.81383	0.28643	0.04257	0.00951	0.02429	0.00709	0.01666	0.04393	0.29688	0.00566	0.75109	0.50128
0.33967	0.4247	0.00918	0.80818	0.25231	0.04732	0.01286	0.02034	0.00871	0.01105	0.04341	0.33086	0.00329	0.79012	0.48369
0.31597	0.45101	0.00903	0.84403	0.2698	0.04084	0.01269	0.02221	0.00903	0.01125	0.0439	0.35125	0.00605	0.78435	0.47666
0.2963	0.41194	0.00791	0.84004	0.28446	0.03608	0.01674	0.02273	0.01099	0.01477	0.05121	0.33751	0.00212	0.80792	0.49809
0.3363	0.42057	0.0072	0.77767	0.27413	0.04323	0.017	0.02283	0.00844	0.00744	0.04375	0.33039	0.00193	0.80725	0.50287
0.3326	0.46563	0.00549	0.8243	0.27843	0.05305	0.01143	0.0186	0.01035	0.01025	0.04896	0.30134	0.00231	0.81721	0.49547
0.36544	0.43027	0.00644	0.83645	0.2812	0.04459	0.01242	0.02001	0.00832	0.01104	0.05937	0.3535	0.00315	0.77467	0.51072
0.33667	0.47868	0.01131	0.85113	0.30577	0.04331	0.01074	0.0218	0.00863	0.01191	0.05145	0.28931	0.00281	0.7599	0.49046
0.37006	0.48233	0.00758	0.82145	0.27964	0.03927	0.0169	0.01834	0.00897	0.0095	0.04682	0.30058	0.00247	0.77177	0.50853
0.32479	0.42369	0.00788	0.77331	0.28971	0.04343	0.0147	0.02264	0.00946	0.01316	0.04535	0.33898	0.00488	0.78192	0.47987
0.30723	0.44313	0.00817	0.8343	0.28251	0.04328	0.0132	0.02218	0.00779	0.01043	0.0398	0.30381	0.00307	0.77465	0.49168
0.34769	0.48443	0.00675	0.81665	0.27772	0.04226	0.01557	0.01984	0.01112	0.01287	0.05008	0.32643	0.00233	0.77399	0.49949
0.34552	0.46961	0.00701	0.81791	0.28097	0.04583	0.01043	0.0144	0.00666	0.01349	0.04092	0.32491	0.00498	0.74944	0.48434
0.32347	0.45898	0.00819	0.8165	0.30812	0.05963	0.01065	0.01893	0.00749	0.01207	0.05299	0.3118	0.00234	0.78416	0.47952
0.29935	0.44134	0.00951	0.74445	0.26078	0.05856	0.01768	0.02001	0.00799	0.01116	0.03547	0.32475	0.00352	0.7704	0.45561
0.34987	0.49222	0.01052	0.83353	0.27426	0.04872	0.01006	0.01667	0.00959	0.00644	0.05078	0.30446	0.0026	0.77286	0.49718
0.3605	0.48137	0.00834	0.80024	0.25616	0.04467	0.01455	0.02365	0.01186	0.01312	0.07098	0.35162	0.00366	0.76929	0.49945
0.3441	0.48406	0.00602	0.79606	0.25604	0.04991	0.01612	0.02537	0.00595	0.00968	0.04709	0.28976	0.00306	0.77473	0.50089
0.33524	0.46815	0.01059	0.77005	0.27506	0.03678	0.01496	0.01782	0.01182	0.01371	0.03816	0.30376	0.00214	0.7646	0.49898
0.34018	0.46847	0.00565	0.78604	0.28044	0.04222	0.01833	0.02468	0.00656	0.00887	0.05364	0.30909	0.00557	0.80659	0.4945
0.3372	0.48634	0.0028	0.81444	0.26015	0.04043	0.01301	0.02232	0.01023	0.00797	0.03991	0.33995	0.00306	0.76718	0.49417
0.36268	0.40143	0.00579	0.78161	0.25988	0.04281	0.01505	0.0251	0.01018	0.00656	0.04223	0.34441	0.0044	0.78427	0.46938
0.34919	0.51006	0.01596	0.81627	0.26703	0.03574	0.01004	0.01842	0.01012	0.01005	0.04035	0.30936	0.00433	0.75079	0.50467
0.38165	0.50488	0.00725	0.82518	0.25564	0.04513	0.01263	0.01563	0.00901	0.01147	0.04918	0.31485	0.00235	0.72021	0.49014
0.35856	0.49106	0.00975	0.80942	0.29853	0.0424	0.01561	0.02242	0.00866	0.00556	0.04292	0.32588	0.0048	0.75499	0.47499
0.36429	0.50649	0.00696	0.85107	0.26064	0.03944	0.01091	0.01595	0.00792	0.01226	0.04224	0.35966	0.00383	0.77656	0.50114
0.33087	0.4636	0.01006	0.78611	0.28274	0.06862	0.01043	0.02002	0.0065	0.01185	0.0541	0.32283	0.00401	0.78028	0.49544
0.2856	0.47653	0.00507	0.75992	0.28432	0.05505	0.01203	0.01528	0.00698	0.00834	0.05134	0.32331	0.00281	0.76703	0.50795
0.31068	0.47742	0.0067	0.79896	0.26658	0.04536	0.01295	0.0254	0.00651	0.00929	0.04146	0.32274	0.0034	0.77482	0.48446
0.35042	0.53326	0.00879	0.80594	0.25416	0.05742	0.0204	0.02534	0.00923	0.01232	0.05838	0.31998	0.00309	0.78344	0.48712
0.34273	0.47241	0.00843	0.82719	0.27261	0.05039	0.01184	0.02416	0.01275	0.01393	0.05298	0.31593	0.00094	0.76804	0.50122
0.39253	0.53589	0.00828	0.85335	0.31042	0.05098	0.01472	0.01475	0.00476	0.01242	0.05015	0.3063	0.00228	0.78435	0.45994
0.38377	0.50959	0.00737	0.76709	0.26412	0.04159	0.01353	0.01852	0.00644	0.01169	0.04917	0.32237	0.00139	0.76349	0.49297
0.34749	0.45889	0.00406	0.81285	0.27524	0.03292	0.01618	0.0221	0.00756	0.01276	0.04157	0.34022	0.00365	0.73967	0.49132
0.40071	0.51435	0.00582	0.8506	0.29545	0.04685	0.01306	0.02274	0.00763	0.00843	0.04381	0.33338	0.00301	0.77705	0.49129
0.34981	0.47315	0.0075	0.80312	0.27075	0.03691	0.01564	0.01747	0.01581	0.00852	0.0417	0.3368	0.00221	0.78269	0.48719
0.31472	0.53437	0.00577	0.89623	0.26346	0.04028	0.01392	0.01495	0.0065	0.01251	0.05098	0.31717	0.00361	0.78591	0.4778
0.33563	0.56753	0.01133	0.86157	0.28336	0.04503	0.01746	0.01971	0.0058	0.01009	0.07121	0.29409	0.00292	0.78579	0.48426
0.34733	0.52175	0.01046	0.85747	0.24933	0.04911	0.01369	0.01916	0.00757	0.01171	0.04311	0.34828	0.00233	0.76741	0.4648
0.36736	0.50441	0.00648	0.81462	0.25672	0.04733	0.01529	0.0173	0.00808	0.01254	0.06363	0.29753	0.00343	0.82616	0.48666
0.34616	0.48842	0.00551	0.76046	0.24867	0.05181	0.00874	0.019	0.0086	0.01199	0.05699	0.32141	0.00188	0.79335	0.49722
0.29142	0.4622	0.00818	0.76366	0.2999	0.0438	0.0173	0.01704	0.00654	0.00696	0.04687	0.34929	0.00405	0.77775	0.49133
0.31932	0.53217	0.00596	0.86488	0.30775	0.04162	0.01732	0.0199	0.00643	0.01232	0.05482	0.30564	0.00115	0.78315	0.51276
0.29473	0.48072	0.00673	0.8352	0.33437	0.04068	0.01907	0.01276	0.00692	0.01171	0.05308	0.30642	0.00419	0.79845	0.4807
0.33648	0.47736	0.00704	0.81132	0.28202	0.04414	0.0146	0.02222	0.00614	0.01207	0.03907	0.33308	0.0038	0.77007	0.48454
0.33584	0.46946	0.00847	0.71474	0.27973	0.0369	0.01429	0.02647	0.01101	0.00975	0.0392	0.34957	0.00311	0.81067	0.49455
0.28783	0.49823	0.00622	0.83569	0.26707	0.0429	0.01215	0.01881	0.00706	0.01094	0.05095	0.34346	0.00764	0.8425	0.46405
0.32599	0.40099	0.00407	0.75497	0.26338	0.05918	0.01461	0.01715	0.0095	0.00966	0.04021	0.30257	0.00275	0.79806	0.48708
0.32251	0.38929	0.00576	0.77269	0.27779	0.04263	0.01714	0.01982	0.01284	0.00756	0.04325	0.33882	0.0044	0.83351	0.50257
0.30662	0.43026	0.00501	0.73263	0.25471	0.04645	0.0209	0.02498	0.01157	0.00768	0.04045	0.34807	0.00775	0.80405	0.48756
0.28578	0.42395	0.00474	0.80818	0.25774	0.03773	0.01347	0.01447	0.01083	0.01092	0.05115	0.32253	0.00288	0.84661	0.50551
0.3266	0.4316	0.00455	0.7925	0.25349	0.0329	0.01289	0.0256	0.00634	0.00909	0.0475	0.33159	0.00307	0.79206	0.50101
0.32016	0.47274	0.00714	0.83477	0.25952	0.0428	0.01587	0.01924	0.01097	0.01229	0.05125	0.29546	0.00257	0.81301	0.49382
0.30472	0.49174	0.00638	0.85406	0.25421	0.04859	0.00832	0.01867	0.01003	0.0127	0.05055	0.30889	0.00233	0.7605	0.49108
0.35155	0.45002	0.00653	0.83422	0.2676	0.05229	0.01798	0.01902	0.00586	0.00863	0.03915	0.29569	0.00268	0.7849	0.48533
0.30464	0.40721	0.00723	0.75768	0.25634	0.03593	0.01271	0.02087	0.01124	0.01091	0.05445	0.3314	0.00345	0.82307	0.49442
0.36375	0.46868	0.00833	0.8009	0.24429	0.05215	0.01068	0.02592	0.01037	0.01575	0.04965	0.34728	0.00267	0.80624	0.51231
0.35243	0.46017	0.00253	0.81817	0.28215	0.04274	0.00819	0.01659	0.00878	0.00931	0.04035	0.31155	0.00455	0.82569	0.49381
0.33757	0.51978	0.00735	0.87092	0.26717	0.0466	0.01646	0.01735	0.01167	0.00793	0.04301	0.29516	0.00323	0.80073	0.49304
0.28959	0.45227	0.00195	0.83821	0.24838	0.04479	0.00999	0.01594	0.00677	0.00886	0.04226	0.28255	0.00367	0.81053	0.5143
0.30517	0.45412	0.00743	0.81138	0.27611	0.04387	0.0061	0.02008	0.01022	0.00996	0.05247	0.34286	0.00075	0.79188	0.49274
0.30977	0.46497	0.00711	0.77702	0.26911	0.03207	0.01599	0.02219	0.00753	0.0083	0.04396	0.2979	0.00206	0.77171	0.50828
0.32085	0.38603	0.00534	0.74713	0.26999	0.043	0.01504	0.02274	0.00798	0.00761	0.05609	0.32194	0.00205	0.77477	0.50219
0.36048	0.49169	0.00986	0.82478	0.27655	0.04727	0.01509	0.02162	0.00766	0.01057	0.04513	0.32982	0.00346	0.80645	0.50351
0.3177	0.42722	0.00513	0.81313	0.2771	0.03426	0.0133	0.01886	0.00692	0.00505	0.04993	0.34189	0.00346	0.79666	0.50319
0.28948	0.43187	0.0044	0.77819	0.25396	0.04419	0.00741	0.01436	0.00931	0.00868	0.05579	0.30042	0.00119	0.78159	0.5109
0.34325	0.44263	0.00669	0.84485	0.25361	0.03676	0.01379	0.02115	0.00822	0.0114	0.04539	0.31588	0.00391	0.79341	0.50469
0.32411	0.44114	0.01067	0.80503	0.28594	0.03661	0.0161	0.02216	0.00925	0.01328	0.04832	0.33909	0.00396	0.82329	0.47433
0.27535	0.49375	0.00521	0.87166	0.28492	0.03811	0.01094	0.01134	0.01012	0.0078	0.04129	0.32597	0.00149	0.76796	0.51027
0.30426	0.45184	0.00467	0.85065	0.26384	0.04676	0.01418	0.01587	0.00889	0.01151	0.05011	0.31439	0.00201	0.79997	0.48392
0.34186	0.47962	0.00482	0.85308	0.27538	0.03705	0.01476	0.02053	0.01273	0.00814	0.04197	0.31609	0.00444	0.79815	0.47327
0.31378	0.40065	0.00185	0.85019	0.25655	0.03526	0.01191	0.01898	0.00582	0.00601	0.03975	0.31152	0.00081	0.80888	0.49566
0.30441	0.45287	0.00544	0.85822	0.26861	0.0386	0.01062	0.02018	0.00889	0.01052	0.05161	0.31123	0.0019	0.78068	0.4991
0.33004	0.47537	0.00897	0.84083	0.26945	0.03506	0.01216	0.01124	0.00485	0.00804	0.05449	0.29726	0.00502	0.79489	0.5037
0.29965	0.47175	0.00892	0.93131	0.28851	0.04133	0.01024	0.01623	0.00528	0.00398	0.04973	0.2921	0.00335	0.81497	0.47655
0.27688	0.47518	0.0078	0.8973	0.29653	0.04547	0.0141	0.01856	0.0071	0.00448	0.04426	0.33966	0.00189	0.82928	0.49146
0.29702	0.45219	0.00636	0.90246	0.26352	0.04176	0.0107	0.02173	0.00861	0.00834	0.05049	0.31721	0.00198	0.76144	0.50672
0.27843	0.47397	0.00422	0.937	0.31177	0.03372	0.00859	0.01836	0.00502	0.01021	0.05529	0.32647	0.0025	0.8003	0.49173
0.30903	0.50284	0.00669	0.90652	0.2574	0.04474	0.01741	0.01964	0.00893	0.01095	0.05254	0.30392	0.00328	0.81226	0.46008
0.31056	0.49275	0.00568	0.95178	0.23008	0.04271	0.0153	0.02205	0.00839	0.00203	0.05756	0.33155	0.004	0.76942	0.49789
0.296	0.46137	0.00524	0.96163	0.26199	0.04333	0.01202	0.01561	0.00775	0.00866	0.05836	0.30304	0.00143	0.79951	0.49792
0.31174	0.48526	0.0065	0.87695	0.26524	0.0366	0.01512	0.0195	0.00672	0.00684	0.05971	0.32549	0.00296	0.80999	0.49074
0.33642	0.45767	0.00749	0.86413	0.26543	0.04302	0.01133	0.02162	0.00932	0.00909	0.04623	0.30273	0.00224	0.80364	0.50567
0.30523	0.47947	0.01075	0.8913	0.3085	0.03825	0.01427	0.02227	0.00869	0.005	0.05456	0.34183	0.00284	0.78362	0.4835
0.32128	0.46131	0.00443	0.90029	0.2824	0.04615	0.01457	0.01926	0.00787	0.00537	0.03791	0.3368	0.00205	0.81802	0.48313
0.26903	0.48568	0.00398	0.99553	0.30584	0.03401	0.01311	0.01758	0.00974	0.01039	0.04223	0.35682	0.00376	0.80826	0.46797
0.30214	0.6003	0.0059	0.97182	0.27639	0.03497	0.01033	0.01403	0.00533	0.00629	0.0529	0.28316	0.00209	0.80897	0.46934
0.2968	0.53491	0.00525	0.97999	0.29209	0.03085	0.01344	0.01816	0.00708	0.00486	0.05417	0.30745	0.00341	0.83459	0.5084
0.29306	0.4733	0.00478	0.88424	0.26957	0.04392	0.0096	0.0164	0.00638	0.00422	0.04386	0.30059	0.00123	0.81243	0.47069
0.29366	0.53113	0.00831	0.90837	0.27507	0.03254	0.01375	0.01566	0.00717	0.00525	0.074	0.27524	0.00456	0.83545	0.50268
0.29868	0.50456	0.00813	0.8799	0.29241	0.041	0.01467	0.0217	0.00511	0.00164	0.06173	0.34138	0.00308	0.8063	0.48189
0.30524	0.48809	0.00272	0.82491	0.26631	0.02659	0.01167	0.02195	0.00685	0.00439	0.05928	0.32191	0.00312	0.80033	0.4835
0.31385	0.55392	0.00338	0.86554	0.25816	0.0286	0.01222	0.01831	0.01188	0.00346	0.05	0.32084	0.00251	0.80774	0.48497
0.31143	0.54004	0.00266	0.82762	0.26443	0.03116	0.01117	0.01648	0.00634	0.00606	0.06286	0.32361	0.00218	0.80332	0.47229
0.28404	0.47917	0.00365	0.9135	0.2497	0.02425	0.01064	0.02043	0.00543	0.01038	0.04868	0.30097	0.0062	0.7813	0.4846
0.2486	0.49938	0.00181	0.94767	0.29136	0.03998	0.01152	0.02008	0.00757	0.00948	0.04785	0.34418	0.00393	0.80944	0.47152
0.26384	0.39021	0.00107	0.80937	0.25471	0.03788	0.00983	0.02224	0.00716	0.01021	0.06133	0.33017	0.00329	0.82687	0.50602
0.28154	0.50044	0.00439	0.8617	0.34294	0.03645	0.01059	0.00858	0.00662	0.00518	0.04218	0.30204	0.00288	0.84076	0.46164
0.25558	0.51748	0.00717	0.92077	0.29174	0.03024	0.01122	0.01734	0.01318	0.00793	0.05356	0.28521	0.00295	0.82312	0.4701
0.27375	0.4878	0.00582	0.92958	0.27443	0.03161	0.00995	0.02709	0.00737	0.00528	0.04502	0.32598	0.00207	0.8112	0.48555
0.27196	0.48989	0.00373	0.87576	0.29599	0.03389	0.01487	0.011	0.00296	0.0005	0.04835	0.33142	0.00451	0.80946	0.47929
0.309	0.47566	0.00569	0.88641	0.29537	0.03927	0.00582	0.0202	0.00834	0.00458	0.05531	0.3135	0.00257	0.8391	0.4776
0.29584	0.46417	0.00179	0.88276	0.2475	0.03295	0.0062	0.01488	0.00783	0.01072	0.04487	0.33773	0.0043	0.82105	0.4743
0.26688	0.39207	0.00492	0.86226	0.28463	0.03562	0.00683	0.01846	0.00294	0.00328	0.05517	0.32158	0.00203	0.83661	0.46286
0.29731	0.47331	0.00533	0.86137	0.27589	0.03918	0.00942	0.01914	0.00965	0.00481	0.03965	0.3309	0.00299	0.81156	0.47952
0.27903	0.48735	0.00267	0.91465	0.2572	0.03128	0.01014	0.01921	0.00646	0.01139	0.06157	0.31271	0.00288	0.84394	0.4609
0.30364	0.50905	0.0034	0.95903	0.28348	0.03571	0.00923	0.01845	0.0038	0.00737	0.05039	0.33215	0.00411	0.82157	0.48049
0.28327	0.4312	0.00179	0.91988	0.26423	0.03972	0.00874	0.01861	0.00588	0.00589	0.04041	0.3619	0.00446	0.82817	0.48823
0.31026	0.50181	0.00367	0.92494	0.28797	0.04575	0.00916	0.01847	0.00446	0.00661	0.04976	0.2952	0.0039	0.84146	0.48625
0.24097	0.43905	0.00315	0.96106	0.28465	0.02717	0.01136	0.01233	0.0065	0.00928	0.04507	0.31023	0.00153	0.81593	0.48734
0.26445	0.4772	0.0014	0.92706	0.26426	0.03975	0.01663	0.01729	0.01022	0.00979	0.05087	0.28295	0.00131	0.83373	0.4737
0.31827	0.4773	0.00645	0.89721	0.25932	0.03772	0.00623	0.02191	0.0075	0.00442	0.05002	0.35291	0.0034	0.80779	0.48932
0.28417	0.48672	0.00262	0.91727	0.2997	0.03502	0.00857	0.01982	0.01174	0.01302	0.05618	0.33191	0.00325	0.84733	0.48934
0.29784	0.46714	0.0025	0.91103	0.27775	0.05136	0.0069	0.01556	0.00254	0.00256	0.04574	0.32408	0.00165	0.86495	0.46307
0.28862	0.49302	0.00185	0.90113	0.27667	0.04031	0.00606	0.01547	0.00605	0.00621	0.05376	0.31077	0.00114	0.83879	0.47424
0.3148	0.45678	0.00094	0.85503	0.29045	0.03916	0.00818	0.03549	0.00765	0.00743	0.06772	0.28135	0.00308	0.84133	0.49298
0.33005	0.47458	0.00112	0.90398	0.27822	0.0392	0.01077	0.02044	0.00946	0.01092	0.05115	0.32127	0.00216	0.85507	0.46634
0.32005	0.47128	0.00139	0.84568	0.27461	0.04428	0.01241	0.02217	0.00695	0.00869	0.06432	0.32547	0.0048	0.77974	0.50949
0.3672	0.48043	0.00507	0.84482	0.27071	0.0449	0.01249	0.01963	0.00597	0.00914	0.0492	0.33801	0.00245	0.84874	0.45106
0.3539	0.47446	0.00641	0.86066	0.26787	0.03684	0.01284	0.01907	0.00581	0.0068	0.04479	0.35403	0.00376	0.84605	0.4664
0.30193	0.49596	0.00751	0.84317	0.29862	0.0411	0.01128	0.02144	0.00569	0.00645	0.06097	0.32366	0.00612	0.79984	0.48449
0.32084	0.46844	0.00888	0.88515	0.31419	0.02967	0.01265	0.01645	0.00479	0.00794	0.06019	0.32524	0.0031	0.82569	0.49132
0.32132	0.46727	0.00537	0.8532	0.25827	0.04008	0.01081	0.03193	0.01045	0.00664	0.05679	0.29394	0.00366	0.84422	0.50327
0.28282	0.48194	0.00308	0.8807	0.27491	0.02794	0.01123	0.01836	0.00728	0.00362	0.0493	0.30148	0.00262	0.79436	0.49913
0.27811	0.44625	0.00489	0.86864	0.26561	0.03786	0.01301	0.02141	0.0068	0.00353	0.05833	0.33006	0.00219	0.83408	0.45837
0.29732	0.4399	0.00199	0.87239	0.28133	0.03514	0.01437	0.01785	0.00939	0.00092	0.05665	0.31998	0.00437	0.82904	0.49995
0.35012	0.44979	0.0019	0.86084	0.24865	0.03595	0.00519	0.0257	0.00565	0.00551	0.04779	0.30574	0.00215	0.79892	0.5288
0.2683	0.4723	0.00494	0.92909	0.25921	0.03637	0.0084	0.02327	0.00478	0.00819	0.0534	0.29493	0.00365	0.81338	0.50657
0.28329	0.45779	0.00307	0.86822	0.27693	0.03527	0.01311	0.01931	0.00507	0.00445	0.04939	0.32423	0.00444	0.81557	0.49777
0.25704	0.41353	0.00285	0.87492	0.26816	0.03211	0.01091	0.01373	0.00703	0.00859	0.05517	0.29409	0.0024	0.84138	0.48764
0.29292	0.5461	0.00092	0.94777	0.2911	0.05513	0.01125	0.01155	0.00485	0.00552	0.05591	0.3073	0.00234	0.83397	0.47054
0.2861	0.52839	0.00796	0.93292	0.29299	0.03712	0.0129	0.01414	0.00536	0.00963	0.05758	0.30867	0.00558	0.84606	0.46278
0.29868	0.41195	0.00729	0.85892	0.2755	0.03166	0.01046	0.02179	0.00615	0.00693	0.06119	0.31233	0.00219	0.78705	0.46975
0.27175	0.48307	0.00444	0.90605	0.26877	0.0322	0.01107	0.01862	0.00523	0.004	0.05526	0.30486	0.00425	0.80011	0.48675
0.29819	0.46612	0.00211	0.88188	0.26963	0.04962	0.01254	0.01482	0.00593	0.00685	0.05696	0.28113	0.00246	0.83832	0.46917
0.27271	0.45874	0.00571	0.92502	0.25234	0.03302	0.01865	0.01819	0.00625	0.00389	0.06198	0.32674	0.00542	0.7695	0.49532
0.27826	0.44766	0.0046	0.88389	0.29354	0.03929	0.01148	0.02133	0.01113	0.00236	0.0622	0.31882	0.00359	0.85183	0.49797
0.25222	0.48908	0.00082	0.88437	0.29591	0.02608	0.00774	0.01348	0.00476	0.00642	0.04213	0.34227	0.00357	0.84448	0.47992
0.31636	0.41697	0.00226	0.84023	0.26844	0.03372	0.01462	0.01774	0.00558	0.00556	0.05041	0.30234	0.00391	0.8352	0.48217
0.27839	0.36059	0.00308	0.75077	0.28099	0.05022	0.00766	0.0235	0.00736	0.00661	0.05113	0.29854	0.00531	0.83872	0.48846
0.27976	0.40689	0.00108	0.81009	0.27651	0.05158	0.00698	0.01904	0.00748	0.00653	0.05195	0.31881	0.00248	0.80302	0.50061
0.33145	0.3884	0.00073	0.83382	0.31283	0.04643	0.0138	0.02017	0.00864	0.00174	0.04304	0.31833	0.00211	0.81743	0.48551
0.32062	0.43964	0.00146	0.85909	0.25929	0.03469	0.01008	0.01569	0.00708	0.00209	0.05214	0.29719	0.00243	0.83992	0.47527
0.31195	0.42994	0.00586	0.90226	0.27619	0.03208	0.01281	0.02459	0.0087	0.00773	0.05514	0.3216	0.00444	0.84491	0.51009
0.31995	0.47977	0.00312	0.87897	0.25773	0.03798	0.01184	0.01403	0.00643	0.00315	0.06179	0.3042	0.00198	0.81689	0.49003
0.28346	0.46669	0.00439	0.88061	0.27014	0.04729	0.01937	0.01286	0.00483	0.00113	0.04397	0.33888	0.00222	0.8208	0.46871
0.29602	0.45883	0.00353	0.89011	0.28176	0.04305	0.01338	0.01568	0.00679	0.00137	0.05968	0.31529	0.00182	0.83113	0.47301
0.30663	0.49355	0.00281	0.85158	0.28855	0.04083	0.01269	0.0149	0.00833	0.00835	0.06193	0.35422	0.0024	0.82183	0.50399
0.28792	0.47694	0.00312	0.89586	0.27374	0.02408	0.00662	0.01278	0.00702	0.00502	0.06207	0.30326	0.00266	0.82353	0.4832
0.27872	0.42256	0.00474	0.87909	0.27112	0.04346	0.01441	0.01567	0.01058	0.00627	0.05581	0.30554	0.00253	0.83231	0.47322
0.27978	0.51809	0.00327	0.93648	0.30886	0.04209	0.01448	0.01549	0.00467	0.00463	0.04448	0.2839	0.00234	0.83609	0.48721
0.28997	0.45306	0.0017	0.85111	0.25488	0.05203	0.00946	0.01626	0.00976	0.00814	0.05775	0.32049	0.0028	0.82447	0.46615
0.29092	0.4861	0.00347	0.88634	0.27436	0.03049	0.00914	0.01614	0.00903	0.00477	0.05684	0.33688	0.00248	0.79915	0.4705
0.27088	0.43772	0.00102	0.84253	0.26898	0.02808	0.01496	0.02006	0.00825	0.00779	0.04806	0.31264	0.00323	0.82541	0.49379
0.29874	0.49994	0.00145	0.8682	0.28741	0.04186	0.01171	0.02138	0.00657	0.00134	0.05569	0.32167	0.00376	0.86885	0.49527
0.31187	0.4181	0.00187	0.85163	0.26266	0.04187	0.01329	0.0267	0.00735	0.00531	0.05169	0.34719	0.00307	0.82864	0.48866
0.29828	0.49394	0.00107	0.8878	0.25694	0.04692	0.01355	0.01799	0.00915	0.0063	0.05562	0.35868	0.00128	0.79131	0.47825
0.29771	0.46207	0.00196	0.8743	0.29955	0.04441	0.01322	0.02307	0.01098	0.00454	0.0536	0.35037	0.00333	0.81194	0.48466
0.28502	0.43269	0.00212	0.87741	0.25706	0.06022	0.01092	0.02	0.00997	0.00681	0.04929	0.36458	0.0043	0.81605	0.48112
0.33526	0.47832	0.00579	0.84054	0.27984	0.05565	0.00802	0.01618	0.0051	0.00739	0.05012	0.32203	0.00177	0.8117	0.48286
0.3185	0.46156	0.00071	0.84809	0.24954	0.02801	0.0062	0.02356	0.00909	0.00628	0.04456	0.32054	0.0024	0.82646	0.4765
0.32603	0.44253	0.00146	0.86356	0.25675	0.03033	0.01068	0.01564	0.01064	0.00297	0.04254	0.30481	0.00337	0.85304	0.4732
0.33592	0.47795	0.00344	0.8793	0.27349	0.04085	0.0118	0.0176	0.00977	0.00296	0.05186	0.33138	0.0024	0.81135	0.46713
0.30852	0.43235	0.00223	0.86692	0.29822	0.03993	0.01869	0.01645	0.01011	0.0124	0.06481	0.37293	0.00224	0.79151	0.47018
0.31121	0.40158	0.00129	0.8191	0.26786	0.04751	0.01496	0.02109	0.0066	0.00869	0.05179	0.3299	0.00562	0.8033	0.47232
0.28092	0.41612	0.003	0.82353	0.25583	0.03529	0.00989	0.02264	0.00644	0.00434	0.05369	0.29274	0.00269	0.82278	0.46763
0.34047	0.411	0.00186	0.79588	0.26379	0.04701	0.0135	0.02204	0.01024	0.0027	0.04678	0.29537	0.00245	0.79068	0.48355
0.28046	0.4624	0.00247	0.90958	0.26727	0.05002	0.00593	0.0189	0.005	0.00934	0.06282	0.30785	0.00186	0.84712	0.43925
0.29005	0.43461	0.00177	0.85218	0.25977	0.05157	0.00987	0.01904	0.00985	0.00263	0.05895	0.29238	0.00297	0.83291	0.45466
0.29059	0.43524	0.00224	0.84455	0.28649	0.05372	0.01203	0.01953	0.0061	0.00127	0.04672	0.29163	0.00258	0.86652	0.46239
0.27866	0.38473	0.00268	0.83548	0.25058	0.03402	0.01059	0.01841	0.00747	0.00124	0.04569	0.32787	0.00211	0.82562	0.47623
0.26989	0.42421	0.00284	0.85202	0.27327	0.04493	0.01907	0.01723	0.01067	0.00655	0.04459	0.30871	0.00234	0.83971	0.45312
0.28252	0.44787	0.00153	0.81198	0.25038	0.04894	0.01252	0.01723	0.00931	0.00198	0.04205	0.32815	0.00254	0.85163	0.44708
0.26869	0.48071	0.00177	0.88122	0.27576	0.07545	0.01317	0.01778	0.0099	0.00561	0.06052	0.31363	0.00308	0.83056	0.45263
0.26862	0.48271	0.00114	0.86398	0.27986	0.06064	0.01075	0.01781	0.00812	0.00543	0.05121	0.32896	0.00392	0.82811	0.48376
0.29835	0.45975	0.00211	0.85483	0.30521	0.05413	0.01127	0.01786	0.00458	0.0016	0.04975	0.332	0.00277	0.83599	0.46256
0.29466	0.46578	0.00095	0.89006	0.31711	0.06283	0.00577	0.01031	0.00442	0.00633	0.04865	0.31416	0.00338	0.87054	0.47182
0.24465	0.42781	0.00408	0.90926	0.35007	0.04859	0.01389	0.02024	0.0085	0.00432	0.04417	0.33994	0.00436	0.88544	0.44729
0.29844	0.44756	0.002	0.8738	0.28064	0.06901	0.01163	0.00927	0.00269	0.00303	0.04748	0.29358	0.00282	0.8247	0.45313
0.30105	0.4489	0.00326	0.87236	0.28834	0.03838	0.0097	0.01482	0.00993	0.0032	0.0556	0.32485	0.00283	0.85098	0.46528
0.26636	0.46888	0.00343	0.87254	0.2978	0.06459	0.01094	0.01601	0.00654	0.00418	0.06153	0.31925	0.00343	0.84717	0.46349
0.32024	0.44257	0.00335	0.86798	0.28615	0.03829	0.01845	0.01603	0.00817	0.00116	0.04542	0.35803	0.00327	0.82616	0.45812
0.27523	0.47539	0.00438	0.85605	0.30893	0.03861	0.01407	0.01098	0.0111	0.00187	0.04296	0.34959	0.00265	0.8519	0.47927
0.27664	0.46494	0.00146	0.88736	0.30671	0.05103	0.01319	0.01279	0.00613	0.00617	0.04451	0.28901	0.00234	0.84416	0.43638
0.28018	0.38209	0.00233	0.8447	0.27528	0.03296	0.01538	0.01586	0.0082	0.00292	0.04845	0.34113	0.00449	0.82898	0.48314
0.28146	0.41922	0.00322	0.86789	0.28261	0.02817	0.01177	0.01693	0.00475	0.00082	0.05339	0.29845	0.00213	0.82577	0.4732
0.27626	0.44194	0.00274	0.90006	0.30175	0.04034	0.00644	0.01611	0.00725	0.00803	0.0486	0.35445	0.0027	0.8476	0.44889
0.33378	0.42526	0.00177	0.85401	0.26905	0.04068	0.01172	0.02265	0.01125	0.00563	0.05828	0.33505	0.00752	0.86487	0.45771
0.28402	0.47616	0.00366	0.87801	0.27837	0.0333	0.00882	0.02115	0.0093	0.00591	0.05115	0.34738	0.0043	0.84003	0.4412
0.28369	0.44175	0.00193	0.87364	0.27521	0.03469	0.00901	0.01086	0.00756	0.00102	0.06773	0.34789	0.00257	0.84916	0.46582
0.30114	0.42716	0.00206	0.85689	0.27923	0.04211	0.00994	0.01844	0.00762	0.00355	0.04543	0.32884	0.00434	0.83904	0.47595
0.30552	0.4235	0.00471	0.83796	0.27477	0.03345	0.01069	0.02361	0.00995	0.00212	0.05138	0.32983	0.0027	0.85846	0.46434
0.27967	0.46459	0.00157	0.85743	0.30529	0.02431	0.01031	0.0147	0.00975	0.00608	0.052	0.32155	0.00341	0.87106	0.43548
0.27786	0.44221	0.00624	0.81434	0.31083	0.02518	0.00822	0.01426	0.00213	0.01093	0.04778	0.30697	0.00357	0.85883	0.48393
0.27934	0.50448	0.00241	0.88252	0.27627	0.03119	0.00583	0.01762	0.00802	0.00351	0.04946	0.30847	0.00514	0.85237	0.44666
0.28251	0.49494	0.00243	0.85651	0.34447	0.03901	0.01362	0.01448	0.00506	0.00503	0.04662	0.30857	0.00432	0.86327	0.47115
0.31799	0.45325	0.00587	0.82453	0.31294	0.04518	0.00796	0.02026	0.00567	0.00596	0.05611	0.29864	0.00291	0.81529	0.47112
0.32174	0.5296	0.00264	0.90669	0.27724	0.04124	0.01399	0.01608	0.00627	0.00284	0.05478	0.30283	0.00562	0.85815	0.45554
0.26305	0.51856	0.00457	0.88749	0.29344	0.04835	0.01343	0.0101	0.00782	0.00712	0.06515	0.29961	0.00212	0.8505	0.46542
0.30405	0.45332	0.00182	0.79847	0.35006	0.03651	0.01422	0.01568	0.00821	0.0064	0.04768	0.32743	0.00468	0.85453	0.45171
0.31282	0.44129	0.00218	0.88151	0.29484	0.03446	0.0151	0.01449	0.00832	0.00122	0.06693	0.33956	0.00242	0.8592	0.46783
0.27968	0.48559	0.00619	0.85509	0.32698	0.03571	0.01642	0.0174	0.00124	0.00288	0.05722	0.33748	0.00411	0.82294	0.48405
0.25511	0.47717	0.00228	0.85234	0.3058	0.03436	0.01115	0.0087	0.00871	0.00457	0.06781	0.2804	0.00353	0.84313	0.45865
0.312	0.45874	0.00464	0.81484	0.28016	0.06432	0.01158	0.01855	0.00752	0.00671	0.05303	0.32351	0.00349	0.82793	0.43559
0.28673	0.47889	0.0033	0.83192	0.31192	0.03634	0.00608	0.00873	0.00787	0.00221	0.04359	0.3145	0.00283	0.82811	0.44602
0.30632	0.48264	0.00247	0.82835	0.28977	0.04312	0.00946	0.01178	0.00681	0.00505	0.05484	0.3311	0.00479	0.8505	0.44107
0.3362	0.4259	0.00516	0.83549	0.29863	0.04452	0.01048	0.01578	0.0055	0.00161	0.03676	0.27911	0.00494	0.84902	0.46144
0.31121	0.46372	0.00144	0.84668	0.28318	0.04322	0.00968	0.01142	0.00444	0.00206	0.04074	0.33117	0.00402	0.84323	0.44266
0.28671	0.45114	0.00201	0.87412	0.28639	0.04082	0.01161	0.0193	0.00534	0.00717	0.04913	0.34307	0.00621	0.85855	0.43476
0.31289	0.38551	0.00372	0.8593	0.30281	0.04763	0.00895	0.01621	0.00687	0.00265	0.0439	0.33722	0.00569	0.83534	0.45351
0.3276	0.44641	0.00565	0.8383	0.34776	0.04726	0.01377	0.02483	0.00787	0.00812	0.05314	0.35462	0.00292	0.85423	0.46796
0.30298	0.41751	0.00111	0.8381	0.29494	0.04532	0.01223	0.01234	0.00696	0.00426	0.05505	0.35158	0.00454	0.85135	0.43469
0.30506	0.42454	0.00711	0.82657	0.3112	0.05969	0.00855	0.02295	0.00616	0.00522	0.05241	0.30854	0.00126	0.85516	0.44969
0.32514	0.4532	0.00443	0.85276	0.30896	0.07017	0.0129	0.01533	0.0099	0.00495	0.04619	0.35875	0.00272	0.85575	0.44589
0.35906	0.40367	0.00344	0.79196	0.29254	0.04903	0.01407	0.01585	0.00963	0.00154	0.05111	0.3361	0.00478	0.86545	0.46067
0.31883	0.41729	0.0048	0.74562	0.27749	0.05906	0.00771	0.01951	0.00694	0.00127	0.04816	0.32029	0.00419	0.84159	0.45356
0.31634	0.41926	0.00212	0.8091	0.29622	0.03623	0.00868	0.01338	0.00994	0.00719	0.05518	0.34815	0.00187	0.8448	0.4549
0.3106	0.52239	0.00342	0.86719	0.33103	0.03429	0.00883	0.00914	0.00685	0.00687	0.05347	0.32833	0.00419	0.86209	0.43148
0.30483	0.44833	0.00234	0.87286	0.30227	0.03793	0.00683	0.00929	0.00768	0.00566	0.0563	0.28701	0.00282	0.8327	0.45111
0.30257	0.41915	0.00292	0.84206	0.2837	0.0323	0.01222	0.01032	0.00688	0.00253	0.05246	0.355	0.00363	0.86108	0.46006
0.31257	0.51864	0.00254	0.90328	0.28763	0.03968	0.01103	0.01048	0.00391	0.00941	0.04921	0.33186	0.00535	0.87453	0.44952
0.2984	0.48974	0.00171	0.88561	0.31138	0.04909	0.00727	0.01128	0.00951	0.00532	0.05836	0.33907	0.00268	0.87996	0.4357
0.28305	0.47849	0.0022	0.88803	0.30272	0.02925	0.0093	0.00997	0.00523	0.00515	0.05554	0.29679	0.0027	0.86464	0.46287
0.31034	0.46033	0.00524	0.87272	0.2963	0.03372	0.00897	0.01488	0.00426	0.00725	0.05291	0.32769	0.00388	0.85483	0.44605
0.28604	0.44882	0.00255	0.86508	0.26352	0.03453	0.00963	0.00823	0.00581	0.00378	0.05764	0.3148	0.00302	0.84246	0.45183
0.29777	0.50159	0.00348	0.88239	0.27571	0.04436	0.01659	0.01445	0.00641	0.00703	0.08121	0.34241	0.00385	0.8802	0.40347
0.33216	0.49412	0.00203	0.85203	0.28481	0.03278	0.00967	0.01615	0.006	0.00144	0.04503	0.33805	0.00275	0.86298	0.44469
0.35517	0.45112	0.00187	0.85042	0.2685	0.05103	0.01221	0.02789	0.01477	0.00131	0.04296	0.31982	0.00619	0.83245	0.44157
0.33903	0.4562	0.00089	0.86407	0.27386	0.03689	0.01732	0.00627	0.00832	0.00819	0.05157	0.32773	0.00457	0.86219	0.43997
0.2896	0.47498	0.00094	0.90977	0.28185	0.03766	0.01068	0.01301	0.00807	0.00264	0.05682	0.31441	0.00299	0.85519	0.4396
0.29041	0.40228	0.00099	0.83482	0.26137	0.02598	0.00808	0.01833	0.01068	0.00805	0.05701	0.31321	0.00485	0.84342	0.44811
0.27923	0.47199	0.00138	0.89169	0.27847	0.04153	0.0092	0.01746	0.00768	0.0054	0.05225	0.32959	0.00352	0.85932	0.44845
0.32133	0.46296	0.00157	0.83548	0.28669	0.0433	0.01775	0.00976	0.00818	0.00338	0.05276	0.35343	0.00287	0.8618	0.44702
0.34002	0.41848	0.00199	0.7962	0.25261	0.03101	0.00933	0.02753	0.00913	0.00357	0.05348	0.31889	0.00335	0.83343	0.45012
0.26469	0.43766	0.00228	0.86891	0.27156	0.04378	0.00747	0.01237	0.0072	0.00492	0.05589	0.36045	0.00662	0.81868	0.44613
0.31184	0.47233	0.00231	0.81996	0.26219	0.04359	0.01473	0.01365	0.01073	0.00506	0.05361	0.35411	0.00264	0.84051	0.4659
0.31467	0.44819	0.00074	0.88268	0.27835	0.04289	0.00784	0.01318	0.00481	0.00487	0.06039	0.35013	0.00329	0.83684	0.45317
0.35432	0.50747	0.00697	0.87361	0.31244	0.03985	0.01435	0.01559	0.00645	0.00452	0.04913	0.30666	0.00542	0.87604	0.44947
0.34216	0.47581	0.00215	0.88464	0.27376	0.02913	0.01118	0.01681	0.01167	0.00442	0.0555	0.29144	0.00245	0.87047	0.44199
0.30706	0.4365	0.00409	0.88011	0.26907	0.04635	0.0138	0.01406	0.00493	0.00228	0.02807	0.36761	0.00159	0.8423	0.45646
0.30642	0.42409	0.00135	0.83275	0.30969	0.03045	0.0128	0.01234	0.00802	0.00145	0.05896	0.3439	0.00176	0.87599	0.46746
0.28611	0.50315	0.00158	0.89502	0.29014	0.0294	0.01039	0.012	0.00838	0.00519	0.05069	0.31629	0.0022	0.86144	0.45269
0.31454	0.49007	0.00774	0.84828	0.27834	0.04043	0.01246	0.00891	0.00351	0.00318	0.05225	0.29461	0.00151	0.87407	0.42393
0.26942	0.44695	0.00098	0.88227	0.28621	0.04428	0.00856	0.00821	0.00953	0.00127	0.04428	0.28639	0.0027	0.84088	0.45578
0.31787	0.46122	0.00232	0.84396	0.27523	0.05996	0.01036	0.01529	0.00896	0.00755	0.05186	0.30966	0.00291	0.87336	0.45749
0.32778	0.44853	0.001	0.83318	0.26971	0.04413	0.01521	0.0126	0.00638	0.00268	0.04475	0.34108	0.00319	0.85639	0.44545
0.31525	0.47085	0.00145	0.84074	0.27327	0.03709	0.00727	0.00792	0.00429	0.00721	0.05708	0.30825	0.00436	0.85186	0.45565
0.3228	0.60543	0.00306	0.91358	0.28898	0.03472	0.01277	0.00885	0.00367	0.00811	0.07169	0.2806	0.00297	0.85079	0.4408
0.30053	0.63656	0.00231	0.89107	0.28811	0.04122	0.00858	0.01535	0.00644	0.00621	0.05937	0.32123	0.00478	0.85105	0.42753
0.30118	0.53893	0.00215	0.84747	0.29697	0.03601	0.01006	0.013	0.00476	0.0024	0.05826	0.33033	0.00285	0.84979	0.43764
0.32571	0.49345	0.00148	0.86975	0.27674	0.05075	0.01417	0.01017	0.00661	0.00749	0.05872	0.32174	0.00424	0.85333	0.41909
0.3031	0.53575	0.00257	0.89849	0.31159	0.05326	0.00962	0.01998	0.00614	0.0026	0.06739	0.32585	0.00374	0.8341	0.4338
0.32898	0.45966	0.00605	0.83017	0.26215	0.06247	0.01613	0.01286	0.0049	0.00683	0.07828	0.29743	0.00586	0.86484	0.43671
0.36819	0.42365	0.00115	0.77419	0.2758	0.0484	0.02001	0.02499	0.01084	0.00518	0.05034	0.35577	0.00324	0.85977	0.44733
0.31863	0.47324	0.00192	0.81365	0.25431	0.0542	0.01043	0.02111	0.00717	0.00072	0.05646	0.3353	0.00466	0.84202	0.45934
0.31849	0.43949	0.00081	0.81953	0.27455	0.0633	0.0154	0.01852	0.01079	0.00404	0.04474	0.3275	0.00349	0.86054	0.47172
0.29466	0.46548	0.00146	0.84676	0.2589	0.06207	0.00934	0.01896	0.00821	0.00394	0.0612	0.35098	0.00291	0.8313	0.44595
0.2985	0.53104	0.0009	0.88014	0.32758	0.04993	0.01217	0.00658	0.00372	0.00228	0.05144	0.31528	0.00267	0.83288	0.43003
0.34523	0.47735	0.00085	0.88108	0.25914	0.0415	0.0107	0.01694	0.00559	0.00296	0.04651	0.36266	0.00286	0.8222	0.45735
0.39332	0.50315	0.00213	0.82659	0.25185	0.05408	0.0081	0.02175	0.00394	0.00289	0.04563	0.32938	0.00348	0.88128	0.47911
0.37679	0.52215	0.00269	0.83125	0.26507	0.04343	0.00845	0.01508	0.00431	0.00627	0.06043	0.32434	0.00333	0.86766	0.4209
0.33176	0.53062	0.00268	0.87826	0.26325	0.02467	0.01204	0.01061	0.00495	0.00426	0.0515	0.31116	0.00085	0.84445	0.42506
0.37726	0.43645	0.005	0.8095	0.26093	0.03432	0.01064	0.01715	0.00461	0.00504	0.04963	0.33873	0.00352	0.83798	0.4421
0.32642	0.46398	0.00161	0.81352	0.26447	0.03787	0.01299	0.01402	0.00388	0.00647	0.05786	0.26849	0.00331	0.85766	0.43927
0.32062	0.51906	0.00396	0.8374	0.29458	0.05215	0.01062	0.01388	0.00387	0.00609	0.0731	0.29817	0.00431	0.84102	0.46476
0.32902	0.4299	0.00084	0.83907	0.30539	0.04662	0.00956	0.00894	0.00345	0.00332	0.04879	0.35031	0.00272	0.84707	0.4921
0.31835	0.4716	0.00237	0.78923	0.31581	0.04904	0.01418	0.00808	0.00642	0.00356	0.05527	0.32099	0.00305	0.83654	0.48307
0.30547	0.42295	0.00291	0.84498	0.29151	0.05336	0.01056	0.00722	0.00358	0.00164	0.0613	0.33958	0.00355	0.8411	0.49601
0.27986	0.45766	0.00259	0.80252	0.31601	0.05688	0.00731	0.01004	0.00798	0.00183	0.0573	0.31169	0.00465	0.84415	0.43295
