1	21.597784722222222	21.1728625
2	19.579911111111112	19.5322640625
3	18.560255555555557	18.7916
4	18.108833333333333	18.44498125
5	17.75758888888889	18.192778125
6	17.542655555555555	18.191271875
7	17.426831944444444	18.0387734375
8	17.226222222222223	17.9342515625
9	17.124841666666665	17.937090625
10	17.077630555555555	17.95569375
11	17.004302777777777	17.9467609375
12	16.927959722222223	17.9950390625
13	17.369109722222223	18.493409375
14	17.430847222222223	18.5340828125
15	17.326858333333334	18.28045625
16	17.007905555555556	18.0914625
17	16.820609722222223	17.989596875
18	16.715623611111113	18.09371875
19	16.7007375	18.143771875
20	16.733475	18.161140625
21	16.57499027777778	18.147721875
22	16.45122222222222	18.09921875
23	16.411472222222223	18.23443125
24	16.365830555555554	18.1975703125
25	16.34025	18.3082
26	16.366130555555557	18.424640625
27	16.832555555555555	18.7003125
28	16.615697222222224	18.5574578125
29	16.426909722222224	18.369921875
30	16.19769861111111	18.3955203125
31	16.200097222222222	18.6760703125
32	16.564858333333333	18.6447140625
33	16.26837638888889	18.48920625
34	16.05477638888889	18.4391625
35	15.976002777777778	18.5942125
36	15.918375	18.58766875
37	15.838343055555555	18.621075
38	15.775831944444445	18.6651359375
39	15.724152777777778	18.6856875
40	15.68938611111111	18.6613765625
41	15.670706944444444	18.673471875
42	15.60930138888889	18.83075625
43	15.595184722222223	18.7948625
44	15.616161111111111	18.8994640625
45	15.5519125	18.8479046875
46	15.521881944444445	18.85488125
47	15.465827777777777	18.9106015625
48	15.453458333333334	18.874815625
49	15.3926	18.9403046875
50	15.292269444444445	18.9906171875
51	15.280484722222223	18.9734734375
52	15.321138888888889	19.0768828125
53	15.226368055555556	19.16116875
54	15.165425	19.049675
55	15.113152777777778	19.418459375
56	15.305527777777778	19.36994375
57	15.128205555555555	19.3238328125
58	15.035819444444444	19.301665625
59	15.0037125	19.3505109375
60	14.992756944444444	19.32978125
61	15.01067638888889	19.26630625
62	14.927102777777778	19.30940625
63	14.859234722222222	19.40590625
64	14.784654166666666	19.4068359375
65	14.679620833333333	19.4793421875
66	14.610022222222222	19.5200609375
67	14.591919444444445	19.5676390625
68	14.76344861111111	19.4967546875
69	14.6923125	19.5549421875
70	14.552730555555556	19.5620125
71	14.468445833333334	19.6694859375
72	14.497233333333334	19.629865625
73	14.453302777777777	19.6665703125
74	14.426508333333333	19.7617765625
75	14.424554166666667	19.8001
76	14.794301388888888	19.80473125
77	14.67131388888889	19.7317265625
78	14.450209722222223	19.7225125
79	14.214533333333334	19.83864375
80	14.151190277777777	19.8819921875
81	13.975379166666666	20.0595015625
82	14.061831944444444	20.0581296875
83	14.096518055555556	19.995615625
84	13.961394444444444	20.052425
85	13.944540277777778	20.0626390625
86	13.860923611111112	20.031
87	13.8341	20.0991640625
88	13.874995833333333	20.13054375
89	13.870551388888888	20.110403125
90	13.835509722222222	20.26988125
91	13.877472222222222	20.127840625
92	13.754645833333333	20.19961875
93	13.701526388888889	20.24813125
94	13.596430555555555	20.2741640625
95	13.655893055555556	20.2715625
96	14.875165277777779	21.593
97	16.68359722222222	19.5821765625
98	15.326322222222222	19.326325
99	14.517769444444445	19.566784375
100	14.070402777777778	19.87911875
101	13.749330555555556	19.968875
102	13.5846625	20.13481875
103	13.426647222222222	20.287890625
104	13.351504166666667	20.3869765625
105	13.298273611111112	20.46586875
106	13.241173611111112	20.53076875
107	13.202370833333333	20.595128125
108	13.216536111111111	20.5090875
109	13.2783875	20.6158453125
110	13.1748125	20.6163578125
111	13.063669444444445	20.6230171875
112	13.009581944444445	20.6851828125
113	13.041634722222222	20.75161875
114	13.088823611111112	20.612753125
115	13.095173611111111	20.66748125
116	12.983120833333333	20.7389296875
117	12.982294444444445	20.7486984375
118	12.932502777777778	20.839903125
119	12.830319444444445	20.840171875
120	12.772804166666667	20.76640625
121	12.688444444444444	20.9277
122	12.647477777777778	20.93651875
123	12.62122638888889	20.940515625
124	12.699747222222221	20.959603125
125	12.622805555555555	21.023809375
126	12.619515277777777	20.972478125
127	12.50137638888889	21.0410015625
128	12.495720833333333	21.081203125
129	12.490720833333333	21.010928125
130	12.41135	21.125309375
131	12.389231944444445	21.1143625
132	12.324243055555556	21.216440625
133	12.254679166666667	21.22578125
134	12.338875	21.2655109375
135	12.324715277777777	21.171625
136	12.431627777777777	21.158603125
137	14.084291666666667	20.703146875
138	13.604811111111111	20.463171875
139	13.055084722222222	20.8032578125
140	13.04138888888889	20.7079421875
141	12.940777777777777	20.80316875
142	13.577966666666667	20.92435
143	13.260908333333333	20.710809375
144	12.51126388888889	20.8461125
145	12.123605555555555	21.074071875
146	11.89976388888889	21.29806875
147	12.085401388888888	21.2143921875
148	11.800125	21.280690625
149	11.634839583333333	21.387859375
150	11.594928472222222	21.4963921875
151	11.480347222222223	21.498825
152	11.473729861111112	21.570865625
153	11.550214583333334	21.553421875
154	11.395555555555555	21.622396875
155	11.251783333333334	21.6924734375
156	11.238782638888889	21.791509375
157	11.251902083333333	21.777275
158	11.153052777777777	21.824790625
159	11.108886111111111	21.856
160	11.094886805555555	21.8880125
161	11.163822916666666	22.005571875
162	11.243025694444444	21.952084375
163	11.31320625	21.99459375
164	11.27653125	21.8838796875
165	11.231132638888889	21.851503125
166	11.213421527777777	22.022271875
167	11.134465972222221	21.864775
168	10.985597222222221	22.005075
169	10.990520833333333	22.0404734375
170	10.8648625	22.10470625
171	10.92300625	22.129075
172	10.909619444444445	22.1208703125
173	10.798438888888889	22.112940625
174	10.800691666666667	22.1906375
175	10.761932638888888	22.166740625
176	10.601471527777777	22.119628125
177	10.684045833333334	22.1942125
178	10.811334722222222	22.119809375
179	10.772164583333334	22.251284375
180	10.633425694444444	22.2259765625
181	10.571763888888889	22.2761703125
182	10.515405555555555	22.2399671875
183	10.406497222222223	22.328009375
184	11.670495833333334	21.59996875
185	11.316245138888888	21.878340625
186	10.753647222222222	22.1766
187	10.53820625	22.1714125
188	10.397413194444445	22.2781625
189	10.413957638888888	22.3578640625
190	10.21718888888889	22.50270625
191	10.044540972222222	22.54975625
192	10.016686111111111	22.5767515625
193	10.074452777777777	22.449178125
194	9.956154166666666	22.55746875
195	10.00290625	22.5701125
196	9.901592361111112	22.719109375
197	9.898007638888888	22.588059375
198	9.976841666666667	22.6474046875
199	9.938638888888889	22.7476375
200	10.013875694444444	22.6014890625
201	10.2857875	22.71051875
202	10.558165972222222	22.4375484375
203	10.461453472222223	22.632253125
204	10.163752083333334	22.57083125
205	9.755286111111111	22.61586875
206	9.676943055555556	22.80550625
207	10.411123611111112	22.640528125
208	9.881208333333333	22.647134375
209	9.560544444444444	22.765709375
210	9.447052083333332	22.963990625
211	9.936536111111112	22.6373046875
212	9.885452083333334	22.9235546875
213	9.524066666666666	22.97779375
214	9.270722222222222	22.989278125
215	9.286579861111111	22.9210046875
216	9.291441666666667	22.994490625
217	9.889236805555555	22.9893328125
218	9.444178472222223	22.970309375
219	9.339645833333334	23.04295625
220	9.202579861111111	22.9968375
221	9.147675	23.13205
222	9.001379861111111	23.051296875
223	8.904373611111112	23.1912609375
224	8.78626388888889	23.3366609375
225	8.757781944444444	23.214378125
226	8.726522222222222	23.2369359375
227	8.901622222222223	23.2985546875
228	8.874700694444444	23.336453125
229	8.848067361111111	23.332378125
230	8.834697222222223	23.30718125
231	8.627665972222223	23.29709375
232	8.472253472222222	23.41438125
233	8.53357638888889	23.3791671875
234	8.577047916666666	23.32874375
235	8.453275694444445	23.30893125
236	8.728477083333333	23.387703125
237	8.919068055555556	23.4718515625
238	8.901509027777777	23.4178578125
239	8.93733125	23.3655671875
240	8.74696111111111	23.402265625
241	8.364793055555555	23.535884375
242	8.594577777777777	23.788321875
243	8.643569444444445	23.37943125
244	8.235879166666667	23.46210625
245	7.978793055555555	23.42369375
246	8.05461875	23.319753125
247	8.280622222222222	23.73120625
248	8.18762361111111	23.6913453125
249	8.262047916666667	23.5001171875
250	8.215340277777777	23.936903125
251	8.14754236111111	23.610603125
252	7.8956076388888885	23.589996875
253	8.266479861111112	23.87731875
254	8.290386805555556	24.021496875
255	8.248875694444445	23.5727171875
256	8.10350625	23.80150625
257	8.218113194444445	23.7162046875
258	8.583781944444445	23.637528125
259	8.428015972222223	23.386121875
260	8.029800694444445	23.7704484375
261	7.911905555555555	23.9018328125
262	7.683356944444444	23.8331734375
263	7.5769472222222225	24.007975
264	7.5248284722222225	23.778759375
265	7.39441875	23.912775
266	7.280529861111111	23.94199375
267	7.256520833333333	23.642415625
268	7.515050694444445	23.49230625
269	7.380351388888889	23.74215
270	7.226363888888889	23.671796875
271	7.227424305555555	23.832346875
272	7.25013125	23.765046875
273	7.193009027777777	24.159196875
274	7.2942326388888885	23.8471
275	7.336153472222223	23.933234375
276	7.297	23.9122890625
277	7.290800694444444	23.51158125
278	7.1588673611111115	23.648884375
279	6.989029166666667	23.772053125
280	6.951527777777778	24.354
281	7.102934027777778	23.9888390625
282	6.9122006944444445	23.91515
283	7.155003472222222	23.999696875
284	7.3345770833333335	23.9112734375
285	6.8582125	23.8086640625
286	6.811072222222222	23.8441625
287	6.592210416666667	23.769125
288	6.488219444444445	24.14666875
289	6.395038888888889	24.031828125
290	6.381181944444444	23.9413484375
291	6.315185416666667	23.941128125
292	6.230726388888889	23.906340625
293	6.173890972222222	23.991321875
294	6.193109722222222	24.100065625
295	6.1179909722222225	24.0622875
296	6.104202777777778	24.1741734375
297	6.039932638888889	24.1664328125
298	6.015360416666667	24.481390625
299	6.003288194444444	24.4868453125
300	5.977729166666666	24.9557640625
301	5.983275694444444	24.2789390625
302	5.9719548611111115	24.75959375
303	6.131408333333333	24.3638953125
304	6.321336111111111	24.4708203125
305	6.297286111111111	24.4093796875
306	6.015534722222222	24.55739375
307	6.520208333333334	24.618084375
308	7.7550333333333334	24.734278125
309	7.115820833333333	24.347365625
310	6.536697916666666	24.563215625
311	6.695904861111111	23.46370625
312	6.350746527777778	24.5215140625
313	6.112981944444445	24.2304
314	5.954855555555556	24.8335609375
315	5.84704375	24.16681875
316	5.796599305555556	24.310359375
317	5.7357611111111115	24.241196875
318	5.688002083333333	24.3679828125
319	5.647971527777778	24.732046875
320	5.603726388888889	24.5048578125
321	5.573504166666667	24.449903125
322	5.522570138888889	24.305859375
323	5.552496527777778	25.29650625
324	5.739359027777778	23.92101875
325	5.595481597222222	24.83218125
326	5.480364930555556	24.795921875
327	5.4102902777777775	24.2802609375
328	5.374488194444444	24.4145953125
329	5.344602083333333	24.3561078125
330	5.3388607638888885	24.787628125
331	5.328753472222222	24.34294375
332	5.278875347222222	24.339040625
333	5.246232986111111	24.5830296875
334	5.266723611111111	24.49424375
335	5.222297222222222	24.588465625
336	5.226699305555556	24.4326875
337	5.282335416666666	24.824915625
338	5.235844791666667	24.41620625
