mass_1	mass_2	phase	time	distance	a_1	a_2	tilt_1	tilt_2	phi_12	phi_jl	theta_jn	psi	ra	dec
2.7395503458118666	1.0762611754572398	0.01787986304899717	0.07654523354377181	0.13721312201385388	1.0121646712626011	0.4944469351389171	0.0374338595455721	0.02604242184867845	0.014731846532446332	0.014888235773119476	0.21322971997759524	0.0057702815062899765	0.05411967981856977	0.01911417762415832
2.702271791488769	0.9875907064364828	0.008428471151865976	0.0586790342521603	0.18665079774227325	1.1416281005115885	0.6756542211570067	0.09005004975118348	0.032096318274600424	0.011267345479485743	0.009490643226125061	0.2534924744813332	0.01605023504761865	0.039595885464105786	0.024790590683824307
2.5673545453862014	1.0605050697520808	0.011176128374177434	0.04876942944144786	0.08777682289873708	1.1111677316553246	0.6205189423402394	0.06912156312229968	0.030140086471438544	0.0092402001707724	0.007042464757952628	0.24177786451962918	0.006841858511703871	0.023455112219282762	0.027420515888268
2.532315185993752	0.9173145082692049	0.008668739426929058	0.03084914410221694	0.15383429266186474	1.1452577706598348	0.740398322340665	0.0981981682355331	0.030536430404135624	0.008233316870260375	0.011044805080383713	0.27065287659217024	0.005447141437030301	0.0286750466201841	0.018848576812366187
2.668242657087793	0.9797743793437359	0.008345722789144876	0.01449016820813292	0.28507581023170403	1.2631781633102903	0.6572670470439056	0.1356250261249997	0.04393857096254474	0.01511755810587897	0.007894041472741068	0.29133403850817113	0.005833639896054686	0.02609819718889073	0.011107568537363914
2.447524124018912	1.0337424892837124	0.0038962009952742934	0.01149705489376786	0.20748819726977027	1.1880105187547234	0.668103528852675	0.1200654088284913	0.034877822039724796	0.009540766367588662	0.004393859011209183	0.32310824525239784	0.008586377555592793	0.02784050356900574	0.017445139592635977
2.339230757441121	1.1180685609674637	0.0069131040272424945	0.009278394465952595	0.30306873906131915	1.1347770121189853	0.510233802459595	0.09418744196643027	0.05472400597630157	0.008172228597564004	0.004218193057439187	0.2735285177668154	0.009705407939729007	0.024757359490676572	0.014949927079871715
2.2933281084192436	1.3762043795530363	0.004104071424682743	0.00870867421638893	0.25599894106775134	1.089122183519822	0.6138752052464173	0.08731512246479772	0.04223693064770887	0.007973349004048964	0.0040175053640258895	0.27208834311451235	0.010813413872936311	0.016019300937007378	0.018473562362197552
2.284254684888659	1.5040691403039428	0.005248036357357062	0.024838984456975775	0.24386406768391933	1.0529807031326572	0.6197704906775396	0.11003247530160716	0.053782733647884315	0.010704778288553653	0.003364204887687971	0.20484395122718996	0.01475743525369945	0.016635666753100836	0.01282114394799159
2.288536460544054	1.5056310232703767	0.009224065762921141	0.008906529083163762	0.17558914729372418	1.0867680146422154	0.6523768246677416	0.09960261329855266	0.05746840122712473	0.008053568088389619	0.0041870234135378695	0.1754192907881557	0.007591911076532945	0.024116130590900835	0.01625261476223952
2.315751107565937	1.6145328521911306	0.013414301603646078	0.007436774672238257	0.36877700427939025	1.0972761497253376	0.6557145668767321	0.11729033994790992	0.05144432465671816	0.008261373602936422	0.003980168044297386	0.18439612685183354	0.006353601459698936	0.02869407750338592	0.02083970742094494
2.25777638068421	1.5483357926039798	0.018159825676651187	0.011639183577839718	0.2610158210565814	1.0759048401704108	0.6473632795871893	0.11647615775362738	0.05212567320853858	0.008595746468387103	0.005497074206956155	0.23288958224187173	0.008088220480512205	0.029548945268440423	0.019519778380124062
2.182146087629622	1.2803384255101267	0.013133205066762974	0.020701554672884	0.19446734902586768	1.161308186037138	0.6351357412364805	0.0771200414947927	0.04009205189083336	0.007809862310172174	0.005575078557088388	0.2533514522260626	0.006152343141286665	0.038640758123163366	0.019974072566587592
2.2242912762685623	1.1527749014078312	0.01106182118282307	0.03160541022242608	0.08590627542544003	1.2033292749261568	0.6416333607191036	0.1498719488321957	0.06674194859769328	0.012739439898532497	0.003691813539331185	0.16765378021443622	0.009104458779518647	0.018589888978649365	0.017145882413224255
2.400028503411511	1.1398069664461983	0.015643544854239303	0.028151239793400833	0.10878642211245987	1.2323792134829572	0.6801958132292545	0.1365777589674929	0.03638126534234795	0.00791581660625985	0.0023084819201624166	0.19891133682687828	0.011711678036148417	0.026222701524092215	0.020889829139978982
2.2963049183296302	1.1497941646780379	0.014264130191105224	0.010701949751808985	0.10847318091079594	1.2001935461804218	0.6672056333990162	0.11258908978252752	0.031909273027964126	0.006950849253721626	0.004635846891654993	0.16854700096093694	0.015464000426573874	0.021459313998873113	0.015864231352254392
2.320260771941762	1.1645085586767394	0.01413763880323424	0.01644833226635117	0.2659285147670801	1.0995202960336292	0.7360115419357445	0.13210339424209183	0.03652689444030833	0.008057330716916798	0.002848405102726593	0.1567181531151954	0.011283226790072825	0.02928014724801484	0.018444424658919083
2.3495318008178447	1.3202446637802197	0.010797434567794759	0.007034460337305043	0.1694685107148037	1.1092825877815915	0.8063078962846002	0.14721939216519803	0.033397814440945535	0.006099028881113918	0.002445129218023208	0.17023265254993863	0.008556749394050378	0.03683449078231859	0.007845077862606038
2.399013520302143	1.0688110218924995	0.005421587198338916	0.011859178841947737	0.1285777086688458	1.284341513610849	0.8361153527956864	0.11424986798581635	0.02787665961004133	0.010229478187309142	0.00298371300630168	0.1644780529605681	0.012778661885941995	0.026714353821584387	0.018302686472328602
2.310352773371025	1.2572418369848737	0.006125273594393077	0.00834645842244497	0.21434425716499683	1.2657490331197574	0.8218774533161475	0.16904098480060772	0.024488548469921604	0.00946295545564683	0.006077950077903875	0.13572369090292832	0.02154174650403412	0.013641572032893994	0.009082079728870731
2.304064814335582	1.300602544638214	0.011943457745886382	0.009958777054489797	0.2971904526416516	1.1559491095734182	0.745358750031795	0.11117590059933694	0.029703893060763355	0.012694159926662542	0.002527957116957483	0.1250972127221972	0.005981262864988703	0.04061162838884357	0.014643194111818993
2.3147375311055725	1.250299088731169	0.013110590439240514	0.004964802979236082	0.39388934332256	1.0931724619730103	0.637848383351496	0.10118768425484101	0.02477049841021297	0.017007335290008804	0.0015591712669309416	0.13670644580555041	0.0062733491094611096	0.02544943733864122	0.01681863336275964
2.192817107748422	1.1842367285468125	0.014440852169270936	0.03656678142749981	0.1401841598981012	1.156940987526389	0.6414862944893207	0.11350328275774176	0.03119724540926561	0.008718901909590583	0.0021033562721468873	0.1807252523592742	0.008422105022697328	0.026072843336855996	0.01540256818041521
1.964390841268534	1.3219233970130282	0.007442986693859732	0.03424222171051806	0.12109746275214689	1.0141592069084655	0.7064454078000054	0.10621360096470212	0.03213338271188531	0.008651785598976319	0.0015432522210385641	0.10732007888189692	0.018743603864004463	0.02513854148555177	0.01790881048730474
2.0032893069684694	1.1242459401429965	0.005217755083324732	0.04717255906436202	0.10458090144834191	1.0464362330573882	0.7628030693973392	0.06814860898920205	0.03351430137618942	0.007734074416773227	0.001874971958921878	0.11159524036625759	0.015862482347883778	0.030463694325169068	0.0322030972521845
2.1397464610689703	1.2544150760714823	0.0056674639582397135	0.046337816796015355	0.1858267572918521	1.0275738255663065	0.8011971354189052	0.06413364425810844	0.03486558239189198	0.005358912175789692	0.004434700312100369	0.14881311174259856	0.009210495985758804	0.021022981325679195	0.01327891740120124
2.1498765745521657	1.1218103577947651	0.004913581351792059	0.005121585003706517	0.08825212423851776	0.8429024182348923	0.7601621282330602	0.055707121198358495	0.03680764365018056	0.005158575994954865	0.005072460885559347	0.10475409169171251	0.015924711495248243	0.024895309912252833	0.02014324699302097
2.1168391615310993	1.0428937341197673	0.006064979181321298	0.005390779446972646	0.07385922898311789	1.010332363195561	0.7214405732655705	0.10613737138278007	0.037731777724214856	0.0051598785528491325	0.006506431082917135	0.13883088694297102	0.010013845540053459	0.020656801534145106	0.018119064000101926
2.085158320089204	1.126186507782612	0.006216873428864484	0.006782623965606336	0.039776354111836665	1.0251071381152095	0.6891350208751041	0.11849782218028276	0.029575491745529904	0.004702937857088591	0.005346483202935071	0.1255327585591195	0.007649683884704718	0.02066023452100016	0.015666627800077035
2.053046615897291	0.9870688309660962	0.0043039202846670245	0.003598582721578227	0.13044883293187476	1.1493775125506285	0.6724456416426433	0.1197193868637434	0.030881294130737303	0.007316377738255855	0.014224103968073106	0.1720870974060943	0.00718182693019519	0.014295072422586779	0.010313071652439066
2.03275850643584	1.3503130033654898	0.004681905549179956	0.012245420493301094	0.3398229619194184	1.0539785706118294	0.6605509658054468	0.07219070642565878	0.03815027872126168	0.0057404201832084905	0.010480553939510959	0.15734391593593192	0.008144845692958121	0.015400161027104186	0.009071772716995009
2.048152599942289	1.1754159491331129	0.00639828076420981	0.021817797266397244	0.15269825152509894	1.1185349750551312	0.688476989656443	0.09092461373432606	0.040460030483017134	0.008992105735887925	0.013040106767847044	0.2180284918829859	0.004043230813026385	0.01815368296857245	0.023037569199270594
1.9890390518973133	1.52797002065131	0.013077326717772718	0.008195692232834539	0.28386940529891885	0.9675350326183447	0.7935282456270052	0.07542957435385168	0.04082245970520935	0.00799848333859978	0.01451699872722001	0.12958354586497758	0.003873539481426857	0.033415406122740174	0.02597827115488038
2.0118756808653124	1.060055587767255	0.010073112196564683	0.02023858012877394	0.22607526349870402	0.9500051641685147	0.7661330628665892	0.04713654202155076	0.03388419722552306	0.005807770255001693	0.011501073482571665	0.13566492215123968	0.005673561249655744	0.03297728465237569	0.022853224420886387
2.103888783705781	1.0737324986197208	0.008641757719845763	0.03387448218515987	0.17450331128896715	0.9079553651642661	0.7495967230335577	0.03641208901281512	0.042378406489345655	0.004923200672005584	0.008837636329094027	0.15325184477936535	0.0026460784373584694	0.035212400117387126	0.03825279931157973
2.123558394816308	1.0253255511068042	0.00848449197143199	0.018148318934288372	0.11900939128367258	1.0164597824234374	0.7686458665380617	0.03764119278709156	0.030934406013894817	0.006966678434939281	0.00818074402883923	0.11979756462226931	0.007138514170337256	0.04686246113510084	0.04635304270500841
2.2036438429754415	0.8703515341897792	0.009053731594680274	0.05985785662266681	0.14075715523282104	1.1261282600997957	0.6653134877125109	0.049870284905290226	0.027577952204045412	0.007633602549030438	0.011422058062835689	0.21893411947273655	0.010749395989492884	0.05485610192227525	0.062157654956747015
1.961525148602103	0.9669157658189922	0.009034208809980671	0.04733550719664578	0.11084186877706764	1.1212509113269231	0.7020781145519914	0.021972159183628714	0.028940672117350352	0.007404153466994148	0.005013461122131128	0.24547428438989322	0.011463995929277966	0.027855639126511497	0.035714316417841424
1.9758513632895522	1.2563221100914874	0.0036249861172927803	0.06001838578016222	0.10607766729749182	0.973331071390589	0.6783337213298091	0.015590623363066729	0.025652603584681435	0.005458416629615427	0.0037640316951823675	0.1711896696717912	0.009587229808805255	0.03155641060470089	0.02925086156830348
1.9460995369411702	1.0007258620881767	0.006391165534801073	0.05868975823915237	0.13418608666651907	0.9990846665481381	0.6516592779195609	0.029293559153813924	0.02273816602375878	0.006708555030726573	0.003484480809899211	0.21917704415071534	0.00755458419748249	0.036177184256535155	0.023143485447560036
2.087298288036669	1.1708644456911386	0.003486952618603043	0.03266325352610574	0.3062332851331633	1.1163476288902128	0.6710780746837343	0.0458160674717528	0.020645973385153105	0.009000940032116949	0.007662622002761603	0.22283725487309738	0.003979643989688401	0.03257119365972155	0.05400848783334861
2.121128196834054	1.0119710981096741	0.002929853576476143	0.012694017320160478	0.20920041642346393	0.9887541709143699	0.7424747276620577	0.05021776636269569	0.019367345473702807	0.005945983094072061	0.003859813086007495	0.13915386588853396	0.0020574869329055287	0.056732413268975414	0.0358128997141455
2.1958273447229524	1.0275142535922188	0.0074965716991193115	0.010723886235656219	0.34382232971573745	1.1245188716624042	0.7633176441814298	0.028624061794603826	0.022825511484995818	0.0048388118023022396	0.005649333786902404	0.2762546961403081	0.0062087337716030784	0.03331922251435693	0.023168586743815858
2.267081835774981	1.466872933733465	0.013500404347094971	0.011847500689289027	0.32526724622610714	1.0282194259260709	0.8139932046776656	0.020020998317041266	0.02395474834428781	0.010047672957733188	0.005133849690600265	0.1517018398477299	0.009013331975606833	0.01829124802343299	0.012583879881759541
2.306624750455171	1.1219596987888052	0.0067563591865872595	0.038321923993720045	0.1496297584497681	1.1294669471657444	0.758258562321885	0.047186963161256784	0.029379872862561395	0.007422238650627667	0.004302000724099321	0.21583635113925617	0.008599221901261377	0.019820462685618375	0.024785498686301134
2.2482562136784847	1.4435386714016123	0.007901176463610065	0.03254591087236123	0.2871655481735082	1.1230785281795825	0.701691721066573	0.03737704692407725	0.02459666067423892	0.00604765239485949	0.005417513357813655	0.17901519986354805	0.004489950010876089	0.029567660817966163	0.06092605511365376
2.1326644710722955	1.4289816956830255	0.004770658965686318	0.02570893427970453	0.5191634806403251	1.00667857077762	0.6127788536499543	0.0356868712780545	0.02746139165832272	0.006573301630842479	0.00748067041909103	0.22232933737963437	0.0062183303466064556	0.03075338597090421	0.03039283455024566
2.0781641540533227	1.2160003096729657	0.005326190945565603	0.013451598907904804	0.3159116340599786	1.0932226208206552	0.6793715710503587	0.08545367976045355	0.02259606284397307	0.009295239185608194	0.008587329055806907	0.26078613576706905	0.00499964399854221	0.03357788565726793	0.026655213134517266
2.0151943457263175	1.1601924299515245	0.004892812629976092	0.015412313517359486	0.3176821907333298	1.0279924446291038	0.6606937491223109	0.07580756545713309	0.02612457298368092	0.010137565843957252	0.01049675332991474	0.24202191486427235	0.003871879527988934	0.0535274612713944	0.036539399789353326
2.145909850125149	1.021756473531003	0.00591824794126763	0.009694748962098737	0.32815897533242755	0.927706704152443	0.6789956213371561	0.07681322999551655	0.01783717711958983	0.01170812299598556	0.013747938029599614	0.324739293541781	0.004391164722215243	0.024363295335667168	0.02914591932348205
2.2867880299324934	1.2804207640698801	0.0024703636758431594	0.023293367022265626	0.37361344403124624	1.0278656863903066	0.6974896358360914	0.04874392231135699	0.020181825378292276	0.010004562069099747	0.010589650679620225	0.21359257837792034	0.007372197173726395	0.03613344462928385	0.036297812473868034
2.320478785726766	1.0646396589708664	0.00980528563356251	0.01753174218918282	0.36206465340850535	1.0560045984126025	0.6876410955146227	0.043587421535622575	0.020101432956321892	0.009231545840704864	0.011858062178496743	0.24188774572118266	0.0061751104895182264	0.03352078950905259	0.04933126253537523
2.090410190459863	1.7272718676928713	0.00413993814385714	0.015427114770649668	0.39210396001230713	0.999118513343722	0.6434863469276325	0.03703086777243779	0.029900043664866857	0.01709701885364808	0.011474626434734745	0.13198758688533654	0.008386658429553965	0.06483073218188297	0.03326935963013175
2.126135989560034	1.0755146346220807	0.011206569311096272	0.014467697327979534	0.21641217481595793	0.9568950849270627	0.6367662611279321	0.029536352130283397	0.02350099890066258	0.012352351545485366	0.004534506406252227	0.1908867180577191	0.008420078223229906	0.04150682923931881	0.019491548416119945
2.1987258837531503	0.9372375576062018	0.010909366040834926	0.04225070144701367	0.21721800130672472	0.8729433174817786	0.6296383067622334	0.0314279490721962	0.024270799144788746	0.008774436279575326	0.004649356255980159	0.21661668944062332	0.00912494927856845	0.04830410787248339	0.02339193011917889
2.0943757365165103	1.1226380857983498	0.003625333132531504	0.03605180121526823	0.24828123651039422	0.863571583017783	0.6162108561168812	0.03089876766734328	0.027050735473924854	0.010496073818961952	0.005119873799763296	0.31256542659268766	0.008827439763236931	0.03927564907126492	0.029112557642464718
2.0733103051376465	1.0993803176931602	0.004779909850285932	0.04200393144464092	0.27008255541187853	0.9145467718501072	0.6121195292112608	0.030608278747789798	0.02319493734206601	0.013436890999532635	0.003882448519674896	0.22496749272568442	0.009375017050459502	0.025861632729916068	0.014305882466931848
2.0370275047029267	1.341667154728359	0.007426679364331096	0.03780392927373159	0.3773315125633521	0.9901038359272567	0.6321061410746839	0.0452814147599144	0.03127946771234397	0.011640700352316154	0.003847626999206642	0.24520124256019726	0.008758214000805235	0.03768386740349276	0.03403267079145163
2.170579813660328	1.4535133775880966	0.008292052201451615	0.017110017117795116	0.43767845515185355	1.0065160546889615	0.6381117441122579	0.048370355806998985	0.03292280490531948	0.013531510921058358	0.0029877815987159654	0.3382435999421068	0.007396456493185007	0.02532074662032376	0.030371157692553795
2.0650428412038715	1.9429466861976068	0.008165512269281708	0.05052425582443775	0.48977760115109953	0.947347380286279	0.5839726259042647	0.040076608384376836	0.03239703611349739	0.014492220647022293	0.0029332550564195657	0.25664536759071144	0.008324211624740932	0.031364911538293044	0.01630005207887044
1.9440382557641984	1.3659827827685664	0.00815336608963793	0.010685298611038788	0.24154633572719328	0.9515157660333002	0.6176866142133943	0.04215620240765019	0.02386867614190453	0.015271387240200303	0.003726968782774727	0.21193954084092592	0.008404049490128218	0.024999469747535873	0.019025165606004684
2.134035366821181	1.1895813486685833	0.008984816057914935	0.028007851526291073	0.3702430643743394	0.9560215820230819	0.589988799354682	0.05455774486347785	0.026182661358556295	0.013421103726493678	0.0030412144023084326	0.2298340606227869	0.005192134781227967	0.018805640388278103	0.020458805305635677
2.0565492395592244	1.2982271621892447	0.006675642548676262	0.03592563103395423	0.30352510263767707	1.01122435442256	0.6043343240696493	0.0830466467982992	0.031003100743192555	0.013564677199076473	0.004327798767715746	0.2145860045821724	0.009286511368539724	0.0364500850102806	0.053579887126685495
2.175490677612013	1.6561299654780552	0.007420007853499894	0.021761637577992217	0.1825074583692878	0.9797252899188461	0.6074042913701637	0.05808487828762367	0.032159103487848506	0.009505113005619526	0.005010701854311416	0.21088945742019058	0.005715945932282884	0.03408936766427034	0.0257489546887383
2.1875228558086284	1.7526502863926798	0.009694055645850987	0.026498640038409155	0.27177835927202004	1.0219623929485826	0.5987205464675432	0.049352447573966216	0.03795697035610739	0.011020133426083186	0.0036782590910294202	0.22488281710967917	0.009538662767310899	0.054154153965097734	0.028509748216907965
2.189884751865791	1.568683716942127	0.010456338672193902	0.018479201957921278	0.17916377138692	1.0483652013854325	0.6544887592543117	0.0316653451176196	0.043308528346785696	0.010315780928229629	0.007888697497390147	0.19848290867993573	0.00797223207427383	0.03770735906321953	0.03791284686652927
2.2072122840062893	1.248964792179994	0.005524407649330488	0.018872660218956214	0.17477221985115668	1.0132606835956988	0.5723125801474058	0.019740824654732432	0.03826892820861281	0.008178667718663187	0.003748251732420787	0.16913671165716038	0.005806936670113027	0.029586647493159497	0.03305516910758179
2.298686943201945	1.4903769700337497	0.006728374031606235	0.01032157961476005	0.4637585822909369	1.1447741292868556	0.6417170467298946	0.05652585272155753	0.0450555431096103	0.014309613809642602	0.008578862064584782	0.3072435569649159	0.007263979437034265	0.028729574878777284	0.015181696644139923
2.2818741265357807	1.3746991671765567	0.015071104746149972	0.04353852474300457	0.24188955150227848	1.1286723934085718	0.6905837785515748	0.08586742057966128	0.04249590827781925	0.01442155018146681	0.0035491799757382076	0.28280609341349094	0.004332913975072086	0.0330280015125318	0.022825432665911628
2.175923622451333	1.7150078830162128	0.008498146948457127	0.01341383653071869	0.40145207982067527	1.0798394604937898	0.6254269543886692	0.06646905269462802	0.043197423424402026	0.0112295875026281	0.006116663635098356	0.28250821411427723	0.0034362166449539776	0.021472862273217423	0.01315904415596554
2.1851905534950964	2.0804377011286044	0.01136609988992457	0.014662890166881076	0.5046366960477514	1.1245538994273174	0.6700089237449405	0.06443155605562545	0.04979482554974818	0.010774236040264359	0.0026112336431059298	0.1602815142061865	0.0085273768736964	0.03795668563876084	0.04098288551362338
2.232205073008144	1.547729412690974	0.010138049900803052	0.033864857859567755	0.34962248457774336	0.9872061047939229	0.6309906610040259	0.035276827971267286	0.04586166380272086	0.008485293310206673	0.006340145795754235	0.15998063039651725	0.009925937708870564	0.025134599658358736	0.021919188705805434
2.3842263067180727	1.0557014201780932	0.012174275335754743	0.049781056443604185	0.21725733483089243	1.1359539130514642	0.6851134898639125	0.041376285600839696	0.03892204407543694	0.009119586353441353	0.004369050892374677	0.2497661268450879	0.004737604135161686	0.03232119683089858	0.03481304441706815
2.47610282198273	1.0010679334919041	0.013016938132926885	0.06386867115590002	0.217466048947146	1.0595022602129376	0.6397558061682957	0.026708633255393147	0.03854114199517199	0.007187467969758136	0.002453836552351248	0.2044329340115154	0.005240221013769063	0.039839699039473445	0.028253180153621545
2.355275009170461	1.1423025063462315	0.016913777909746016	0.026148919834738295	0.2586091450329851	1.0510184892614343	0.5862704948128374	0.059453357233065766	0.04192113623024783	0.0129807456730956	0.002718999403168696	0.20858797612779226	0.00330864750973759	0.03966996159142059	0.024642535601816406
2.4005985438436905	0.889541379811752	0.009732447197228329	0.06369366899218942	0.29209027742979327	1.0536997036015743	0.5979331826567427	0.05192307875818886	0.03988480443248959	0.014419633529203979	0.006210311206647396	0.29749146823455225	0.004048009487933827	0.02273540670330146	0.02094838399375413
2.430301939279309	1.101618261711587	0.01442869133915487	0.08552014321882508	0.21799223472106422	1.118852117326043	0.6259344203950217	0.05177328060732307	0.03066812829454595	0.01276497569423218	0.008232978376326363	0.2199471491246773	0.007590944960766965	0.04461917644411333	0.055287880253571016
2.4745733580501854	0.9020530760915669	0.010382181527666581	0.07834722392418489	0.41512653027493496	1.1639148806254842	0.6741931778037918	0.04893112408869408	0.02249400382781268	0.012537469056705962	0.008215574229082787	0.3677663220077943	0.00676970717205923	0.023791529326764697	0.01430342678076812
2.6263004202281985	1.1177636052718087	0.01846506183938998	0.09885106082412688	0.24373992788196558	1.1718447626463178	0.7029793124658796	0.052343836350814285	0.026871336880879844	0.02540196422923257	0.006359713259242837	0.31128452030339343	0.007841832076687252	0.035199975094392336	0.03516191924127795
2.547388961220356	1.4624873391876898	0.01737019782579332	0.06377859054788104	0.24899842097482908	1.0398947357736983	0.7007331817173904	0.033517132184008855	0.03704238451159565	0.01314712163559523	0.007287419265770331	0.22500650425764196	0.009238211562858693	0.03828745288976138	0.0483612681607343
2.5083724228463513	1.7955770542482747	0.01644734798841636	0.03581157670647092	0.20043369876949768	1.0617821704907027	0.6529738142747697	0.03621406233345039	0.03196047675293002	0.011441267696146626	0.0122840128850456	0.15594857428153128	0.003638937487539147	0.032066607979888535	0.03070903541517821
2.4192634227252894	1.515380498396472	0.019941864103682788	0.0625501001222488	0.3791654346303413	1.039261209305163	0.623591168524788	0.03535774459133087	0.02716216449236715	0.010750221981765446	0.005437690275064025	0.2150143156259941	0.006520445165321538	0.048346406912986827	0.04542248572819613
2.361448783363265	1.6818676736130396	0.008924345799649713	0.04672094074762026	0.385147416334009	0.9677687692752613	0.5996532464919453	0.033590312367891145	0.02843760957375089	0.012698231342420837	0.00637002552045626	0.17434833428687546	0.006932776454079769	0.02510423797882452	0.023282241995065626
2.391112924219777	1.4430773901511789	0.007988820318404696	0.02636224845680684	0.2988086232881911	0.9550319708378653	0.6002837864275306	0.03757062445547189	0.0224377486168845	0.012594840953916839	0.003970842081561312	0.23233939790181837	0.005802954922786878	0.011071517688862012	0.021118951511115244
2.3439435818838668	1.2430812423565722	0.008685649891197944	0.09872459298858982	0.23507293678139674	0.9238270232057884	0.5684911402306811	0.015035859488515895	0.027593151864858907	0.014918212879478001	0.005933015010332104	0.1784319048139573	0.008367158218518007	0.021442846571382682	0.048574483262341685
2.506023701142339	1.1982786569295314	0.015155659720384239	0.04580382593247507	0.29411184092490533	0.9326004717998552	0.5914670014361756	0.011641919211983485	0.023945568885427117	0.013367047663016947	0.006091797055991069	0.19895112743694604	0.006034364753454404	0.02196131285517091	0.021118537512675273
2.4615017474164356	1.0536328741512329	0.012047807096329827	0.0504770867074163	0.17383011139710144	1.0214175230673623	0.6503768468869446	0.02073591385142895	0.019449621421822633	0.009175752234450059	0.00392302653566227	0.2381637591518985	0.006640053294401892	0.024915057438105917	0.022213626439483686
2.4974680412863766	0.9947453334363956	0.009512164339161197	0.06686993889918343	0.18095994056872908	0.9687941611661447	0.6229668343830096	0.012665788567291938	0.009653214826271635	0.010291294270463356	0.006900118554051024	0.2633465883912435	0.007477088654206365	0.024352943719626836	0.025707380922858413
2.667958161115795	0.9795189377123193	0.009495210806487263	0.042496012066622915	0.11053114092572247	0.9745625145265487	0.6612537324484062	0.032994424404047804	0.01736736101688734	0.011966420047550368	0.008898573564848739	0.22115949825805845	0.0034394942732977113	0.023581517265438237	0.010216249637350428
2.580070250469391	1.1033351836186407	0.008539723763843229	0.03979721360335616	0.23046091251216816	1.030991502099653	0.6258490806000051	0.027945580197397634	0.01945870369139217	0.010762793303144658	0.011521999362560442	0.22952527878409057	0.00577148716496423	0.02889984478249025	0.023672687094527137
2.548884846249341	1.1137440107531822	0.0046032149711732985	0.0959314821597358	0.18129996356914252	1.0618798355640988	0.6543845023565201	0.03409202913478721	0.01446284146036056	0.009184687180535701	0.010854367466825532	0.2630971418715157	0.012516009877466166	0.02921595722624683	0.026862931150418934
2.4904805278806386	1.3050248211047466	0.0052833656374568945	0.04993547673412761	0.48911756555670405	1.0067053634658831	0.6921836506489639	0.037293995555773	0.02191563590863136	0.012723398455041102	0.011562418620149827	0.24375370298382582	0.008225140444510221	0.019402444046639926	0.021236102369501894
2.637811304431781	1.4623921947264844	0.004053868242064748	0.09673863664068161	0.39543048405712267	1.0421742403471725	0.6242867410436623	0.027215925766233114	0.02378829959479353	0.01946399758202758	0.010940842767999073	0.22334864042001595	0.00596101670462132	0.027645462356297695	0.022775290938813458
2.564894205135447	1.4843917836005356	0.010707085361965267	0.053863116459596454	0.23085770163962027	0.9477653884136268	0.6412979220845052	0.023339650502247237	0.024696565997343732	0.01481907375089827	0.005671657258907595	0.15803084278582086	0.008945139586911751	0.03691179367449549	0.01645816927887789
2.708946475209253	0.8547860923576603	0.006059038167055527	0.13565661736493864	0.230447258890243	0.9815460633295435	0.6044526369849675	0.022498700332326243	0.019491907351650736	0.009501193400583634	0.011004710665703748	0.24350800404665282	0.007572522147298907	0.028968939398406748	0.020945227127357444
2.756633043138439	0.7907205524914735	0.003643399998708722	0.0817421684451599	0.10951965307025704	1.0407617914760152	0.6207208924709664	0.033548020851146054	0.018271808650018588	0.00854640512718102	0.009314992763789196	0.24462396656894297	0.009466283016669462	0.01951797065829834	0.015648480038321866
2.5098545505246754	1.0056776963751617	0.0068855251035933795	0.09463627506944876	0.27850873763692485	1.1159223871495245	0.6467365410030824	0.03514845004269354	0.028271728767175035	0.018486738254928404	0.004073579394181231	0.3627670753067679	0.005286377535879529	0.01722441454614315	0.011047117831797843
2.524446267596304	0.85465114506113	0.005107042577897374	0.07034015115367404	0.22083687972904234	1.2056689153168354	0.6880766547549657	0.03155278194402896	0.0232275027070569	0.021650237058167987	0.009808530272313602	0.3224672095074234	0.010315151871012975	0.03991359877610662	0.017314862781834712
2.5734809829770557	1.1196198602294227	0.004619625279075371	0.03944614981178397	0.37696807935907845	1.09415003164271	0.7161439543123466	0.023665253236657486	0.023222656391534452	0.017768610476594907	0.009257899013252928	0.24911520672473686	0.008288777155025826	0.031915253611265626	0.022076271648834602
3.017707149038703	0.4177091598690196	0.01937218092394464	0.06354185459203582	0.016612660970668137	1.1857379404654134	0.5981181940886664	0.18899229605629983	0.12366450012726088	0.05030492386802466	0.055559675754336825	0.08674482887861533	0.01133995006100741	0.05082976285536693	0.023130923399835867
2.800958649505313	0.881572030754587	0.012658951651404987	0.05007471254747784	0.08127614144480602	1.0734492253006604	0.6220428566153834	0.05945550007396012	0.10376785561335561	0.04168775112327265	0.033217218456156314	0.08955137733486916	0.008150215021040406	0.0242359359438949	0.012805714447056372
3.0456731916016424	0.856635335255797	0.007919862336075957	0.10984356165100889	0.07369772446306215	1.1104679921766891	0.633051994053119	0.059516515228595156	0.07417068750196126	0.012931834409467071	0.021956302185252664	0.1843399439090389	0.014121837848094327	0.030917643680066807	0.007380933308240947
2.992374057085505	0.9060812479848402	0.009636900231564164	0.11850209005165119	0.16902846941505262	1.0454088317280752	0.6499697534747447	0.03233110106494562	0.05967962012125949	0.007525329601540534	0.010769443936198405	0.18528973018991451	0.012538256188672551	0.022645551826660247	0.0183533115679539
2.8450244039168697	1.244386308969272	0.008277943509444349	0.05649548203007389	0.28153833461641425	1.0746354193894254	0.6582050632073366	0.03367049385603337	0.06376484480313485	0.0115368346139109	0.01371774873190309	0.16411356262699378	0.013655185709216701	0.02746971791619639	0.006452840267283321
2.828822362805793	1.0799631137290162	0.007473810105548106	0.08136265656877452	0.21801147870523005	0.9863578043376712	0.639660513395636	0.017936751969925505	0.044835887049510914	0.006686623071322505	0.01190141006921434	0.18902987202605667	0.009005525212496424	0.021003699033348068	0.008982341365059007
2.8736058173995476	0.789069142897477	0.0066352860749208705	0.06636513283208752	0.2225793583875851	0.9864235408287826	0.6114393475580076	0.015194762055927439	0.030448533426737028	0.008696152456869884	0.009359599661515658	0.22404431812604186	0.00856643967203971	0.016116519912810455	0.018134704371419213
2.7860123491730886	0.833135046157333	0.007775298570199334	0.06154649045555652	0.25924443900504773	0.9882257225107138	0.5774492267503324	0.008184097733466823	0.030784833450355896	0.009537158311877477	0.008228097264797174	0.21711677697713488	0.009108436614794244	0.02491754671619527	0.01009402831890055
2.9325495654627587	0.7780866260677924	0.005427166479434833	0.07647252084099905	0.1574015121022778	1.0643256929504632	0.5402966628781417	0.017748795648722594	0.038583811963178505	0.00935253173179094	0.007659106409890144	0.28693115000196456	0.007469622834552439	0.018857520214170972	0.020978890736081775
2.9359812122696707	0.6180257035857273	0.006520300230255333	0.06856741772327389	0.11133597855978299	1.0161463282084673	0.5983396305481408	0.024426057179928334	0.031320946149067844	0.009297384320312765	0.01116096293005827	0.24569646756111563	0.006723487293819539	0.03492584466099111	0.024224874975941914
2.7780742850815945	0.7312106651821707	0.004625830057218038	0.17821234221745486	0.1208995869908091	0.9814613509490301	0.5591239541599781	0.016318306601528883	0.032987472046735675	0.009701801336722346	0.008589109305491407	0.2653502947675532	0.007806452913067427	0.03614809324147236	0.0241473074719572
2.7608450238995985	0.653329840064914	0.005259290237307058	0.1334483219733418	0.16123971915462942	0.9990705853423681	0.5516091427238065	0.011283639823193912	0.03087633531087618	0.011732845996032555	0.008432839522707276	0.24584747887475583	0.005833612086659556	0.024509370070633908	0.019783293210401186
2.598867103600213	0.8500827376584924	0.005880415280527887	0.06597420583960208	0.14654640169136124	0.9700588321640935	0.548022054333363	0.009607586906360304	0.02924024148594359	0.008890149286128196	0.005041858725033161	0.2570596809124052	0.006932514993771045	0.03558581787399384	0.015168405041806186
2.5800131447887793	1.21693010972657	0.0058091544595459095	0.02611665888036101	0.3332105723751346	0.9596629742843169	0.523155396857636	0.006137716639575891	0.04164593521161099	0.009491323182674009	0.006126449661046292	0.2802304230803261	0.009126115533418879	0.032104880770691	0.022755699667668106
2.5431460088263806	1.1993415994078376	0.005296760737336396	0.054480542690363204	0.42035105241042026	0.952820710855773	0.5251522593345365	0.009827548020140615	0.03994940721819614	0.01124284389654344	0.004322681048374289	0.284631281272232	0.006684478059583472	0.018773273915774862	0.015798724785118717
2.584356031645162	1.011966410261025	0.005724458584773396	0.08587672886198762	0.19768913031433835	1.0149060678733484	0.5707201406993233	0.014727613132986839	0.032806183332863545	0.009982495001640399	0.004030553456172573	0.34886415046871166	0.00646475535131581	0.025846814699148023	0.011540240865988963
2.821145050541475	0.7592816955113131	0.005001745624008149	0.0962961805263898	0.08586045048059453	1.0281129860564044	0.525336829228024	0.019293468246309772	0.027282415675480322	0.010548975610134048	0.005352620947334792	0.34216027939764476	0.007178610941747586	0.031907919218661596	0.01647365393558391
2.7551654675028443	1.03605249297614	0.004093467151591417	0.09073289976169065	0.19249588023047975	0.9949247269421188	0.5631735675451821	0.018792722825458526	0.025645792532893764	0.01018232399982036	0.0037194446908007644	0.34502602440397356	0.005398984328760569	0.03129472592848347	0.01610243829357843
2.6770886011595776	1.1599981764528542	0.006755085509811444	0.09803838590093644	0.14570657451696764	0.9759012765878502	0.549944239247766	0.011802972997378754	0.028166806489222873	0.012451059050547685	0.004033941988829486	0.2617651841652774	0.006396548045399638	0.03527839874889112	0.00703761463708589
2.787190311782633	1.0143776966040723	0.0057811003376644285	0.1251291062346318	0.16723064080343406	0.938800161447077	0.566641137244023	0.013382912232308296	0.027761372983472123	0.007847349580901426	0.003991917597545043	0.26732651469938673	0.008423164124941897	0.04046907608009886	0.014839235091124215
2.7134334444861192	1.626141310421787	0.005995821382953658	0.07082158786744992	0.20310452569083448	0.9505761752342529	0.5397266732461985	0.007091995172745342	0.02707896232785219	0.010918949787761768	0.004317249170131517	0.2663194043441005	0.005681529751837934	0.03577846617381626	0.012055241757643283
2.785805506555667	1.3589990381050572	0.0067776797975306795	0.1066624560121149	0.15902567467630732	1.0116207794417944	0.562879737432077	0.01025233313981711	0.02944057840907005	0.010496484355556451	0.003980227442149098	0.30403195687192985	0.011535149400717377	0.03930482714841724	0.017215464884193173
2.903938199793196	1.1581087923033861	0.005656305084012526	0.07683275143722179	0.06813863441336485	0.9796903895587717	0.6102888359671141	0.012851233465964071	0.019392974827796408	0.007907473227628614	0.00431156688070598	0.24476197638843883	0.006304753747578292	0.05411183181022128	0.012480032820980506
2.9680620850451795	0.8966377412007832	0.00435895602833531	0.13622226124049408	0.1715456934433745	0.970011934951593	0.584866598850081	0.010973833030263442	0.026064451783881913	0.009390345322212014	0.00433917528974939	0.3120964109257676	0.0069720438718381276	0.024543854935885585	0.00626836057034256
3.068644787472838	0.7311895668045051	0.00504935975804971	0.11285754367560973	0.11354313223740647	0.9251789965288624	0.6122455721855328	0.010897773707483613	0.018723256361035688	0.009570076675782373	0.0025680740051607096	0.25167172391450465	0.005753191139965208	0.05193798342204768	0.016819945253100866
3.011923322457181	0.9663458043270875	0.005691331393646432	0.08397133197165257	0.2743106469190423	0.9134360496534196	0.6224668346753248	0.01323777849717378	0.018278610737564583	0.008865665041588247	0.00463712446716341	0.2989908574481335	0.0074382443017129915	0.0323301772969995	0.014127391679603338
2.9896044163156006	0.9646902636736496	0.003355671684479159	0.091208149804256	0.15467055735982088	0.8748328389710642	0.5731733521532583	0.00725722954868235	0.012474173780314731	0.009742632901855428	0.00261548427660138	0.26021555055801404	0.004951740531894826	0.029982688410114016	0.013768325151239345
2.9553016369285485	1.3339303906042963	0.002947276855004103	0.06962166596200908	0.28730272291749775	0.8925810944510557	0.5763879177896971	0.008078804034287403	0.017085730752717836	0.012574816733386727	0.004295735035803589	0.29258538994316524	0.0052725180421953795	0.032274369580174184	0.011293644911508633
3.10401620982368	0.8621075447089216	0.0019692760085480805	0.11871855538231409	0.12258058136517888	0.873924711089447	0.51703084000613	0.008621560801006114	0.01530773207557375	0.014149144658526007	0.005599267535700348	0.2484053367590118	0.005479856380817482	0.025062114641689	0.012237451232894832
2.912090003758935	0.884679001027589	0.003459087402479099	0.14061920834551175	0.1501248944508395	0.8841003266499224	0.5546895503155078	0.0062764536469362645	0.017653106560182895	0.010139278076548245	0.003968933228218948	0.2864757227114815	0.004916636402988375	0.03730202651748533	0.01503804904228411
2.9827092600187584	0.751245994720312	0.003576880291103468	0.1408871384200029	0.1143206341787256	0.8633912290769967	0.5719045964390844	0.008210090769893342	0.017090896618701345	0.0109956158495024	0.005815401565250426	0.31593076074762105	0.004866015643901917	0.02675827528635101	0.013870298089419801
2.7225119794062462	1.3075593383297486	0.007898470622636296	0.06498417787221886	0.3007770153450207	0.8026090787589804	0.5936593880204003	0.0053634884749414	0.01821200205877244	0.0106536708828734	0.0059858070697551315	0.32317598357757166	0.006570996262050704	0.02734333414005078	0.008481783914125093
2.6803362571477876	1.1945209107572068	0.0025256465222949884	0.09927664914288022	0.18448292238071667	0.8337774943563817	0.5809750683529896	0.00881593513199058	0.02127003220905096	0.008146413995396007	0.003909262151623134	0.3326584900408112	0.005508293168468833	0.029034652516750737	0.016875033289788104
2.7105986486649445	1.1346310933624042	0.005282420076376469	0.09401267939529716	0.22894674374431784	0.8355922614812711	0.542632591132824	0.009994442131930034	0.024457572884472638	0.01008550751005233	0.0052952974370193626	0.30852679643524683	0.013434041868886762	0.04501169658081447	0.014440905274283274
2.6031173162994103	1.3001174690906114	0.003955942800509106	0.07087628647312982	0.35592407561040107	0.836634768545486	0.4952468827584741	0.01054627228339041	0.018707812965154783	0.01204152104291293	0.0060876151826772945	0.283348990961786	0.009539571465393665	0.024019118485277116	0.021750048726864785
2.4980663398104257	1.3373121257690839	0.005430121183664167	0.08202150085409812	0.3195240844280214	0.8119048101403352	0.5147963392888956	0.008546635817513653	0.026510098055488807	0.012394872968329973	0.0045464479951140445	0.3015338780651756	0.006661590769231565	0.04850481516965075	0.022563963879711157
2.56789953009106	1.21443435097926	0.005839585530228109	0.08658403980255204	0.2873744906165959	0.873308380528245	0.5197874100314994	0.013446401946562951	0.024923088505921034	0.012443550567375969	0.005052092689537611	0.28028445230364163	0.00881352268426548	0.03326087163870943	0.01260985373266781
2.5555861403013855	0.9640767508375498	0.00754685693192443	0.06686702501157307	0.1496921532800514	0.8734593508551656	0.5085819493545324	0.013043814002521257	0.02445104680258323	0.018076025848771864	0.0030388185561520515	0.3266847166228886	0.005522750087174192	0.02242901318860248	0.008241339995519006
2.5669029151175495	1.0060526931003317	0.004878380827460714	0.0795041881157192	0.19936396318206692	0.8690104704286674	0.5105290310750722	0.015196760542251626	0.025423715145896846	0.009959488371947682	0.002566555294710976	0.3475268750220928	0.009348818063211393	0.03238152125215812	0.012836019212657096
2.593799333804849	1.1903438057630031	0.009695923085507756	0.08645467587897585	0.3331189887784206	0.8961855669349903	0.5213178065053601	0.012409891309107976	0.034128097393021535	0.013055877493950652	0.002443258383454546	0.3793203845996004	0.004290507231766378	0.02087312037290235	0.012156090528432762
2.5056363547903038	1.0577621661677021	0.0058099791129935345	0.05277170331234313	0.2315652497679499	0.929578338473388	0.49712601197725814	0.012772436007541237	0.027397846010569424	0.009812220006572708	0.0020639817703737785	0.32243013737817877	0.0054139841826176755	0.01980554149381176	0.02653661876424133
2.7709672786871398	0.706063589349219	0.007249559955761572	0.12155119919019003	0.13198902293811238	0.9492559926773726	0.5692036784659269	0.02422272493773951	0.030757248873844525	0.009851449311585896	0.002182448417077975	0.35199564154098273	0.004212316565121642	0.029170201462664535	0.007389006961154293
2.7531438949887996	0.8395565549184957	0.005455706563241052	0.09079066394546104	0.1828719907086936	1.008560738681452	0.5682926533489914	0.023969217424343516	0.034554314236885646	0.010724950685254512	0.003540011194742266	0.3218341129771355	0.003190955425754471	0.03452256693142081	0.01362398618572016
2.682894440896977	0.8518583188485946	0.005456643872365654	0.10896698936911428	0.17748060546705455	0.9758088910571163	0.5969865345418452	0.02060669879538099	0.02816324358073578	0.010664903245580485	0.0051425210074391185	0.3911352265895859	0.004288808408507047	0.020043882218890488	0.010387197409965179
2.7416913837076615	0.824692965283684	0.008879863838763775	0.10024158964357227	0.20025935205011564	0.9167506779173894	0.6176280809140829	0.01940876202899762	0.027272677748505655	0.009989794773004702	0.0025549776930047503	0.3212217109654664	0.007964372807415306	0.032105168534917745	0.01634624678136216
2.689516588692024	0.7654069162922638	0.008564632441349527	0.08447809680242208	0.19339985292869258	0.9691629728212781	0.5913541025404728	0.015793958834668477	0.021689662481400803	0.008168642455872142	0.0038150706093301287	0.3585950285076983	0.006755919600955792	0.042530577973370114	0.022819060434533245
2.646281358336517	0.7716269958848421	0.007378402224715366	0.0833872820169131	0.18216284806271496	0.9135581403609955	0.5569194209026872	0.012517764430928589	0.022908900635092346	0.00890779519232067	0.002948967612275701	0.3313492992246086	0.008116905598557224	0.032097217599458196	0.01155272818663359
2.6600340993055593	0.748334922885301	0.006830368993796962	0.1442852739483276	0.08885090381649609	0.9440893610315181	0.5891595622449787	0.015648720008135646	0.023139585225090204	0.011769184764616913	0.00479590757626534	0.3182166405240146	0.005913139251999896	0.032307385931084454	0.02140707101730139
2.6544640185328947	0.8022916628942127	0.006772330912418031	0.0889160209054129	0.1385590597215485	0.9676458152020428	0.5727584531037105	0.013248860334621136	0.023158592852822322	0.00977340527685499	0.0032339730385105942	0.2897655458679492	0.009089197284111356	0.026723426206565856	0.019485795955306688
2.6672078475789394	0.7728268374642919	0.006680218866557461	0.11260691077230994	0.1647829322369806	0.9089833479901035	0.5414126082093212	0.008030217996820865	0.023461397595522036	0.009479696010177842	0.0032305971213886396	0.3162525194764789	0.005307373193533886	0.04090286991353132	0.02379508757363244
2.696516112886295	1.250491969557645	0.007984475647549519	0.09087504679145787	0.31305067212056414	0.9277338291918098	0.5105142252909108	0.005162279937973953	0.026884218765612103	0.007863169368603106	0.0036578891088391184	0.31515993488058375	0.007425656686792764	0.03608216929789639	0.02552941597646951
2.6898371938911025	1.2390647894988902	0.009097610662526488	0.101312684819797	0.3557547092053371	0.9454846305333139	0.5244791120424617	0.0055751528277309765	0.02671102413609851	0.01183309412323771	0.004947928445208382	0.31953494785789666	0.004602371756196447	0.044210467028499775	0.024794132811634194
2.710150614201976	1.2222873240408283	0.006478622069524848	0.08819845266743441	0.3142455153414786	0.976426480504325	0.574423538944553	0.007602979472896176	0.0271973689829635	0.008276348333040412	0.0045236784457536715	0.3023925594415884	0.006177650462703655	0.04599274719802513	0.025097323090918822
2.8436665797004554	1.1512976980405525	0.009715126420760235	0.07795432443830788	0.2322975160319347	0.9762539801235023	0.5616023375795005	0.010396036003467814	0.025141386174153547	0.009760915452201003	0.004950682127896083	0.3156300740315211	0.007928172071622797	0.04297846208840447	0.021849714008647186
2.98626663957402	1.0904501386803827	0.007436230853849112	0.13247677418360812	0.22807345698985768	0.9752478877544238	0.5559112282516542	0.012644964878677277	0.022934111341036918	0.006622410775420533	0.0032134219156682796	0.2827033655191595	0.0065748160512970125	0.03202192718317523	0.018492109798027595
2.9660625338861375	1.0498926245398605	0.008919833077844047	0.19400907093906156	0.20730261643596762	0.9445512699107921	0.5525837130583894	0.009997027736937582	0.018957045014885605	0.010632299153211209	0.003169122071468399	0.32468480196219174	0.006422631757652721	0.043341330696423756	0.018551210945645123
3.356463560272632	1.1905037058011083	0.004549341604254193	0.38338778878645	0.20071242259301808	0.9226680818235162	0.5571673619181292	0.010822458544796089	0.015030077663207101	0.009457667384770014	0.005705874069165474	0.34679265644787816	0.015316486378469097	0.06338288923323669	0.029636357256720196
3.3966849427089265	1.1439995503322884	0.005687889586459334	0.2807122054478292	0.21148198024590642	0.9861899448716833	0.5228945735846716	0.008058914796074824	0.01915819183820087	0.014196419123388178	0.0034871221720382895	0.3028706527934015	0.011021646800816595	0.0670918997660181	0.015380524877988598
3.2658911796756813	1.1791519554650234	0.007582980981707068	0.19227508077057515	0.20375662411828366	0.9825855236502947	0.5997971335312485	0.009803564106477798	0.02542922874892738	0.007438079194307978	0.004155966188834181	0.390904308395381	0.0039709120862646986	0.029476691823550043	0.009972984866934608
3.2955635021300496	1.1264082866506555	0.0053987718163922	0.22234135198314642	0.1808215534190703	0.9394627379722459	0.5396852187552836	0.007624822618452358	0.020387476241382065	0.007097200152154979	0.002548664295301317	0.3684075078412355	0.0019973120864467185	0.042289608723615334	0.01732165578978269
3.1570609730910153	1.0599161606015721	0.011140966133964874	0.3099772073656446	0.1623915605906231	0.9706013031278817	0.5433012874301961	0.020147767191692072	0.024925864061362737	0.01445456306843208	0.001960760226037461	0.31654885238165276	0.0031286199314071172	0.03997236824888112	0.02119980864219076
2.8288214000311984	1.1173837408963043	0.008562328163581013	0.12847391136230923	0.21404133575994835	0.9535710322761869	0.5171000842304296	0.014403399688856337	0.03137468333674418	0.010641953387592055	0.0028990443593470074	0.2947577475880828	0.0026191681937062566	0.049682654554699696	0.02329577057022925
2.8472781579170214	1.1620869037051673	0.007025273651132471	0.17707132371230858	0.24210235099897698	0.9301941071811629	0.530260203109425	0.010404444369502447	0.031430572799262015	0.010399902624237633	0.00308880721193612	0.3224156017676409	0.005713719741896432	0.05008091340439827	0.023527204869114846
2.7694540097512137	1.2884922974803623	0.011248592922244565	0.17421308274602676	0.1655794307236484	0.8990399539354718	0.5641240469529869	0.01032024969227487	0.03156468526050587	0.014330123536287931	0.002487662932258069	0.32150095855177413	0.008091130909190695	0.06685642848311177	0.03911577440664883
2.650448708841308	1.471595585635651	0.014136538121326642	0.06279622560670314	0.2863307708268542	0.9494724363016543	0.502723128904161	0.00643789308754424	0.026903881546925613	0.010024350277927386	0.003085750993070666	0.29464246997514876	0.00719467680732509	0.04374923924614982	0.016488146842014245
2.778772154293239	1.1236978030139035	0.010240672042984811	0.11305390834130354	0.2790854695195251	0.9476583658694873	0.5593368376763771	0.007629726600559955	0.02387200256103904	0.00957686969090596	0.001475405105405965	0.3206433279405886	0.006233679082376582	0.03987641018606836	0.012612261215424312
2.8671102181737282	1.0386394656008722	0.006777037106828037	0.11942373045418749	0.2718658365258973	0.9831859117960221	0.5298096087185148	0.008934549740237186	0.025474368723831055	0.008413362099495218	0.0015621683404979342	0.31994873540612406	0.007229494617385797	0.026414203352270234	0.01152540030767748
2.778296144269565	1.3025775926145862	0.008996986868160509	0.09062399491830089	0.21619162919324073	0.9166245249095037	0.541863082674269	0.00976428383944872	0.028686013602896143	0.01036102894570823	0.0019779600945061537	0.3162219520510584	0.007587752262324391	0.05376078060278114	0.02622607021415773
2.85313573729924	1.1087754495087059	0.00932334401805991	0.17696988480175865	0.23405069655933217	0.9545424746574509	0.5324780309280158	0.009152410465477037	0.02495579081584364	0.007649876501876152	0.0041245575185381396	0.3361107205936211	0.006335722561109112	0.04848204681237782	0.020917780874358947
2.900923813291527	0.936607943324531	0.007063177018679728	0.2758945905726684	0.1275584932592807	0.9461944336931423	0.5434155992669967	0.007611898539083308	0.024186484650276258	0.008755524303328339	0.004391468960756946	0.3420920195820984	0.006282872921158266	0.035122226751511165	0.0127923990191721
3.0538088995451482	0.9431842263372405	0.007532985610842416	0.138286080481614	0.13461453249822097	0.9609035377257269	0.5265941901288045	0.011460503076436002	0.020989103094504077	0.00914739378510719	0.0026051324637175297	0.3511710452311349	0.004864558042401924	0.026007661778863597	0.015036609450645298
3.101900218091104	1.0117533045570306	0.006630529671531563	0.28942155735144426	0.1667257924902654	0.9411945984713012	0.5391217479184574	0.012880357266895645	0.026112416213467368	0.007939264162575331	0.004112491984961562	0.3432822226995053	0.004769652682483753	0.031151479871708288	0.010588223301117326
3.1017268287507234	1.0210078529258435	0.007806747070463253	0.17186833446149546	0.1419461569111799	0.9646672099533056	0.5313553425070351	0.01414583187427008	0.025885188467606856	0.008147272330262042	0.0028809710329433516	0.2923815513840236	0.002675074694817421	0.032259702929356114	0.007027794111819092
3.1290668840524987	1.0137779452773896	0.004716872612121552	0.23175409976481096	0.13521287851365568	1.0000654694705398	0.55815940402974	0.011407292283911531	0.021221083356357574	0.007662446658258203	0.004800036362921442	0.3449799413556537	0.004956135966388896	0.02974818164830997	0.005375900042024468
3.0203941709156483	1.1150266735292658	0.0034202024970519476	0.1368513608833484	0.11801086616195966	0.9651156814844339	0.5473665139491812	0.009754832439922183	0.021087043919491903	0.007785804885456078	0.0026879540833344606	0.3643534403435297	0.005501423601698753	0.02526377558702165	0.01081159496274068
3.1187711343701316	1.0443960793817317	0.003215583948263218	0.18508305741608186	0.1145300530209449	0.9439303780857055	0.5603276424621295	0.011652893997331147	0.01820310016681415	0.009625330163813403	0.001566819293639069	0.3924074244901255	0.006623845754519446	0.03380924674997493	0.014610021640088651
3.180252071775714	1.2173647645268264	0.0031906477265730535	0.323250845879931	0.1459061963277984	0.9496439082652286	0.5515266383896503	0.014465364811929785	0.017706188395724836	0.007175379954888567	0.001895453972378726	0.402427231829398	0.004767536469120741	0.026394867418407512	0.01183396210051649
3.103922284112121	1.1397940473880388	0.0027260265948576153	0.2631727211287277	0.1946289466952233	0.9905342905951461	0.5660773002153129	0.015189768239877258	0.02184407343912069	0.008172293031158311	0.001994437847565587	0.36872600192407684	0.006572195655492886	0.02688526346859796	0.005621143480478706
3.092945779653917	1.1636325368456897	0.0038035166741630416	0.14733194011591338	0.202318388937277	1.0136259858119112	0.5557763005225939	0.01769810157614747	0.020733291551021146	0.008374105216833608	0.0021946172004933626	0.32917350113101795	0.004384307347717186	0.024364710194654252	0.0042061822843009865
2.998932371360324	1.0200782392710055	0.0027572936738904613	0.12795975482517927	0.13680634084069487	0.9953882463289729	0.5839594113784446	0.0140238192822565	0.01846758457640852	0.00921108121015794	0.002826416436715824	0.36092868236854153	0.0029720582160486534	0.0204299875441903	0.0032856151738599438
2.9457676087750806	1.1485865986343298	0.0025911624600567424	0.1394229814271271	0.18914624076336026	0.9501310761227669	0.5858507800808138	0.015037063340692158	0.022676890800911	0.008961594373819952	0.0013067428274564476	0.3605098788076301	0.0034953677909067616	0.030602324570370258	0.011366486905011079
2.9456096218534764	1.2794120185966775	0.0025683601539505043	0.10202976384539891	0.2088858592509882	0.9848865245144842	0.5581105072632375	0.013538329577374093	0.023663800423189045	0.008129980372645831	0.0018976174583131748	0.33113750010034926	0.005420574564406225	0.04471721634993081	0.011645817464329127
2.803531372189695	1.2415594536259165	0.0042795638169665145	0.14266602341621118	0.259053034329976	0.9417443211548598	0.5240145771297037	0.012365531476894644	0.02586911606325708	0.009915896099464593	0.0023126254063258783	0.3424431217766546	0.007341550836365526	0.04822295229807974	0.012357651987814047
2.7946031293451026	1.3387975881693792	0.0021909110570810745	0.09026111540536234	0.27339232823824516	0.9734784478164771	0.529578178682993	0.01095411771011749	0.032555449859606726	0.008344096207672888	0.003436216563324754	0.28686753506064017	0.005640585413133024	0.03308438495612311	0.006256289975333372
3.012510126524868	1.2466633185045894	0.003397466819068384	0.15695823826584882	0.30964544324397236	0.9714482515811542	0.5658502260524955	0.015611281661290747	0.03210335875074943	0.009582247509971548	0.0034336676191001553	0.3429535433333876	0.005076387649029661	0.03275454210618955	0.005634333468573421
3.067033721751686	1.127708762404346	0.0020272029528847378	0.16297640731538038	0.294391708375275	0.969145537971164	0.5726796384715528	0.014709518037563636	0.027835387160867482	0.012609959962323558	0.003204570421341737	0.3240641777463059	0.004010819201157484	0.016971259561002695	0.0068648278471964775
3.2311029803322104	1.2150476890239483	0.002846838681178827	0.18493888415488244	0.25975297726832675	0.9782535257220735	0.5501078000721129	0.020140527895128647	0.02898497016877072	0.00799566860342093	0.003037336600046736	0.3839215832217454	0.005197145983972211	0.0244016770632642	0.012200630138100353
3.1521188174751686	1.1875589414806969	0.0025589082850817797	0.12788244906911445	0.2638867575670281	0.9600318265178808	0.5175476961532629	0.01958118391689559	0.030528639973427325	0.01062010574068045	0.0031030940655557095	0.36163814434271296	0.0041943157763265695	0.030408207484323668	0.008850957073301606
3.165018738997428	1.2188579578395953	0.0028125422334576854	0.16880582563022753	0.2334331879076994	0.9560483065117386	0.5394182265806721	0.020866590286937	0.02567082287793421	0.006709470165162673	0.0027257111899170795	0.37680040741645765	0.007529664400447607	0.025011107737851295	0.008190364047520826
3.2230958465144273	1.2775203741471088	0.0028000772882586	0.19361581964804436	0.2339581980016142	0.9431525729284402	0.5163959175137616	0.019738808137226376	0.03240905718898264	0.009368168521581881	0.0024141614162560355	0.41338405889530144	0.004730527628982253	0.029796805451044118	0.006409203077452788
3.5559845409608317	1.4288511299046072	0.0030961857473684805	0.2306347137649136	0.2595970819116664	0.9600151035911348	0.5220944577829983	0.01910950654628767	0.023946318024002534	0.008475323723607646	0.0027307538109573237	0.4357006962760743	0.005553253472022437	0.024533495582847627	0.012280078960565897
3.466472850440337	1.1741116275254457	0.0026069049437220985	0.21519733524110596	0.22244299612224097	0.9712707471628101	0.4948863909484328	0.018344712633001237	0.02327316200750442	0.010810582406214714	0.0018964788648893217	0.43160460039286863	0.008308771823503806	0.03218189213854964	0.0068386988428553895
3.402424746894605	1.1278131835672407	0.0028841169720474607	0.2690903520205519	0.1810126147937213	0.9695631931892955	0.47170154204819126	0.01860969008548419	0.02054507865436783	0.009378693916843886	0.0039097502497007835	0.41927778845512015	0.011406312952125481	0.04993796043961336	0.015198551914214141
3.645866285150163	1.3533152083253983	0.0036241582504128204	0.35095997541394697	0.24587126718722316	0.9450628824879714	0.4446518927694759	0.016808111161790276	0.02104140831662165	0.009277958987824634	0.0030449799830423786	0.4280187565499406	0.010428030985833336	0.037051416324770825	0.006565368069681552
3.673163331010573	1.4066000241442884	0.0031931632579725896	0.3547794569656125	0.2459973555754051	0.9518149080163025	0.43912467709458053	0.017162568330337972	0.020208765088992515	0.01108003152820962	0.00286577393326877	0.41969404413453143	0.007684766443853708	0.03888795972053712	0.004989751810921228
3.6701712597688645	1.3617232743969765	0.002513469229332668	0.32680093571652763	0.26606166462687364	0.9225687204031456	0.41227180458738855	0.014897895865274883	0.02166854969425702	0.009724157610091816	0.0046299331682772326	0.43712264786721944	0.007443328801801876	0.05028393209167863	0.010873782840285598
3.561068095851557	1.1941193955334368	0.004768969509294172	0.22094929574751138	0.23508557694723545	0.9103572471893476	0.4377538614710117	0.016639246528230383	0.02312737178323368	0.011850197027770638	0.0036503898405958334	0.39502536174031044	0.0060362341497264705	0.026413722882426324	0.006430802208844802
3.0772893047240237	1.358085336773487	0.006883118178161606	0.1473431466060154	0.32276857188836255	0.9027867109542693	0.42647668102875097	0.011197695936698818	0.027638619846397434	0.014461715591537545	0.004711499195977434	0.3155563562903484	0.005892754867806243	0.06441479590910063	0.009127444581102687
3.201287523667342	1.2456335169493886	0.0054315575120406495	0.1725256032286988	0.2299337350601704	0.8954714451203646	0.46015790702378795	0.013720989277243705	0.021279870389217966	0.0115528763207037	0.0033507863387155046	0.3837044472529896	0.006090144414588959	0.04027533695049428	0.007573353465753125
3.2406197466652857	1.2291420584337502	0.004932746844647848	0.19072574954908558	0.22104943573685512	0.9212480197142849	0.44709735098603687	0.01083099569321009	0.021176921371110397	0.012029501160153677	0.003974553163880459	0.38676157805299616	0.006540922533689237	0.045813525275125284	0.009560058341952596
3.343589340885325	1.281090316479251	0.005099305728779655	0.2550167680287991	0.2348351216448421	0.9379611809508925	0.47265294855699097	0.013744173432080764	0.01841039253218568	0.008983676711195009	0.0038285464776023188	0.35515177883543264	0.00480138701550769	0.0422356153742856	0.010324757312758448
3.52634296073304	1.4519025540950814	0.00492851691970689	0.23369812106630836	0.296242188507301	0.9566187835378893	0.4796796602000098	0.017000003231522964	0.017604100388220627	0.010627817284240705	0.004770681720277168	0.3605797268008245	0.004084356988755102	0.03006979061867948	0.014720821384947382
3.7609460335243123	1.7232287369707209	0.0047514341376914794	0.4028345510274762	0.3848961308549635	0.9360376539346047	0.47383685546498877	0.017761876909955652	0.017956686863990354	0.008348480676907015	0.0021792034492557465	0.40023352782871613	0.004361512521694777	0.03807176801092748	0.007520818032750466
4.175407532190917	2.3963835167357823	0.006994678144008517	0.559449266485946	0.5686896513988084	0.9425529482505411	0.5163324580743452	0.01598280114922896	0.014750985378540984	0.007745482256991612	0.0025136439314359356	0.405851974655045	0.002852264016602601	0.0310114496968767	0.006525115341417811
4.2038727620137895	2.527352319645797	0.006272141270038515	0.5423595265387319	0.6360826851081615	0.9510289521205729	0.5115897916793909	0.019910745904074895	0.01423868603632096	0.007916066896515434	0.0014678239815013505	0.32905672611317893	0.0039141656631798685	0.03315826816631751	0.008487614289225955
4.1953602114997794	2.6955643080859524	0.013333205805090972	0.6356566845783286	0.6219369753868358	0.9803056621191082	0.5663675991721293	0.023662096309046993	0.01768346287932115	0.007959262821824456	0.0016991085706448208	0.46591218412684654	0.0042377290746870785	0.048871277869849114	0.014080425936109985
3.7274914363180187	2.1685105861035283	0.013471689409953446	0.40106676668018393	0.4550711616245552	0.9440016574735377	0.6683981712189906	0.020042066406499637	0.022377153486253243	0.007164172346788832	0.0019184788803902875	0.3934457866311075	0.004430542117796546	0.03370608626003769	0.019164495963072178
3.6361039146086136	2.0748792127081317	0.00922363630287854	0.31954902644339606	0.40591380913290226	0.9701138803436091	0.6358336457843544	0.020011896101707824	0.019015742052229074	0.006929991519151003	0.0020688807195708963	0.3693133633516694	0.006143423045876585	0.03250840063611812	0.017329560327307408
3.9578865574019093	2.352979871427932	0.008423861327851294	0.39874430304559394	0.45335142035114034	0.936777634131364	0.622855336190173	0.020349893982637746	0.01864972231268872	0.006515071571156168	0.0012542711492045395	0.4087545473184335	0.007554747862228974	0.05734612383938229	0.025264558028735503
4.213638905538526	2.7518733308701524	0.007226938895303007	0.46397175957897113	0.5886366183443094	0.9745492258720452	0.599636324112367	0.019893998420787037	0.015880867233523575	0.007823827609488129	0.0018713724857710118	0.3992942771931972	0.008873328751081553	0.04858576327363178	0.013509856938571119
4.497343456705026	3.164278801954564	0.003270976161870434	0.639645966557082	0.6413031165256047	0.9427881602396857	0.6140217525033426	0.016694717978643612	0.016375551308450656	0.007368981931890477	0.0004966525244866029	0.4089781514815307	0.006725331006103507	0.06547628324963282	0.011293722136553584
4.367666536677973	3.0142825386705145	0.0029973918961418186	0.5710498845950805	0.629802946866036	0.890788961351217	0.6065788170548687	0.013685752131258385	0.015545718186910291	0.0065547540379692	0.0008687241016358409	0.3916884550420222	0.007518767041201601	0.04304102818302243	0.009109591862696336
4.453756047603687	3.084767147242107	0.003995087370498739	0.7324472089880474	0.7104895757093459	0.9204133463284572	0.6172669273716789	0.015614446704969656	0.015374224730338773	0.004737813926143232	0.0014388204820985865	0.39485003592494416	0.009918417753913066	0.03776864011927751	0.022098703770945353
4.1627259372367025	2.7319451138056228	0.00195947621770612	0.5128761852002262	0.6241859270758763	0.8938070903564572	0.6200356662645586	0.01364898434200561	0.022489277407890165	0.006186058658168082	0.003237085372425941	0.40926649417132016	0.01131437623611625	0.05578721731055122	0.022530792889260385
4.228686678186284	3.1750219181862165	0.002710191334207794	0.6126056734778618	0.7272737984951682	0.8718305807481915	0.6302930398750041	0.01644426082486955	0.020597932990091772	0.007159608930609501	0.001823773014332363	0.3867266972310097	0.008844470566923049	0.07456135974471273	0.0177023487466794
4.234796677597837	3.1909135763310443	0.0031789409992775512	0.6430267002420076	0.7212305041010246	0.8470994365619511	0.6531942533336887	0.01646599544189211	0.025320924603125544	0.007197789936284032	0.001214590308498931	0.44185555724171005	0.008516190674069474	0.04613218046183768	0.017350981171922193
3.999074236151352	2.804637762043946	0.00288290672025586	0.4855435256250511	0.5374389565978795	0.8901957147574929	0.6213455821860481	0.017162320370840003	0.02310677855704583	0.006475032540555628	0.0015060444256848908	0.4459418855062435	0.006222141138504264	0.05400817408812164	0.01602168404366321
4.0977394173438935	3.001003661421513	0.0025141823734514796	0.5372897137142728	0.6340824588025414	0.8600688536889332	0.5644848742096688	0.017197691160895978	0.021109715509680656	0.00592003447402009	0.0015227270288337492	0.4365196213067233	0.0035360327596930963	0.03402962707271534	0.009995865652113894
4.004401660930842	2.882151972195191	0.00215860966164301	0.5434289597365095	0.6261495523164011	0.8734573892945423	0.5676022344923866	0.017257871533245716	0.021637196619745815	0.005908855245568267	0.001425875147664834	0.41968436303151535	0.00569642613450698	0.033710604369144574	0.011400073888296192
3.9680572758493287	2.768782357034403	0.0017554607965291243	0.5383027060978599	0.528044702357414	0.8629265595803626	0.5533051674651305	0.017678401449037977	0.023242788095897107	0.006920891977143021	0.0014795425390355642	0.43551579092816156	0.003859705660981452	0.024290261986101437	0.011686267123127309
3.9169543678318863	2.6764825289799887	0.002617085015226954	0.49903605581738536	0.5431840152947346	0.8611079390525762	0.5479324709170226	0.018613676810730766	0.02125411929873998	0.007739257624121502	0.0012598876140711985	0.4408437697837173	0.004541952494744856	0.021810797651191836	0.016220140202217546
3.9302801837954693	2.7543846210701157	0.002343886334123384	0.536925580822967	0.520637230548722	0.8398675575010373	0.5385378626550845	0.02027422778231931	0.020175145356412853	0.007955071451988857	0.0008693805479231677	0.4208799993567869	0.003555627957556232	0.02286891718751027	0.012813904809384446
4.315221369403851	3.4273336349857058	0.0012803260125474206	0.5469665988604469	0.7516158054119165	0.8908785793777516	0.5300269261417073	0.024638640709888436	0.020930269149858082	0.006970450545423564	0.0008425416732135609	0.4011720963519805	0.0042978633945070155	0.028508586834999804	0.017957580764136463
4.278031864509052	3.056089889117012	0.00318876611843454	0.4913042986116211	0.5862219627590964	0.8935079898531694	0.518826668574747	0.022650059377883967	0.019057962485633014	0.006073846976370467	0.0006689511175651081	0.4152454662917264	0.004804261523726837	0.03477249655824779	0.0114985462700515
4.469150758802012	3.265064268993831	0.0038263935335053085	0.5932894045598565	0.6945269521306096	0.9502360191317339	0.5215992620465045	0.02180099322921793	0.01742925171409461	0.007365509322327862	0.0009207831853159087	0.41973385661061086	0.005031551181190374	0.05403915584572699	0.013005860922044827
4.3958066522758275	3.150518716379115	0.003223085741421373	0.6287470265541579	0.7231067497968727	0.9423550935601819	0.49668404078817413	0.02125923266451378	0.015320726622161206	0.006872578291511232	0.0005781916357413819	0.4292535409128057	0.005693710078445584	0.05908356694597182	0.013022419876392785
4.406782843850398	3.0663568880938965	0.0014457641903883314	0.5465826677167694	0.8291341633351297	0.9190754936711077	0.49697761636216176	0.022744953191826792	0.013158401440512118	0.008601281306356415	0.0008319686382990241	0.4323272674289976	0.007207032088055414	0.043932925765150004	0.014806141448937372
4.220777652925482	2.723943654654612	0.004932136610858267	0.4739831917570449	0.6502606552850146	0.9182371124888523	0.5255428876027599	0.018201266056971813	0.015203628475463346	0.006362091459050053	0.0012951352097304938	0.47611926445016683	0.0068900237313290445	0.045036585387747304	0.015067275423973302
4.177555642162248	2.530963032642974	0.0060105634534734	0.5552391951335628	0.48731370059339674	0.9529963459018789	0.5303775326283106	0.020338490728096972	0.015769333885133335	0.006951451258668488	0.0014304566190447465	0.4739696961622702	0.00615551082793643	0.03694757866762977	0.012295662607656183
4.235993262787433	2.634356304764357	0.0033231591375378886	0.4482719002434451	0.508611042560724	0.969226234078671	0.5354943486643652	0.02316022296577607	0.0187635795325484	0.009051524736211196	0.0021203981927828412	0.4251009568642698	0.005842530352661161	0.02889726373759051	0.007989543933705545
4.288393314569335	2.696181703794382	0.004486605833112926	0.5818841624086433	0.4970383500316458	0.9648176127083024	0.5090499519187656	0.01867126068878383	0.0201219554526255	0.006859559408088035	0.0017142301970996282	0.4406244776037984	0.006146287460308974	0.041065812975785945	0.00709995533810163
4.289872782698749	2.4763235039040707	0.003906726217864966	0.5029637997767687	0.40712210456298414	0.9206652328380263	0.5431602621722748	0.01818648788100566	0.016119604434133947	0.005069035689726059	0.0018929481011240657	0.48931278712402704	0.005370354668639461	0.03460689062756596	0.009878105781406922
4.057471712305018	2.207902978771058	0.0039510047697095775	0.49385024053113524	0.4297565420443533	0.9672742648120408	0.5057358577188246	0.02426226391279598	0.014868134243505514	0.005922019231741275	0.0016222839069516164	0.46768868932065183	0.007991156586996161	0.04634854192384571	0.01531600420771024
4.185790168084849	2.3843972457497684	0.004194685121233716	0.5771176115989819	0.3996563266109207	0.9803389824177683	0.5094153840990221	0.020911738537965328	0.01670434055905908	0.007354216452211373	0.0014454538181039164	0.4682720735369385	0.006476444237860773	0.05260510875875192	0.010864499747445204
4.462233196249303	2.7509751867899905	0.001978501219758842	0.5665549423502501	0.5109345175200676	0.966963282005912	0.5363127618453568	0.02080477099098846	0.014471065951127078	0.007176897423984212	0.0018085225634952263	0.4572202992353717	0.007113076313718929	0.03834792179135255	0.009788777505537046
4.516193443644129	2.817710962132195	0.0037197977415664623	0.6023212410789476	0.571080691829158	0.9599964264027533	0.5508120732616786	0.022422076425585396	0.01327859747876503	0.007504686122247325	0.0021545545968986576	0.4728792048673908	0.00487401242487676	0.03504740935862586	0.011048944335604207
4.41224755372462	2.6235652158173615	0.0025720324595616463	0.5821743908577061	0.5205373874863387	0.9267261356136259	0.5454317367142676	0.019863068578411785	0.011387750647854331	0.006235522220921401	0.00092853465591453	0.47486415186486075	0.005019413625087594	0.035780571316826056	0.015698582938476275
4.485809829732712	2.97558916546997	0.0020225608832483716	0.6708941240940108	0.6444036383718125	0.9604805018976974	0.5794468860843841	0.021115157997550215	0.012403865705120842	0.006576939159761132	0.0026493180154524808	0.45944159504850907	0.006249648272628361	0.053199279277690296	0.017789947005999063
4.4234969061852425	2.7589219671029133	0.0015722265587747274	0.718446560711442	0.6413309142843664	0.963347203879967	0.6224637240677876	0.021302298653721605	0.01689730388123033	0.005919889493061719	0.002447462690076754	0.44239615314125624	0.0053479510386589026	0.046078365613136926	0.013434974900032376
4.46840636367736	2.744222893563631	0.001969176384631609	0.6931017991261447	0.5917486088103832	1.0018536861776677	0.5995943447909023	0.020130911804923917	0.017506634213294972	0.0059059880893741	0.003744138677790982	0.46210977479149123	0.0049415877590873935	0.03455231737113338	0.012399762949617355
4.497002055380125	2.982582024402296	0.002006591268037248	0.719685456116824	0.5993271397945248	0.9726230537569651	0.5817075662323645	0.017601404371813945	0.016834888638909556	0.00580010059322376	0.0036372080768730273	0.4578429325768937	0.003298332097398045	0.03844421572397371	0.009963889617326091
4.643228117330515	3.1568839017734556	0.002330104952862815	0.7719787845204391	0.73251257726244	0.9514193342638175	0.6467373372825569	0.029418236470723363	0.018874853184634173	0.007680364234847511	0.002269219528963018	0.4442857681570302	0.004327183781607759	0.03885616817957756	0.012672385109867164
4.769326662716127	3.4227069967632957	0.0016967354315834513	0.7935293626265141	0.8035656855700716	0.9416920754743944	0.5945126244239818	0.027126018624658608	0.016801129007246198	0.00570286473552212	0.002518983119245102	0.4839727277149932	0.004712800911052919	0.0400565190143389	0.010581244191872794
4.777084116635623	3.4946113986883947	0.001140153710200895	0.6993590686539872	0.8489975465602049	0.9695255334250337	0.6227754217373269	0.022064316674070772	0.01600255811439745	0.005443851074629016	0.0030412457431578657	0.45449439476944425	0.004394894529749979	0.04974602882386119	0.012572543890973564
4.699710980723404	3.3974408105699947	0.0017506092539385971	0.7155829093550213	0.781107953884401	0.9819115072135173	0.647117032408444	0.022962238183853526	0.017199183056260326	0.006632907919787219	0.0017336617943629394	0.4548154747708681	0.0037023406702490014	0.03605663529954173	0.007982113171991278
4.880783292689715	3.7522966150882016	0.001730796307589078	0.7399852079637959	0.928943619500942	0.9670501366749639	0.6362671473753474	0.02056619660458553	0.013901006051553089	0.005779902394349087	0.0022528910347899022	0.45206037750875405	0.00292700827827933	0.034432498965729134	0.010587321183213485
5.015235465461666	4.0070303139227	0.0018506162650829844	0.8736167023216782	0.8485852746065597	0.9837078784090119	0.6018756710375752	0.02035255519427251	0.01651744012263641	0.004993791327889305	0.001724373246237146	0.4558182647135999	0.002716066011429441	0.03852714536521782	0.008080533883318855
5.094617926385267	4.1291914128234595	0.0014112324732795266	0.8320629374576333	1.0090084817093539	0.9882979979702118	0.6236900288119727	0.02167732855835392	0.015409259531960597	0.006136976904325743	0.0009363071660801405	0.45870462181945054	0.003985582364188419	0.04732939544207912	0.008302243050195736
5.030090498538414	3.9392242566678832	0.001499621885230705	0.8271980382869106	0.9880483664442374	0.9710766319815929	0.6059737284356879	0.020127459996358028	0.016256369392701222	0.0059213088161642	0.0014216981831274692	0.4732634568667961	0.0042587727210893775	0.04110002957683363	0.018090585541490112
5.02045167650612	4.097204207973542	0.0015559107665129932	0.9353990898787988	1.00190069906118	0.987788925888724	0.6002426632174449	0.01905633477720079	0.015760802796401917	0.0060154562422626515	0.0014219444528987565	0.454303886449615	0.005043681599658809	0.03793535508146148	0.01393811379524394
5.068236965194395	4.194682998171066	0.0016927388188696293	0.8718883215788192	1.020507865468415	0.9628046766279199	0.6076793763648406	0.023224266655814077	0.01580736589590635	0.0061351446734831516	0.0015800810876652526	0.4516215292632746	0.0044187946894746945	0.03876690705181648	0.014358300052077975
4.970853836314898	3.9835634473507966	0.001407336354838858	0.8469516635607285	1.013783507553902	0.985542534369515	0.5577313792649423	0.02270680461219502	0.015915694573361172	0.006785137933090346	0.002309413705712615	0.453074406723171	0.0038932171521467293	0.04242014280201799	0.008897112024876367
5.365947781142989	4.8343846020171455	0.0011875025970607494	0.9311017417160949	1.412752209675607	0.9652527428477177	0.5550242154662122	0.023706845120075575	0.012248745002125692	0.00795636789828473	0.00261346700133884	0.45920346826975417	0.005393474998990233	0.040488925412749496	0.013150668396629378
5.313216147845813	4.679953280341849	0.0017021369926930202	0.9222327627552327	1.1791289677864398	0.9955708896556524	0.5752908408212054	0.025285622380732547	0.01348186458861505	0.007360001364271217	0.0015848258584854865	0.46844550079007696	0.006255288781199008	0.04336252866470865	0.008646159380195922
5.193456358386897	4.515351947743369	0.0022295060534097853	0.8224443655628813	1.1269493865696651	0.9772835234613565	0.5268099205002948	0.024280434244015138	0.01243299987523089	0.007201739104342861	0.001353256106481192	0.4705553741611324	0.005041841995818959	0.044265454604276125	0.009588487698477418
5.204328019900179	4.603245545287772	0.0023162303307863643	0.713349870202956	1.1341239232934601	0.9538803982559059	0.5546613440224665	0.0245010275693997	0.014243725649854398	0.006255709883184928	0.0010841828695568288	0.47497135031137255	0.00447966468829367	0.04418315858532591	0.007653614375584626
5.21805736396472	4.638682716927909	0.0020854458823375225	0.8921094318081665	1.0448712894576508	0.9535727201878281	0.5464873181165656	0.019223036090014876	0.015634698662095256	0.0070732521817983415	0.0011337534202641604	0.45026361784215096	0.003657135907635715	0.041260907916926166	0.008548990119958556
5.097857498739317	4.358663331812672	0.002992706021843358	0.8728070340683466	0.9864882637458336	0.9739080871989024	0.5507570349879587	0.02358569108388607	0.01614840204283436	0.006052006968425322	0.00222239825177427	0.45850327008656894	0.0043332588458533106	0.03969605974525788	0.012017512578551525
5.088313331684415	4.482177297209447	0.001952698880167103	0.8030561161452716	1.0512989967054	0.9413498243103327	0.5612185844618118	0.02518217271036646	0.01572898902044797	0.0060572310840222065	0.0020734973792751353	0.4310155220658601	0.004302487268246498	0.037967792494429796	0.009205258895706536
5.07781602414355	4.525000052649023	0.0019510468762656598	0.8708751708379912	0.9551032173798569	0.9606974885094578	0.5490519395126171	0.02316267892319824	0.01631204526053885	0.005452590553802819	0.0018161380941362798	0.42924189683737135	0.006149565477867383	0.046783514205571655	0.008440588181360606
5.190907002033341	4.666568166617609	0.001368878777255582	0.875802667774482	1.1163308068652897	0.9595079033502699	0.5301459946322591	0.021070523551929277	0.01680292189937533	0.005002418644906589	0.001043084022262448	0.44629900362428376	0.0045456380693266575	0.042748676173106015	0.009337233387143857
5.254607256432672	4.825190811684269	0.0013457112225273462	0.8209109549257789	1.156511528264287	0.9578027857140178	0.5448485521896018	0.020604378201193	0.017035529338557072	0.006068257260624655	0.0016439338276623195	0.4586724471339256	0.004867599809012962	0.048812546052522034	0.011419015930793463
5.34776228900773	4.88795884597627	0.0014720343619243363	0.8590603066307437	1.2501989159929858	0.9503791446701534	0.5619993498467357	0.021644781064052966	0.017926081915198747	0.006993643065156214	0.0010609969166407848	0.4533019034793581	0.0033113305566581557	0.03515778637368572	0.01284105613942577
5.254024159667299	4.7575000618024585	0.0016067631227979218	0.8584516078765466	1.2569463326643178	0.9422903400920392	0.5453438230146087	0.018867513206064997	0.01892933370253337	0.0064651895113859645	0.0014397357268271206	0.424103070192208	0.0030946504355135428	0.03618066052763897	0.019413945443405536
5.281498568942655	4.736180744253925	0.001733637717428427	0.8573029066989257	1.2679152553442978	0.9334392394565008	0.5664179411969361	0.019971273567107664	0.01811688414463649	0.005337548798505891	0.0009133170221427743	0.4641958294777532	0.003989853094953768	0.03304176133496069	0.02159381652845295
5.239877494814736	4.745680836301326	0.002048826259195643	0.863300830471477	1.139922350377707	0.9754737850628206	0.5694939339280636	0.019579866169414734	0.021662869280655424	0.006913994490391393	0.0035382918182759343	0.43318391536479034	0.00478389380508744	0.0435971649711908	0.00892386856134187
5.158956519359278	4.476835113753406	0.001565512921347789	0.7035959885795054	1.1063206137825703	0.9504826812400082	0.5759630973444017	0.015399101894046792	0.021751920786265894	0.0072785947515737835	0.0034294354609438944	0.46836058452092966	0.004100797765994807	0.04613087752421307	0.012053293668337784
5.131538996258568	4.396169606283917	0.0014648124552693843	0.846849987829104	0.9847819340185493	0.9561402954401775	0.5899826034961332	0.02010105908673932	0.02002324197405307	0.0081432204230269	0.0030699004573109616	0.4403596525260689	0.005231310273847182	0.05506070465050087	0.020184835398115605
5.082408255965135	4.261768513004813	0.0023601233038857174	0.77014689675293	1.0802697388639535	0.9534921726193718	0.5959909565592716	0.018450338188401437	0.021367854641967988	0.008015869001402862	0.0034125221682098773	0.43663318040624166	0.007734981541538788	0.04642880087313381	0.016100016268180247
5.213396683519101	4.473553428282829	0.002509359357835101	0.776054516837053	1.0372559611246375	0.9977863467398392	0.5617112755378744	0.025829811568631653	0.018276341407942674	0.005906989510959757	0.0031156080897869116	0.4348655608380284	0.006154651383393911	0.039939356500632996	0.012026888503847335
5.203236093502859	4.43784414156195	0.0025526104140485215	0.747995053016041	1.0652184492138401	0.9954695995598807	0.5765293968117624	0.02123899440272074	0.019219161172360263	0.007861598556644804	0.0026533844609411216	0.45802440291410534	0.006775949956088042	0.04467663530913643	0.015725670193399016
5.194440799500055	4.375982909371572	0.0015750859937950072	0.8243092902907414	1.025085205421939	0.948255648713428	0.5630641129676747	0.022668796645456228	0.01830322764355768	0.007449841258675701	0.0027891941998796376	0.4495777446535082	0.006202187510296307	0.04460432582252517	0.014196297575287125
