1	20.957404166666667	20.2756046875
2	18.513994444444446	18.610653125
3	17.611072222222223	17.9253515625
4	17.166275	17.583240625
5	16.869980555555557	17.5056234375
6	16.700745833333333	17.4300078125
7	16.56070972222222	17.428321875
8	16.45594861111111	17.363246875
9	16.354411111111112	17.402496875
10	16.273833333333332	17.4207296875
11	16.168197222222222	17.40835
12	16.09725	17.40210625
13	16.033006944444445	17.481265625
14	15.984002777777778	17.5977875
15	15.920494444444444	17.5408015625
16	15.860088888888889	17.5529546875
17	15.825316666666666	17.581234375
18	15.771123611111111	17.6003671875
19	15.734176388888889	17.68560625
20	15.682566666666666	17.7405890625
21	15.658154166666666	17.7159625
22	15.58824861111111	17.699996875
23	15.529659722222222	17.7880609375
24	15.504080555555555	17.7838578125
25	15.466145833333334	17.8039984375
26	15.397738888888888	17.7733734375
27	15.350933333333334	17.914490625
28	15.321952777777778	17.8912171875
29	15.345381944444444	17.872665625
30	15.273208333333333	17.85556875
31	15.229404166666667	17.9790125
32	15.151409722222223	17.9930015625
33	15.124852777777777	17.977528125
34	15.079351388888888	18.073496875
35	15.080604166666667	18.083025
36	15.021036111111112	18.0745671875
37	14.980145833333333	18.064121875
38	14.966244444444444	18.119
39	14.962645833333333	18.12103125
40	14.946538888888888	18.091665625
41	14.874751388888889	18.1706
42	14.816808333333332	18.1908078125
43	14.764519444444444	18.29886875
44	14.72241388888889	18.225025
45	14.654572222222223	18.246265625
46	14.644275	18.2580734375
47	14.680383333333333	18.343803125
48	14.617795833333334	18.3252515625
49	14.623406944444444	18.3345390625
50	14.5731	18.4043734375
51	14.602955555555555	18.413690625
52	14.546572222222222	18.3660046875
53	14.509348611111111	18.35475625
54	14.43158888888889	18.40761875
55	14.38406111111111	18.5045671875
56	14.359779166666666	18.5410453125
57	14.332259722222222	18.499840625
58	14.302904166666666	18.5272515625
59	14.30981388888889	18.507096875
60	14.30568888888889	18.5405734375
61	14.255545833333333	18.575915625
62	14.194393055555556	18.580565625
63	14.1798875	18.709303125
64	14.184529166666668	18.5894609375
65	14.22625	18.6754015625
66	14.207559722222221	18.6314421875
67	14.10757361111111	18.614471875
68	14.027706944444445	18.7063984375
69	14.005572222222222	18.6723421875
70	13.967027777777778	18.6759375
71	14.047923611111111	18.7260140625
72	13.995793055555556	18.66455625
73	13.884355555555555	18.711046875
74	13.821981944444444	18.761846875
75	13.871815277777777	18.8615328125
76	13.867188888888888	18.82258125
77	13.828133333333334	18.8059
78	13.804158333333334	18.89378125
79	14.168506944444445	18.7093375
80	13.9646625	18.7665875
81	13.743794444444445	18.803359375
82	13.637365277777779	18.859309375
83	13.58933611111111	19.0158359375
84	13.594630555555556	19.0208484375
85	13.546155555555556	18.925778125
86	13.515645833333334	18.964796875
87	13.48997638888889	18.97285625
88	13.447988888888888	18.950046875
89	13.457268055555556	19.086875
90	13.474136111111111	19.0210421875
91	13.403502777777778	19.01740625
92	13.341195833333334	19.1077796875
93	13.30598611111111	19.1206828125
94	13.230638888888889	19.1599046875
95	13.208209722222222	19.17455
96	13.209059722222221	19.1880515625
97	13.216681944444444	19.1880359375
98	13.091679166666667	19.3079453125
99	13.027138888888889	19.288209375
100	12.977359722222221	19.2808921875
101	12.918725	19.32973125
102	12.887470833333333	19.4280890625
103	12.879506944444444	19.423765625
104	12.8227625	19.4551375
105	12.793872222222221	19.41916875
106	12.735968055555556	19.47850625
107	12.699077777777777	19.5032
108	12.69624861111111	19.4704515625
109	12.725306944444444	19.4977171875
110	12.632563888888889	19.4698875
111	12.576481944444444	19.5302625
112	12.545338888888889	19.6151578125
113	12.478594444444445	19.669734375
114	12.443030555555556	19.66360625
115	12.391847222222221	19.7709484375
116	12.39122361111111	19.6123
117	12.462727777777777	19.5998484375
118	12.39997638888889	19.636078125
119	12.301126388888889	19.709959375
120	12.2657375	19.706696875
121	12.284641666666667	19.7955953125
122	12.235743055555556	19.7110125
123	12.141615277777777	19.8095515625
124	12.10041388888889	19.90146875
125	12.097402777777777	19.859803125
126	12.133794444444444	19.905359375
127	12.093473611111111	19.927065625
128	12.034448611111111	19.87405625
