1	20.80474027777778	19.0499484375
2	17.568302777777777	17.58685
3	16.613630555555556	16.9845234375
4	16.112269444444443	16.7405515625
5	15.813947222222222	16.5337921875
6	15.571756944444445	16.3788375
7	15.374222222222222	16.252953125
8	15.299065277777778	16.24311875
9	15.140408333333333	16.2395453125
10	15.06136388888889	16.25350625
11	14.987016666666667	16.2499203125
12	14.859604166666667	16.173653125
13	14.757180555555555	16.3012734375
14	14.689376388888888	16.12588125
15	14.607788888888889	16.26911875
16	14.5302875	16.21464375
17	14.479169444444445	16.152453125
18	14.409859722222222	16.316559375
19	14.369965277777778	16.1694609375
20	14.328384722222221	16.229815625
21	14.247288888888889	16.17951875
22	14.177154166666666	16.355015625
23	14.116216666666666	16.287046875
24	14.13515	16.342521875
25	14.068520833333332	16.3386734375
26	14.040906944444444	16.332834375
27	14.002031944444445	16.346521875
28	14.011393055555555	16.3797421875
29	13.970220833333334	16.3964921875
30	13.9280875	16.403875
31	13.933205555555556	16.353521875
32	13.89895	16.33825625
33	13.825630555555556	16.2785609375
34	13.753605555555556	16.40728125
35	13.686438888888889	16.358615625
36	13.639279166666666	16.383946875
37	13.64674861111111	16.438153125
38	13.633083333333333	16.4111953125
39	13.585781944444445	16.4628421875
40	13.51845138888889	16.4316640625
41	13.512152777777779	16.4111234375
42	13.468456944444444	16.426109375
43	13.42700138888889	16.4336765625
44	13.369844444444444	16.4826765625
45	13.328601388888888	16.4289484375
46	13.317970833333334	16.42014375
47	13.27535138888889	16.5018390625
48	13.246758333333334	16.5089703125
49	13.279091666666666	16.66543125
50	13.3182875	16.583740625
51	13.259848611111112	16.55980625
52	13.194886111111112	16.5609234375
53	13.110402777777777	16.4573640625
54	13.111618055555555	16.6036671875
55	13.0989875	16.6171875
56	13.061447222222222	16.5057078125
57	13.081244444444444	16.5679640625
58	13.04437361111111	16.68710625
59	13.048358333333333	16.5289578125
60	13.044577777777778	16.655015625
61	12.950775	16.6228
62	12.888491666666667	16.570946875
63	12.904130555555556	16.5700296875
64	12.823275	16.6177734375
65	12.794680555555555	16.6866
66	12.84425	16.57799375
67	12.804052777777779	16.823178125
68	12.870402777777779	16.73589375
69	12.897256944444445	16.6786734375
70	12.921720833333334	16.7219890625
71	12.811076388888889	16.67873125
72	12.701695833333334	16.7112125
73	12.61775	16.7911609375
74	12.573493055555556	16.792103125
75	12.756952777777778	16.6928515625
76	12.651148611111111	16.798759375
77	12.575368055555556	16.77075
78	12.549795833333333	16.8070625
79	12.554447222222223	16.825384375
80	12.600670833333334	16.847065625
81	12.543065277777778	16.916953125
82	12.532797222222221	16.842596875
83	12.546904166666666	16.8157515625
84	12.456265277777778	16.8583453125
85	12.430370833333333	16.79259375
86	12.397122222222222	16.8719375
87	12.462538888888888	16.880509375
88	12.420291666666667	16.9491390625
89	12.351652777777778	16.8720796875
90	12.322386111111111	16.8868078125
91	12.317330555555555	16.958059375
92	12.295243055555556	16.9217765625
93	12.1954125	16.922225
94	12.132488888888888	16.8654359375
95	12.083704166666667	16.967584375
96	12.084272222222221	17.0767328125
97	12.127330555555556	17.2388546875
98	12.074358333333333	17.0843734375
99	12.07316111111111	17.11209375
100	11.997433333333333	16.98969375
101	11.95705	17.00130625
102	11.894104166666667	17.0692453125
103	11.894191666666666	17.1589296875
104	11.960061111111111	17.0546578125
105	11.987476388888888	17.0898375
106	11.902716666666667	17.0340125
107	11.855416666666667	17.145178125
108	11.891505555555556	17.0813515625
109	11.771929166666666	17.063178125
110	11.721490277777777	17.19259375
111	11.698504166666666	17.2432671875
112	11.62958125	17.185784375
113	11.589972222222222	17.0944375
114	11.55557638888889	17.0970171875
115	11.567685416666666	17.131828125
116	11.52105763888889	17.20699375
117	11.534248611111112	17.3098
118	11.546425694444444	17.15790625
119	11.468434027777779	17.2516203125
120	11.487952777777778	17.2399
121	11.454240972222221	17.2229078125
122	11.438704166666666	17.3118546875
123	11.42371111111111	17.16246875
124	11.383764583333333	17.173109375
125	11.414572916666666	17.176625
126	11.452679166666666	17.3227890625
127	11.48508611111111	17.352821875
128	11.398125694444444	17.3261609375
129	11.354061805555556	17.192384375
130	11.319797916666667	17.41440625
131	11.303095833333334	17.32939375
132	11.251068055555555	17.3966296875
133	11.271114583333333	17.2571234375
134	11.231302083333333	17.29615625
135	11.2186	17.3078375
136	11.120146527777777	17.3968046875
137	11.141225	17.373815625
138	11.203576388888889	17.47381875
139	11.109163194444445	17.4324484375
140	11.07858125	17.49426875
141	11.090191666666666	17.372115625
142	11.256840972222221	17.3690609375
143	11.09121388888889	17.37956875
144	10.945764583333334	17.426678125
145	10.907533333333333	17.5135765625
146	10.847568055555556	17.4806625
147	10.82584236111111	17.46995625
148	10.805329166666667	17.506090625
149	10.805147222222223	17.6294328125
150	10.768388194444444	17.475690625
151	10.881820138888889	17.619484375
152	10.751320833333333	17.56326875
153	10.691563194444445	17.512703125
154	10.647911805555555	17.503696875
155	10.577955555555555	17.532403125
156	10.527483333333333	17.657590625
157	10.536065277777778	17.401790625
158	10.489115972222223	17.711425
159	10.455188194444444	17.6744109375
160	10.457536805555556	17.64510625
161	10.3858	17.6367015625
162	10.389575	17.6621125
163	10.357131944444445	17.72024375
164	10.372589583333333	17.68528125
165	10.319565972222222	17.685315625
166	10.230977083333334	17.716671875
167	10.187634027777777	17.6628
168	10.186910416666667	17.8100859375
169	10.268780555555555	17.746975
170	10.242461111111112	17.7952375
171	10.095700694444444	17.8467359375
172	10.024292361111112	17.7083640625
173	10.070438888888889	17.7635265625
174	10.013553472222222	17.852615625
175	10.131677083333333	17.9547171875
176	10.057924305555556	17.818921875
177	10.003438194444444	17.927625
178	9.926020833333334	17.6870375
179	9.90434236111111	17.94655
180	9.913821527777777	18.0269703125
181	9.92051388888889	17.9058296875
182	9.906047916666667	17.746284375
183	9.805240972222222	17.9829203125
184	9.697238194444445	18.019084375
185	9.718886111111111	18.041415625
186	9.699963888888888	18.065228125
187	9.678899305555555	18.11576875
188	9.651296527777777	18.005740625
189	9.61465138888889	18.0663671875
190	9.643889583333333	18.0194765625
191	9.656247222222222	17.97993125
192	9.522238194444444	18.1632125
193	9.481467361111111	18.06404375
194	9.430375	18.218640625
195	9.420468055555556	18.07624375
196	9.368563194444445	18.083221875
197	9.366149305555556	18.1368859375
198	9.330924305555556	18.148296875
199	9.275228472222222	18.258365625
200	9.235004166666666	18.070140625
201	9.220174305555556	18.20828125
202	9.251598611111111	18.250975
203	9.15754375	18.2479359375
204	9.1158125	18.3607515625
205	9.083538888888889	18.304459375
206	9.124764583333333	18.3036609375
207	9.119474305555556	18.1967546875
208	9.1145875	18.3015671875
209	9.047338194444444	18.2090671875
210	9.030369444444444	18.1715875
211	9.014570138888889	18.338290625
212	9.012654166666668	18.5586296875
213	8.984420833333333	18.532225
214	9.038858333333334	18.487075
215	9.056395138888888	18.33443125
216	9.030104861111111	18.455384375
217	8.945031944444445	18.4684765625
218	8.814954861111111	18.355903125
219	8.731976388888889	18.4490828125
220	8.726942361111112	18.347434375
221	8.750904166666666	18.504884375
222	8.856106944444445	18.441815625
223	8.713574305555555	18.4573234375
224	8.65795138888889	18.3968625
225	8.637490277777777	18.5163609375
226	8.732766666666667	18.5265875
227	8.602038888888888	18.46768125
228	8.579935416666666	18.6019625
229	8.5279	18.3814375
230	8.441049305555556	18.58491875
231	8.382959722222223	18.6195734375
232	8.389947916666667	18.529459375
233	8.389419444444444	18.50595625
234	8.288915277777777	18.576878125
235	8.297280555555556	18.7289125
236	8.209654861111112	18.79121875
237	8.261335416666666	18.771015625
238	8.299464583333334	18.603846875
239	8.179647916666667	18.691
240	8.233127777777778	18.55790625
241	8.213178472222221	18.784084375
242	8.099491666666667	18.7838140625
243	8.070057638888889	18.695375
244	8.030520833333334	18.8522625
245	8.046241666666667	18.699240625
246	7.990347916666667	18.8777875
247	7.984507638888889	18.89233125
248	8.0027	18.735325
249	8.040249305555555	18.7408265625
250	7.9834625	18.8033609375
251	7.9202916666666665	18.747753125
252	7.9171506944444445	18.78476875
253	7.904784027777778	18.7714171875
254	7.836263194444444	18.8829703125
255	7.869228472222222	18.8402984375
256	7.790090277777778	18.8004140625
257	7.768384722222223	18.998465625
258	7.794285416666667	18.9729890625
259	7.855790972222223	19.0033875
260	7.785050694444444	18.900409375
261	7.762695138888889	18.891315625
262	7.643990972222222	18.931440625
263	7.659692361111111	18.9541
264	7.560304861111111	18.91824375
265	7.539493055555556	18.956865625
266	7.54971875	18.921953125
267	7.51715	18.93685
268	7.44003125	19.048828125
269	7.418935416666667	19.06325
270	7.373448611111111	18.988896875
271	7.367768055555556	19.1474765625
272	7.336607638888889	19.1030515625
273	7.290545833333334	19.0491859375
274	7.170897222222222	19.040371875
275	7.180119444444444	19.0526953125
276	7.160827083333333	19.224284375
277	7.144943055555555	19.2073609375
278	7.1160652777777775	19.14311875
279	7.067659722222222	19.333740625
280	7.101325694444444	19.166340625
281	7.009009722222222	19.099946875
282	7.028613888888889	19.267134375
283	6.999077777777778	19.3361375
284	6.93455	19.2212375
285	6.936763194444445	19.2498421875
286	6.936761111111111	19.32199375
287	6.89764375	19.1122109375
288	6.892269444444445	19.3926
289	6.842755555555556	19.290078125
290	6.8605479166666665	19.2662765625
291	6.823373611111111	19.3169953125
292	6.875186805555556	19.3023734375
293	6.848483333333333	19.388465625
294	6.791645138888889	19.361390625
295	6.795432638888889	19.286078125
296	6.74524375	19.3621234375
297	6.6944076388888885	19.4104
298	6.674438888888889	19.54365
299	6.678438194444444	19.3609828125
300	6.5998875	19.3854515625
301	6.586870833333333	19.51814375
302	6.5663479166666665	19.49925625
303	6.5488333333333335	19.509478125
304	6.535522916666666	19.467603125
305	6.425379166666667	19.49178125
306	6.435259027777778	19.398221875
307	6.4414138888888886	19.5163984375
308	6.386676388888889	19.544484375
309	6.3848618055555555	19.4608859375
310	6.305504166666666	19.4753171875
311	6.319169444444444	19.536259375
312	6.3013965277777775	19.641765625
313	6.254975	19.5683859375
314	6.246941666666666	19.5286703125
315	6.227504861111111	19.532940625
316	6.197596527777778	19.841865625
317	6.190277083333333	19.69931875
318	6.1676625	19.594925
319	6.136645833333334	19.66668125
320	6.108432638888889	19.5778484375
321	6.092319444444445	19.664653125
322	6.105586805555555	19.724390625
323	6.101039583333334	19.80034375
324	6.078707638888889	19.8119875
325	6.064077083333333	19.753321875
326	6.00245625	19.626296875
327	5.988721527777778	19.787
328	6.001879861111111	19.582265625
329	5.888409722222222	19.8249734375
330	5.9202159722222225	19.73585625
331	5.858963194444445	19.7701125
332	5.825265277777778	19.741796875
333	5.809640277777778	19.6938671875
334	5.814943055555555	19.7952859375
335	5.812588888888889	19.740971875
336	5.793745486111111	19.950596875
337	5.770855555555555	19.7736125
338	5.791156597222222	19.67408125
339	5.761342013888889	19.61258125
340	5.720995833333333	19.7792
341	5.722756597222222	19.768696875
342	5.687016319444444	19.864940625
343	5.6833833333333335	19.7994140625
344	5.651906944444445	19.61861875
345	5.673333333333333	19.9875125
346	5.67725625	19.799771875
347	5.637352083333333	19.847121875
348	5.624501736111111	19.9518125
349	5.61318125	19.8107953125
350	5.612887847222222	19.80125
351	5.5779371527777775	19.8617125
352	5.566900347222222	19.966671875
353	5.561363541666666	19.92203125
354	5.566911458333333	19.91243125
355	5.5728027777777775	19.9258
356	5.565311805555556	20.025440625
357	5.554183680555555	19.761565625
358	5.5494819444444445	19.8010609375
359	5.50525625	19.957296875
360	5.5287017361111115	19.8086578125
361	5.5028524305555555	20.021590625
362	5.520557291666667	19.939075
363	5.468438541666667	20.054796875
364	5.4654694444444445	19.94683125
365	5.494148958333334	19.951178125
366	5.486662152777778	19.9739625
367	5.481358680555555	20.048084375
368	5.4452388888888885	20.0116265625
369	5.420513888888889	19.977553125
370	5.458472222222222	19.86058125
371	5.453074305555556	19.942859375
372	5.4498625	19.99193125
373	5.463254166666666	19.917121875
374	5.4364895833333335	19.9194859375
375	5.4616291666666665	20.002440625
376	5.444127430555556	20.0551140625
377	5.431714930555556	19.8557421875
378	5.388427083333333	19.9693140625
379	5.415643402777778	19.9393890625
380	5.3711239583333334	20.066990625
381	5.422261111111111	19.993159375
382	5.412465625	19.93691875
383	5.3904378472222225	19.95255625
384	5.398995486111111	19.9781953125
385	5.380988194444445	20.010809375
386	5.400092708333333	19.9376625
387	5.397498958333333	20.02690625
388	5.371889583333333	19.953028125
389	5.383079861111111	19.95835
390	5.414660763888889	20.038946875
391	5.381901736111111	19.9417125
392	5.3668940972222225	20.1781125
393	5.394704861111111	20.00075625
394	5.402195833333334	19.871690625
395	5.3951899305555555	19.99645
396	5.369272916666667	19.8799921875
397	5.367375694444444	19.86288125
398	5.387210763888889	19.8655546875
399	5.368122916666667	20.053365625
400	5.35686875	20.017134375
