mass_1	mass_2	phase	time	distance	a_1	a_2	tilt_1	tilt_2	phi_12	phi_jl	theta_jn	psi	ra	dec
0.20838676068558076	0.01940944134827874	0.018451093574323795	0.10222325511200414	0.0536527813921759	0.04018812778950004	0.04477889092184209	0.02893499965830597	0.013311445970795283	0.011347204760606435	0.029892565695123385	0.02642645900016231	0.006110876049536399	0.047162536412164655	0.07721465379483587
0.11078434618964617	0.022973206383304946	0.024089235877828838	0.05884679502134587	0.06591108704922416	0.02976180467027978	0.015052258541312468	0.023230484017764435	0.010132691518840267	0.009421132630815053	0.008689064134430545	0.032957457664984514	0.0038907245024811282	0.06791834305290968	0.07019391603775135
0.0757082847665015	0.028672732137507453	0.017959459763190334	0.05159125279178419	0.07639307724843426	0.0233570318127811	0.013776012180848627	0.030211768545157128	0.01270914849980186	0.0064567205349157905	0.004976139447958936	0.04544584032311938	0.0019638580384371902	0.044662769864067614	0.026730472585641235
0.0777502702701636	0.07238406150083086	0.015289480391274564	0.05100656871855471	0.07408105871755881	0.02258069169176373	0.01737689141870432	0.031142956049954783	0.014902344638968413	0.004863591222524718	0.002909671886706573	0.04897828715077777	0.003617411598032192	0.04689448597667621	0.028485123218965496
0.06409809669612697	0.05048422193883074	0.015962966611167372	0.07012117732878416	0.07441680996306746	0.010611845888931533	0.009971444901505313	0.022187476947060237	0.022861381333074818	0.004533116155449536	0.007008838051299675	0.05328742249633212	0.002230609037051275	0.048228114857161844	0.028202296615164296
0.08466700250140313	0.09016994699459072	0.01365304893225482	0.05040016938169999	0.07306892273129478	0.013349455996643283	0.01542495587729777	0.026354717726523928	0.015218165468594847	0.005860839680397498	0.010895684128897732	0.05045220773355122	0.0032399860617203114	0.049789846671912295	0.02754130160519943
0.08758164459854807	0.11463162011513511	0.011595894071577977	0.05035304025780389	0.07381007528724944	0.01373038984041322	0.009941519404843223	0.020315150320969973	0.016670347521405834	0.005027909365787987	0.00567135085492988	0.05706610132397245	0.0025171381927894558	0.05349980154663401	0.03287990764481912
0.05295575642889462	0.03544276492923356	0.013550335534794816	0.06731583194944239	0.06610889948320915	0.005829126034237693	0.012892657066546987	0.02438936829005342	0.014425003913631437	0.003766537963816814	0.006695472102246097	0.031280495140085414	0.0021722201195791325	0.05930106771649166	0.03389667957542675
0.07012752920263529	0.07724304503633186	0.014762199088696784	0.06289814600159735	0.0892815818124628	0.009157222779809623	0.01484173029010889	0.022567189568895907	0.009321931316453893	0.004730554816853309	0.01883336653816763	0.03812407435776853	0.008107498641762707	0.06437448545757422	0.036969580994297174
0.048527654997266585	0.04998442671460777	0.01145020719897672	0.057990986558721216	0.07111620380359217	0.011287299491717168	0.010433922375990765	0.023213721213625704	0.013711150795938471	0.004614334992011676	0.0025640483426088304	0.04477417056372898	0.005400424311098599	0.06507997779385728	0.0411620748105997
0.06779491701435225	0.0851264769098371	0.01396776040713775	0.056175755234372675	0.08781850469167894	0.01233216606278893	0.014953414153372582	0.024981532597332344	0.009875156059633692	0.00458838260633363	0.014600198572654433	0.05857367781378924	0.002837000229179249	0.07539416061760949	0.05185064000670473
0.05187782002626917	0.051410240885803614	0.013927648580231789	0.06753191863782333	0.0865927189250543	0.012113320871352619	0.009448095089893405	0.02598324322108335	0.009811738690273276	0.0034630491305684364	0.00982456972506764	0.05722893587244105	0.005049452693719265	0.07040153942245599	0.04539257093037226
0.08253019157415985	0.09411328601139281	0.01162439319466789	0.06288883306453012	0.07175696970173376	0.007755444659477734	0.01523759690636298	0.021309568319844287	0.01391107410937325	0.0047022218813067215	0.0036563838306276396	0.04268775800689546	0.003774626600001884	0.07790419930189929	0.06720330607364852
0.03558311349841508	0.04006896990250615	0.01174842123327866	0.06246429909401304	0.07245253982419979	0.017669581604024487	0.013575831965523245	0.026952417748126557	0.00838098431612806	0.004710665663616292	0.014396619673599243	0.044107050871541736	0.004964387877840349	0.06397429068843362	0.04851773599233321
0.04416092224593338	0.041147088168068044	0.010866045933715526	0.06429556960478298	0.06651193301095196	0.009621789338493981	0.01001651601233506	0.0332454793458544	0.017153924446361556	0.003693823379160869	0.0052960140201445405	0.041004571931157204	0.00375525396067952	0.07069364803370522	0.03752380682615969
0.03526130055379046	0.03729523914155369	0.013492165696058258	0.05430262207073295	0.08222011459880821	0.010329585640456766	0.0202073707428098	0.02641802650677703	0.012677360281310819	0.004325716682353105	0.004618802876095553	0.06413177791571563	0.0022029258889959985	0.06520667023400298	0.04128661158650393
0.03501678476837699	0.031300402464529115	0.014582302139752056	0.05630455594427434	0.06567217647136411	0.010849132398717562	0.011888768755347978	0.018800282740548176	0.013283573725697882	0.00444100863213653	0.014795008909928369	0.05259806884608208	0.010428857925596034	0.06678077371301132	0.03682455604671826
0.052927892735366466	0.07272653557220987	0.011533328136234672	0.08785976700745311	0.07723158858015305	0.0344661278386837	0.014086030788290738	0.0326867437212854	0.021353690241884028	0.004874633743675149	0.0074406367610465735	0.05779386165712836	0.004736239496390619	0.07645169582279791	0.04079580622382292
0.06233080836300243	0.07095794513581695	0.011884707907311857	0.061996485295924296	0.07679207718096613	0.015892251883387807	0.012891922344890483	0.02063767148878013	0.01424173112923453	0.004691743833432654	0.007524938866001922	0.06949316831715223	0.003860153770195447	0.07900661300601429	0.0590317263378097
0.049666927345720015	0.05180876583355455	0.012381270768610132	0.050094097219987636	0.07986905190652639	0.014013814414946113	0.010179849241365517	0.02992975320905961	0.009615293498584365	0.004010047986233112	0.01256109325499877	0.04091320997229386	0.004036920632105866	0.0763864314349965	0.05810891903193886
0.05474704455788511	0.06061482422501167	0.01146856277606193	0.05848965664418904	0.07232690000484922	0.01113378200707027	0.011443540008779587	0.0214182487594611	0.00975119265778688	0.0045278100097513405	0.004729055696737053	0.02049424232243652	0.00407865181361366	0.06757592871319368	0.04927563986227034
0.04298009915500111	0.05296038111617677	0.011735528317834186	0.06401431976951899	0.07547038951059107	0.026582047250653985	0.012704829194787635	0.034040202042888955	0.011892058741880545	0.0047189725297724465	0.01202876492900078	0.055339592879566565	0.0034493267493129927	0.07215910459349054	0.04478283574310765
0.05593221672465104	0.08213666684432375	0.01198349158582377	0.06435148328082858	0.04177165936975797	0.007712538119995775	0.01177274836873099	0.021644886686387584	0.007171252715355989	0.004319313709105586	0.012251353129887874	0.024510334986499262	0.005658701756920151	0.0756490742939029	0.05763459506958776
0.05148641605952475	0.06686803147834644	0.013310148838014067	0.05786459090108672	0.07477639601843677	0.01753512577001745	0.010922553719136129	0.03456033514741763	0.015296468110025014	0.004652040714868771	0.005153245113800069	0.029004177626579922	0.00567896350820334	0.07714556231124277	0.04412057381603658
0.04968157516678868	0.05842514526425323	0.010978201873621609	0.07615911431890063	0.07782550214756148	0.01647355830761104	0.0131825794202164	0.03501402035287012	0.014613252066462436	0.005124605119842167	0.008404528570697805	0.0621164778893755	0.003919559549809822	0.06516041920861315	0.043937357392614805
0.044818394126873655	0.055459032660432936	0.013670738536145671	0.07611721157096635	0.08432927018771494	0.009899076251813282	0.01250703717075247	0.023877359928339784	0.010877697596872307	0.004500211266560027	0.009907205200784211	0.059720602181271	0.004129250420041277	0.06833476616616273	0.056126005990960355
0.03845385529648784	0.044875428416782874	0.009855287719384345	0.06870926496293277	0.08447585249383381	0.007501219221899984	0.008854299611036995	0.022739180992872525	0.02108229858129078	0.0039013906197490835	0.011171945364764076	0.06078325411059119	0.004668138632950941	0.0674892804903534	0.051762542121912336
0.05652265986335762	0.0715194958106619	0.010509479816707846	0.07072339355270925	0.10052050767209128	0.00914116908497197	0.011254973795962447	0.02806466570817084	0.01746971043596612	0.004859491357041464	0.004884189920011234	0.05779261908925677	0.003243627525348371	0.06898682769207971	0.05103087430833302
0.058870293127310167	0.07136491890012649	0.010791010346187702	0.0665916378924706	0.08061173675887696	0.008676082194684189	0.012284827472584465	0.029264787269512888	0.018876006116656453	0.005177062581853108	0.006405641802526967	0.042566994875490094	0.0014333283375494489	0.07559020646281547	0.04340027508440532
0.05433231786981341	0.07419592922499961	0.01123417888972982	0.07703812562875859	0.10200084567864769	0.01294920729324719	0.01242627335535044	0.026347641366408648	0.007600556820789916	0.0059649269448199356	0.01289895967661443	0.0677712794924678	0.0024607689923825554	0.08109790641498126	0.05556707265316004
0.05965831671433501	0.07315467494329468	0.015111908220329599	0.07128617164653132	0.07698702792854294	0.009877062559875449	0.012060141000811419	0.02177872862067435	0.01717802372776523	0.003239357710666939	0.006537809799419727	0.04552085322024939	0.010031265832960498	0.06951896078095648	0.03901619637385424
0.051395898654918074	0.06492029570173635	0.01136165997408976	0.05708562386747721	0.10090926164799202	0.009199147970845731	0.015989540505273063	0.022874273920591635	0.017017736618089474	0.00450256674488223	0.004680629897664211	0.07362061508092456	0.00414960499329598	0.07491154296925144	0.054465352725191124
0.05261025710133036	0.06284773522504235	0.011012195574944131	0.057846695710990846	0.06819587693484684	0.01551851012097772	0.011809230117195918	0.03478881996342926	0.015745567424550095	0.005073255464777433	0.012107394529348735	0.03555724294863757	0.0037601577563353837	0.05971760263468901	0.04251993115047124
0.06122332349975876	0.06790340535435395	0.010263147847214488	0.06626643975117902	0.07349589176860259	0.008758277450779001	0.013320993228180724	0.028641031631112424	0.013641506524364926	0.004467544920334704	0.0026487707900341626	0.0387991600031049	0.0031134969244788575	0.06758078702812885	0.040636488832032754
0.05220039403930193	0.047344924966902485	0.012314599137262586	0.0725942764038802	0.0645641966858758	0.006805325373459744	0.01141879740862866	0.026150346013779132	0.016314691288408106	0.004366064344005808	0.005290142240775167	0.04576679213270361	0.0036852900468344356	0.06204089813360928	0.052087432995197906
0.0514028617846267	0.056027532523731084	0.011907328861550263	0.05450370175466169	0.06725899241598012	0.0054991483153962765	0.011063501469827472	0.02575757887649377	0.013705696721840252	0.004992561498148968	0.0043304034677714084	0.048678762092561424	0.00478879248128185	0.059338977172421405	0.03713335592104247
0.047563340194005946	0.04213261371216986	0.011516564039743746	0.06869487935951633	0.07235904772884104	0.0058595892352063155	0.018884843942932158	0.019299508891558917	0.016215800464872684	0.004696654085714723	0.012067647037647074	0.053408495497632706	0.003889861718427621	0.06835362649792495	0.053090001278342985
0.05048531986326845	0.04610486946652608	0.011805129710985497	0.054784668855045175	0.09273060781791871	0.009983561612007707	0.017313459931031686	0.0270069901984888	0.009286083642940346	0.005411861822548984	0.012276994765816358	0.06626438220805958	0.0032270683498244533	0.059833065933682913	0.04783064817596429
0.05478715632838579	0.06733582453004036	0.013652173345113244	0.07216782836625468	0.07268469205559536	0.008981288253525113	0.014839307421375614	0.032332538692438295	0.019845722710480372	0.005190607034237921	0.0116278662884982	0.05486633748323599	0.003814290714730809	0.06533229712665213	0.044426053105302524
0.04477392121370517	0.0536972048804659	0.01340988595366934	0.06127696585906133	0.07877180439598339	0.006334449690601642	0.013612142308485946	0.02289990459887694	0.012298167145607343	0.00328974751970033	0.01223858036653821	0.04473336629103969	0.004619666783832314	0.06563559992861455	0.040627304358788176
0.03152869916066592	0.038922841522549004	0.010432743923944263	0.053332641902415774	0.08913417935020039	0.005600722778278459	0.015713216034730994	0.017256900653057298	0.014919339275391658	0.00511315636315195	0.004989122397666864	0.09116264046845038	0.0044541356407342934	0.06932584163148883	0.05254113343189149
0.06147050126147448	0.07554092449924478	0.011875796174430832	0.05497689017438966	0.07530750569479114	0.01253136079359605	0.017616867101080604	0.02499581122090224	0.010003785063514509	0.005663559440950238	0.011771108341133006	0.049229355840658726	0.003017915532760477	0.057695568977929546	0.04059189932425433
0.03620324809365193	0.04421750950104968	0.011086050781455303	0.05379047607158158	0.06177300897687055	0.009765591319195823	0.010601873875516353	0.01825242670953511	0.02015032297230485	0.005161207327615923	0.0027183609197756775	0.03023027702366118	0.0030997926307725116	0.06680781020882105	0.03608127058050943
0.049005997674937365	0.058019501977457186	0.013830483557953592	0.07342685855563837	0.06941621596732646	0.007011028902454397	0.00918812743032376	0.01578254179966824	0.005465959384645012	0.004352894629016582	0.004577688386482071	0.025796279689186227	0.0036494048244975876	0.0696411024228321	0.042294480323149926
0.04172798196927634	0.04869865777094667	0.0112244261011897	0.06773688558500553	0.05882275058982871	0.007642459395568917	0.009979980632140976	0.01898997178702299	0.015772751425030634	0.004839602874910381	0.006145992662231812	0.024788303590494932	0.013689320703446651	0.06719536516578595	0.03719229388775451
0.035650018476797336	0.04328275638812487	0.011337943664951033	0.07719632143337524	0.06644909015010705	0.0075856048035776715	0.013691801781846157	0.019869907652908643	0.01239471639071902	0.004648946610738804	0.006917209423264516	0.04541769154358465	0.004244494912133486	0.06798809759638569	0.03897973443858862
0.05005280855588971	0.08312939593986128	0.01110332120725457	0.06231116146667975	0.05714242807172877	0.006944141444697064	0.009048403185556633	0.021163869422844483	0.017317879571903602	0.0053643305089052	0.001850942553489619	0.023409325111566966	0.004684065882005618	0.06399101956549773	0.04530130866103364
0.036105491469997926	0.04325064709776209	0.01176442886761596	0.0644628922658539	0.07886483712040854	0.01175278242567746	0.01002629700283386	0.03447602305259362	0.016636144792609338	0.005213976857298304	0.0039059317526034	0.04661068948477562	0.002911574770965002	0.06483660659108975	0.048799087590000116
0.030563931432082546	0.03642303695314152	0.009262001559932039	0.05640783578312921	0.04910006808664607	0.007159166627785369	0.007926182305746987	0.024312499588489276	0.016668146544493435	0.004103283532543585	0.014931530562990587	0.03213125585570779	0.0031103063171089578	0.06255028590591527	0.05162805990067969
0.04464690401059837	0.06070580690129236	0.009454275714622802	0.059559689339979856	0.059744335199188724	0.006099137029638331	0.010240979536880522	0.026671205442758302	0.011669360976619423	0.004062637833998702	0.013231896606780832	0.045399833973143455	0.0019112939568164478	0.05473153868054981	0.03962374779123877
0.03694836872743398	0.0464787554444627	0.011408779884901358	0.059885606135814756	0.05978238980861855	0.007037505816164422	0.010605374017494775	0.02494683607981037	0.01120109252308326	0.004833560509880122	0.008468005610251865	0.035464890284186194	0.0018873152872670423	0.06667006384052263	0.04266595955224918
0.05005207297304081	0.07299438108273926	0.011729499948248755	0.05442681503971455	0.07574313839806854	0.008485038472198966	0.013229982518794172	0.02183929055858171	0.017414384449263885	0.00468445086844743	0.006121399542889861	0.045828386325186446	0.00480867320587224	0.0608530998713228	0.02977343063069677
0.038161411989973526	0.06129800090119876	0.010339755037049893	0.07081065398112575	0.09103001735481338	0.012250235628210772	0.018030152411856827	0.027698319426232437	0.00807499843341819	0.005044447207088176	0.003881503949026831	0.05392222159743217	0.00586488559853318	0.06656719670575562	0.045893223076701774
0.04981434890948411	0.06379039995214678	0.010573425725872297	0.06333861876604248	0.08386007649637468	0.008807192405244272	0.011584353116046506	0.021279539681622196	0.012307711321747562	0.003858644214930417	0.004096138171251363	0.0587659541939297	0.0033672781568443878	0.05825676873053998	0.037654859604916435
0.045533091543684935	0.06182945581792812	0.012506044308248414	0.0920883074318825	0.08667381046555075	0.0140984354447759	0.011147459879002014	0.02687798147329627	0.017663878394416806	0.005144773326756573	0.005079680224482191	0.04255312632296215	0.004092651947425835	0.05941575681744983	0.04507852185501485
0.03638236008668948	0.04982616426729716	0.01066937645511527	0.08487480424178787	0.0594176477460502	0.015293242506496142	0.009886613335724966	0.024942597850248157	0.019258138959359405	0.004048176908026867	0.004861111889134896	0.04156930645380369	0.006847532563454425	0.06460394403375447	0.056840982129503864
0.04367256561090329	0.057527049765187355	0.009224971198498876	0.06844324128653113	0.06034314326006469	0.011002988584921722	0.0100199448191599	0.04158108326160867	0.018868791867521998	0.004734714342024866	0.0034570460749397745	0.05128962575822523	0.004779705448908148	0.05697108144736749	0.04941888077723835
0.05395297427523011	0.07030564236001116	0.010253317136415769	0.05371997556271571	0.07177413436699057	0.012522102794911047	0.017836872684605095	0.026213912198424026	0.02615042952355534	0.00445039168059696	0.005123826933653267	0.033527737792146704	0.005604478217608051	0.06018594563854175	0.04763700791283449
0.049097207640332	0.07407546429209683	0.009727041098873955	0.06827030977412636	0.09120153148171267	0.019716298521883356	0.009185239562170908	0.04008351707439069	0.020534438794525513	0.004738870642391695	0.0074583644003125595	0.04670917981116945	0.004987733198173594	0.06442396969025052	0.06406011130050639
0.06499604482508922	0.09158934764037667	0.011081110116028284	0.07005700047484764	0.0747396807168711	0.017087108890400587	0.015253334007945292	0.031855227017687705	0.015228051183562187	0.004396251365892313	0.014062395892497151	0.03565695170209806	0.00392176001252322	0.06644830494282292	0.0584774743265401
