1	16.215959722222223	14.0290046875
2	11.695125	12.0308015625
3	10.310597222222222	11.1234625
4	9.491842361111111	10.53626171875
5	8.959970138888888	10.24121875
6	8.577798611111112	9.95866875
7	8.169819444444444	9.72766953125
8	7.903590277777778	9.5662203125
9	7.648852083333334	9.43129140625
10	7.4502347222222225	9.4354671875
11	7.3166166666666665	9.2458421875
12	7.301595833333334	9.3899125
13	7.236441666666667	9.28390390625
14	7.25270625	9.54197578125
15	7.196129166666666	9.2694296875
16	6.9873569444444446	9.20138984375
17	6.987610416666667	9.0658984375
18	6.8396875	9.1814140625
19	6.832389583333334	9.03854609375
20	6.87916875	9.29404375
21	6.7977895833333335	8.95215625
22	6.660706944444445	8.85315859375
23	6.6098944444444445	8.9745171875
24	6.555498611111111	8.88976171875
25	6.5635666666666665	9.0039
26	6.505829861111111	9.06466875
27	6.4061152777777775	9.0400875
28	6.389261111111111	8.87379765625
29	6.338591666666667	8.919828125
30	6.401779861111111	8.98753359375
31	6.48241875	9.010778125
32	6.3829263888888885	8.9642484375
33	6.328511805555555	9.0491390625
34	6.324602777777778	8.841034375
35	6.153070138888889	8.84556328125
36	6.271148611111111	8.987578125
37	6.22806875	9.03603359375
38	6.112915277777778	8.9147703125
39	6.060911111111111	8.7969578125
40	6.019449305555556	8.85395234375
41	5.959750694444445	8.9001734375
42	5.961352083333334	8.82668671875
43	5.908047222222222	8.7837046875
44	6.141890277777778	8.8971140625
45	6.063719444444445	8.66830078125
46	5.840795138888889	8.5142890625
47	5.834647222222222	8.6553921875
48	5.827268055555556	8.704553125
49	5.9567951388888885	8.7102796875
50	5.82749375	8.6776078125
51	5.7690295138888885	8.5850875
52	5.696047916666667	8.60546328125
53	5.680281944444444	8.78168125
54	5.5676982638888886	8.71135078125
55	5.562672222222222	8.75400546875
56	5.506717013888889	8.69374296875
57	5.595209027777778	8.648028125
58	5.657920833333334	8.96925625
59	5.832485416666667	8.72351953125
60	5.852877777777778	8.84970390625
