mass_1	mass_2	phase	time	distance	a_1	a_2	tilt_1	tilt_2	phi_12	phi_jl	theta_jn	psi	ra	dec
0.0693	0.01417	0.04124	0.24378	0.00513	0.04222	0.04197	0.00571	0.00744	0.04199	0.04301	0.09951	0.03881	0.12134	0.07852
0.05304	0.01281	0.0397	0.14641	0.0048	0.04096	0.04169	0.0069	0.00679	0.04104	0.04099	0.07415	0.04156	0.07515	0.07279
0.06453	0.01083	0.03956	0.12593	0.00387	0.04141	0.04203	0.006	0.00705	0.04062	0.04124	0.06837	0.04062	0.08827	0.05641
0.08259	0.01326	0.04029	0.1352	0.00404	0.03849	0.04234	0.00567	0.00677	0.04087	0.04152	0.07028	0.04054	0.06062	0.06277
0.05824	0.01333	0.04028	0.13861	0.00375	0.0401	0.04293	0.00581	0.00696	0.04114	0.04086	0.06806	0.04048	0.05775	0.07713
0.05624	0.01274	0.03876	0.12289	0.00325	0.03666	0.04093	0.00673	0.0069	0.03925	0.04012	0.07043	0.04081	0.0587	0.07702
0.05605	0.0094	0.03967	0.12493	0.01575	0.03701	0.04039	0.01254	0.00767	0.04053	0.0414	0.08132	0.04141	0.05381	0.07092
0.05521	0.01026	0.04005	0.12227	0.01094	0.03447	0.04018	0.00861	0.00677	0.03966	0.04131	0.07597	0.04021	0.04849	0.06901
0.04507	0.01343	0.04045	0.11891	0.00695	0.03455	0.04057	0.00832	0.00766	0.03997	0.04013	0.08032	0.04073	0.04418	0.06883
0.0539	0.01527	0.03954	0.12137	0.0103	0.03528	0.04099	0.00751	0.00768	0.03874	0.04108	0.08013	0.04055	0.04289	0.06173
0.05049	0.01071	0.04114	0.11097	0.00535	0.0326	0.04116	0.00859	0.00679	0.03995	0.04032	0.103	0.04045	0.03808	0.06504
0.04773	0.0082	0.03898	0.11379	0.0057	0.03163	0.04167	0.00769	0.00753	0.04053	0.04043	0.07925	0.04063	0.03496	0.0568
0.04515	0.00843	0.0397	0.11016	0.00719	0.0322	0.04226	0.0086	0.00674	0.03896	0.04009	0.07848	0.04109	0.0285	0.0562
0.04487	0.0094	0.04084	0.10286	0.00973	0.03218	0.04049	0.01126	0.00666	0.03949	0.03993	0.08551	0.04117	0.02922	0.05448
0.04238	0.00766	0.04056	0.10894	0.01378	0.02868	0.03892	0.01043	0.00775	0.03968	0.03744	0.08138	0.0406	0.0264	0.04952
0.04094	0.00648	0.0389	0.10862	0.01732	0.02731	0.0382	0.00985	0.00783	0.03793	0.03864	0.07574	0.03974	0.02471	0.04819
0.03579	0.00645	0.03851	0.10326	0.01371	0.02406	0.03834	0.00862	0.00715	0.03884	0.03876	0.08045	0.03978	0.02161	0.04867
0.03783	0.00505	0.03962	0.10555	0.01431	0.02263	0.03649	0.00953	0.00999	0.03845	0.03775	0.06924	0.04006	0.02178	0.04587
0.03687	0.00586	0.0385	0.09811	0.01459	0.02053	0.0361	0.00974	0.01105	0.03859	0.03721	0.08632	0.0415	0.02231	0.04531
0.03715	0.00519	0.03833	0.09949	0.01648	0.01949	0.03586	0.00881	0.01275	0.03833	0.03676	0.08762	0.03998	0.01992	0.04538
0.03705	0.00497	0.03809	0.08974	0.01594	0.01963	0.03529	0.01585	0.01101	0.03768	0.03634	0.06333	0.04008	0.02252	0.04213
0.03741	0.00597	0.03912	0.08774	0.01864	0.02084	0.03181	0.00872	0.00819	0.0366	0.03588	0.07137	0.03794	0.019	0.04323
0.03001	0.0044	0.03782	0.08664	0.01754	0.02027	0.02893	0.00883	0.00768	0.03679	0.03678	0.07379	0.03843	0.01801	0.0415
0.0328	0.0047	0.03749	0.09388	0.02099	0.01881	0.02876	0.01116	0.007	0.03674	0.03663	0.06256	0.04	0.01621	0.04033
0.02911	0.00465	0.03737	0.07814	0.01778	0.01418	0.02686	0.00931	0.0075	0.03499	0.03687	0.06309	0.03837	0.01892	0.04079
0.03048	0.00489	0.0369	0.07891	0.01518	0.01665	0.02464	0.00957	0.00962	0.03543	0.03348	0.056	0.03844	0.01859	0.03948
0.02857	0.00534	0.03669	0.07736	0.01643	0.0155	0.0226	0.00795	0.00755	0.03375	0.03567	0.07397	0.03835	0.01472	0.04026
0.03108	0.00504	0.03758	0.07361	0.01552	0.01699	0.02145	0.00909	0.00773	0.03376	0.03436	0.05941	0.03728	0.0127	0.03938
0.02666	0.00578	0.03708	0.06782	0.01819	0.02024	0.02125	0.01123	0.01048	0.0341	0.03387	0.05708	0.03712	0.01269	0.03678
0.02617	0.00507	0.03666	0.06725	0.01573	0.01796	0.01939	0.00725	0.00877	0.03186	0.03315	0.06154	0.03695	0.01641	0.03763
0.0311	0.00573	0.03703	0.07155	0.01587	0.01481	0.02005	0.01067	0.00706	0.03076	0.03265	0.04806	0.03493	0.01516	0.03325
0.03273	0.00602	0.03655	0.06756	0.01854	0.01367	0.01588	0.00997	0.00707	0.02861	0.02941	0.05559	0.03558	0.01459	0.0353
0.02359	0.00486	0.03645	0.0651	0.01636	0.01351	0.01579	0.00782	0.00745	0.02828	0.02975	0.04772	0.03463	0.01226	0.03271
0.02822	0.00616	0.03541	0.06414	0.01596	0.01456	0.01412	0.0094	0.00756	0.02565	0.02894	0.06535	0.03403	0.01184	0.03335
0.02895	0.0073	0.03545	0.06228	0.01509	0.01338	0.014	0.01287	0.00815	0.02425	0.02901	0.04927	0.03282	0.01098	0.0329
0.0242	0.00583	0.03572	0.06379	0.01474	0.0116	0.01265	0.01244	0.00824	0.02347	0.02642	0.06041	0.03244	0.01542	0.03635
0.02113	0.005	0.03397	0.05454	0.01597	0.01314	0.01301	0.01248	0.00697	0.02161	0.02503	0.04207	0.03079	0.01004	0.03174
0.02209	0.00537	0.03432	0.05332	0.01849	0.01063	0.01245	0.01185	0.00735	0.02013	0.02641	0.03899	0.03008	0.01369	0.03037
0.02153	0.00515	0.03368	0.05341	0.01792	0.01127	0.01189	0.01385	0.00732	0.01809	0.02462	0.03759	0.03044	0.01181	0.02819
0.02028	0.00395	0.0346	0.05026	0.01652	0.01176	0.01279	0.0119	0.00697	0.01475	0.02406	0.04894	0.02887	0.01071	0.03207
0.02216	0.00472	0.03234	0.04668	0.01772	0.01113	0.01187	0.01192	0.00726	0.0136	0.02197	0.0375	0.02942	0.0082	0.03087
0.02036	0.00481	0.03241	0.04777	0.024	0.01058	0.0109	0.01095	0.00719	0.01273	0.02137	0.04442	0.02815	0.01012	0.02964
0.01669	0.00372	0.03116	0.0434	0.02661	0.01162	0.0104	0.0089	0.00724	0.01176	0.02099	0.03145	0.02819	0.00776	0.02708
0.01705	0.00343	0.02991	0.03836	0.01795	0.01091	0.01018	0.00753	0.00663	0.01087	0.02199	0.03093	0.02569	0.00937	0.02852
0.01615	0.00347	0.03134	0.03882	0.02231	0.01189	0.01043	0.00942	0.00771	0.01012	0.0208	0.02733	0.02426	0.00782	0.02925
0.01607	0.00421	0.028	0.03594	0.01913	0.01012	0.00955	0.01293	0.00778	0.00974	0.01879	0.03749	0.02346	0.00765	0.02545
0.01592	0.00352	0.0285	0.03295	0.01831	0.01264	0.00964	0.01521	0.00761	0.00906	0.02115	0.03596	0.02277	0.00722	0.02448
0.01724	0.00461	0.02622	0.03661	0.01603	0.01174	0.0093	0.01387	0.00739	0.00867	0.019	0.03882	0.02132	0.00835	0.02571
0.01688	0.00511	0.02531	0.02998	0.02356	0.01118	0.00851	0.01683	0.00758	0.00766	0.0191	0.02924	0.02111	0.00659	0.02291
0.01624	0.00435	0.02492	0.02898	0.01997	0.00998	0.00952	0.01118	0.0067	0.00733	0.01772	0.02222	0.01844	0.0059	0.0212
0.01438	0.00409	0.02411	0.0272	0.02123	0.00932	0.00872	0.00719	0.00725	0.00719	0.01723	0.02795	0.01942	0.00584	0.01916
0.01837	0.00452	0.02265	0.03091	0.02026	0.00989	0.00883	0.0078	0.00706	0.00739	0.01841	0.0342	0.01843	0.00986	0.01752
0.0123	0.004	0.02133	0.0274	0.02066	0.01416	0.00931	0.01314	0.00714	0.00676	0.01636	0.02183	0.01645	0.00692	0.02239
0.01545	0.00698	0.01988	0.02614	0.02105	0.01065	0.00912	0.01153	0.00767	0.00673	0.01634	0.01763	0.01627	0.00713	0.016
0.01209	0.00435	0.01938	0.02439	0.01613	0.00941	0.00837	0.01188	0.00755	0.00651	0.01558	0.02875	0.01533	0.007	0.01746
0.01655	0.00485	0.01817	0.02056	0.01584	0.01128	0.00884	0.01608	0.00826	0.00642	0.01694	0.01875	0.01524	0.00477	0.01689
0.01274	0.00561	0.01736	0.0214	0.01738	0.01101	0.00842	0.01096	0.00708	0.00609	0.01495	0.02374	0.01603	0.00492	0.01416
0.01147	0.00465	0.01688	0.02217	0.0164	0.00958	0.00846	0.01026	0.00731	0.00562	0.01446	0.02126	0.01464	0.0066	0.01587
0.01	0.00357	0.01587	0.01927	0.01388	0.00962	0.00887	0.00986	0.00704	0.00552	0.01432	0.02726	0.01397	0.0061	0.01265
0.00973	0.00427	0.01538	0.01814	0.0178	0.00971	0.00789	0.01183	0.00799	0.00529	0.01462	0.02255	0.01425	0.00592	0.01315
0.00983	0.00385	0.01436	0.01862	0.01679	0.01061	0.00807	0.01209	0.00686	0.00505	0.0133	0.0123	0.01302	0.00649	0.0114
0.00939	0.00299	0.01466	0.0146	0.02426	0.00809	0.00781	0.00974	0.00679	0.00513	0.01433	0.0318	0.01366	0.00489	0.01549
0.01125	0.00308	0.01527	0.01549	0.02243	0.01244	0.00954	0.01046	0.00811	0.00528	0.01667	0.01247	0.01285	0.00455	0.01373
0.0106	0.0032	0.01422	0.01309	0.02238	0.01002	0.00856	0.01038	0.00721	0.0054	0.01277	0.02296	0.01224	0.00634	0.01369
0.00903	0.00268	0.0143	0.01239	0.01472	0.01037	0.00821	0.01041	0.00708	0.00484	0.01222	0.00902	0.01171	0.00456	0.01108
0.00731	0.00258	0.01286	0.00978	0.01385	0.0079	0.00828	0.00846	0.00798	0.00444	0.01344	0.01364	0.01254	0.00356	0.01262
0.0081	0.00264	0.01307	0.0133	0.01351	0.0085	0.00788	0.00808	0.00772	0.00447	0.01515	0.01506	0.01178	0.00628	0.01089
0.0077	0.00387	0.01277	0.00992	0.01544	0.00782	0.00735	0.00988	0.00756	0.00419	0.01644	0.01506	0.01186	0.00444	0.01078
0.01018	0.00596	0.01277	0.01225	0.01395	0.01023	0.00861	0.00895	0.00796	0.00405	0.0123	0.0123	0.01143	0.00544	0.01029
0.00986	0.00404	0.01296	0.01032	0.01414	0.0137	0.00767	0.01596	0.00662	0.00415	0.01361	0.01912	0.01159	0.00388	0.00916
0.00882	0.00386	0.0126	0.00902	0.0158	0.01074	0.00742	0.01302	0.00629	0.00401	0.01495	0.0111	0.01053	0.00328	0.00698
0.00791	0.00496	0.01196	0.01026	0.0136	0.00795	0.00785	0.01097	0.00903	0.0038	0.01398	0.02737	0.01045	0.0042	0.00881
0.00884	0.00273	0.01213	0.00965	0.01222	0.00828	0.00761	0.01083	0.00804	0.0038	0.0118	0.0067	0.00973	0.00331	0.00625
0.00857	0.00314	0.01264	0.01044	0.01245	0.00778	0.00743	0.00907	0.0086	0.00404	0.01591	0.00814	0.01161	0.00509	0.006
0.01034	0.00475	0.01147	0.00942	0.01497	0.00698	0.00691	0.01082	0.01168	0.00359	0.01561	0.00695	0.01085	0.00529	0.00784
0.00711	0.00283	0.01213	0.00916	0.0236	0.01128	0.00684	0.01012	0.00863	0.00395	0.014	0.00983	0.00992	0.00336	0.00758
0.00806	0.00687	0.01153	0.00816	0.01526	0.01216	0.00645	0.01175	0.0094	0.00361	0.01091	0.01441	0.00985	0.00282	0.00524
0.00778	0.00604	0.01092	0.0061	0.0165	0.0097	0.007	0.01015	0.01006	0.00361	0.00938	0.01246	0.00995	0.00238	0.00563
0.00847	0.00423	0.01148	0.00765	0.01744	0.00749	0.00664	0.00984	0.00821	0.00353	0.00936	0.00811	0.01003	0.00277	0.00487
0.00648	0.00408	0.01097	0.00698	0.01472	0.0101	0.00679	0.01134	0.00706	0.00326	0.01118	0.01474	0.00961	0.00354	0.00598
0.00694	0.00246	0.01073	0.00795	0.01529	0.00622	0.00658	0.00898	0.00682	0.00307	0.00874	0.00858	0.00911	0.00258	0.00498
0.00817	0.00508	0.01153	0.00837	0.01659	0.00583	0.00665	0.00859	0.00777	0.00304	0.00896	0.0167	0.00939	0.00328	0.00575
0.006	0.00324	0.01149	0.00795	0.01627	0.0075	0.00682	0.00849	0.00767	0.00322	0.00951	0.03031	0.0094	0.00479	0.00799
0.00561	0.00386	0.01056	0.00732	0.02083	0.00712	0.00675	0.00895	0.00728	0.00313	0.00782	0.02769	0.00914	0.00279	0.00522
0.00732	0.00449	0.01026	0.00794	0.01778	0.00637	0.00624	0.00733	0.00805	0.00328	0.00737	0.02951	0.00847	0.00285	0.00423
0.00494	0.00263	0.01067	0.00574	0.0175	0.00692	0.00697	0.00775	0.00743	0.00301	0.00954	0.02145	0.00785	0.00227	0.00318
0.0056	0.0042	0.01006	0.00614	0.02164	0.00632	0.0064	0.00704	0.00768	0.00346	0.00834	0.00714	0.00876	0.00319	0.00492
0.00739	0.00749	0.00983	0.00656	0.01899	0.00828	0.00653	0.00809	0.01	0.00356	0.00843	0.01605	0.00849	0.00333	0.00365
0.00763	0.00696	0.00977	0.0049	0.02	0.00665	0.00683	0.00783	0.00701	0.00421	0.00738	0.00961	0.00839	0.00219	0.00389
0.00793	0.00865	0.00989	0.00786	0.02095	0.00632	0.00684	0.00822	0.00761	0.00329	0.00808	0.00764	0.00751	0.00363	0.00587
0.00675	0.00761	0.01066	0.00602	0.01765	0.00524	0.00619	0.00846	0.007	0.00308	0.00663	0.01041	0.0082	0.00325	0.00481
0.00714	0.00673	0.00958	0.0063	0.01649	0.00552	0.0058	0.00811	0.00698	0.00301	0.00662	0.0073	0.00869	0.00321	0.00397
0.00484	0.00388	0.00934	0.00752	0.02112	0.00529	0.00637	0.00776	0.00726	0.0034	0.00652	0.00379	0.00689	0.00337	0.00758
0.00765	0.00839	0.00912	0.00495	0.01848	0.00596	0.00596	0.00665	0.0081	0.00295	0.00554	0.00841	0.00675	0.00266	0.00347
0.00617	0.00624	0.01017	0.0043	0.01688	0.00563	0.00655	0.00763	0.00779	0.00286	0.00589	0.01748	0.00809	0.00232	0.00368
0.00713	0.00702	0.00968	0.00448	0.01422	0.00665	0.0066	0.00626	0.00672	0.00269	0.00711	0.0109	0.00803	0.00181	0.00268
0.00841	0.00851	0.00952	0.00401	0.0165	0.00532	0.00726	0.0073	0.00856	0.00285	0.00527	0.00958	0.00642	0.00224	0.00348
0.00852	0.00827	0.00968	0.00379	0.01984	0.00563	0.00609	0.00836	0.00763	0.00287	0.00549	0.01293	0.00625	0.00308	0.0052
0.01012	0.01141	0.00929	0.00495	0.01996	0.00592	0.00668	0.00571	0.00843	0.00257	0.00535	0.02149	0.0055	0.00286	0.00561
0.0073	0.00843	0.00979	0.0042	0.01805	0.00594	0.00621	0.0088	0.00803	0.00306	0.00567	0.00592	0.00499	0.00381	0.00386
0.00649	0.00799	0.00888	0.006	0.01976	0.0051	0.00618	0.00717	0.00808	0.00293	0.00464	0.01586	0.0035	0.00266	0.00396
0.00628	0.00865	0.00923	0.005	0.01669	0.00646	0.00597	0.00796	0.00787	0.00285	0.00359	0.0112	0.00374	0.00262	0.0043
0.00508	0.00525	0.00877	0.00397	0.02216	0.00507	0.00597	0.008	0.00694	0.00287	0.0037	0.00644	0.00273	0.00183	0.00308
0.00888	0.00924	0.00862	0.00477	0.01854	0.00586	0.00602	0.00839	0.00745	0.00266	0.0034	0.01267	0.0032	0.00345	0.00414
0.00752	0.00737	0.00937	0.00345	0.01959	0.00467	0.00558	0.00746	0.00663	0.00299	0.00335	0.00907	0.00389	0.00226	0.00321
0.00653	0.00729	0.00879	0.0047	0.0251	0.00483	0.0068	0.00823	0.00691	0.00262	0.00181	0.00919	0.00281	0.00256	0.00232
0.00601	0.00866	0.00901	0.00371	0.02075	0.00496	0.00664	0.00643	0.00652	0.00275	0.00338	0.02489	0.00333	0.00268	0.00342
0.00631	0.0074	0.00866	0.00352	0.02175	0.0061	0.0064	0.00826	0.00693	0.00288	0.00314	0.01732	0.00268	0.00276	0.00278
0.00625	0.0075	0.00835	0.00379	0.02203	0.00551	0.00744	0.00729	0.00652	0.0026	0.00216	0.0101	0.00216	0.00253	0.00264
0.00659	0.00754	0.0092	0.00341	0.02042	0.00485	0.00599	0.00831	0.00703	0.00284	0.00245	0.00824	0.00194	0.00194	0.00148
0.00644	0.00917	0.00861	0.00402	0.02116	0.00561	0.00545	0.00859	0.0068	0.00252	0.00139	0.01305	0.00207	0.00234	0.0036
0.00723	0.00967	0.00865	0.00394	0.02003	0.00505	0.00522	0.0076	0.00825	0.00283	0.00183	0.01668	0.00127	0.00313	0.00158
0.0061	0.00687	0.00882	0.00385	0.02374	0.00458	0.00566	0.0067	0.00803	0.00262	0.00208	0.00666	0.00239	0.0031	0.00487
0.00751	0.00828	0.00838	0.00249	0.02127	0.00438	0.00551	0.00746	0.00717	0.00244	0.00135	0.00603	0.00219	0.00252	0.00213
0.0084	0.01142	0.00831	0.00574	0.02393	0.00514	0.00551	0.0082	0.00742	0.0024	0.00131	0.00743	0.00209	0.00357	0.00573
0.0088	0.01078	0.00866	0.00442	0.02445	0.00517	0.00555	0.0059	0.00816	0.00221	0.00093	0.01893	0.00242	0.0028	0.00371
0.00497	0.00731	0.00853	0.00324	0.02292	0.00466	0.00527	0.00771	0.00679	0.00247	0.00149	0.01649	0.00218	0.00275	0.00254
0.0044	0.00531	0.00811	0.00465	0.02122	0.00388	0.00634	0.00688	0.00596	0.00289	0.00139	0.01649	0.00186	0.00244	0.00443
0.01033	0.015	0.0083	0.00671	0.02617	0.0063	0.00518	0.00755	0.00703	0.00261	0.00345	0.01254	0.00164	0.00644	0.01009
0.00735	0.00942	0.00855	0.00369	0.022	0.00466	0.00501	0.00723	0.00651	0.00259	0.00103	0.01608	0.00154	0.00256	0.00441
0.00941	0.01468	0.00767	0.0044	0.02837	0.00435	0.00521	0.01021	0.00736	0.00239	0.00509	0.00581	0.00256	0.00333	0.00573
0.00687	0.01323	0.00831	0.00301	0.02322	0.0061	0.0053	0.00974	0.00653	0.00229	0.00223	0.00866	0.0019	0.0018	0.00088
0.01048	0.01416	0.0079	0.00398	0.02056	0.00384	0.00534	0.00569	0.00687	0.00243	0.00105	0.01056	0.00192	0.0017	0.00199
0.01045	0.01278	0.00802	0.00282	0.02315	0.00411	0.00507	0.00573	0.00657	0.00216	0.00179	0.0062	0.00259	0.00213	0.00165
0.01144	0.01725	0.00824	0.00323	0.02748	0.00421	0.00586	0.00539	0.00902	0.00235	0.00055	0.00692	0.00318	0.0021	0.00136
0.00945	0.01315	0.00791	0.00345	0.02445	0.00451	0.00513	0.00903	0.00673	0.00252	0.00221	0.01105	0.00134	0.00208	0.00508
0.01342	0.01613	0.00818	0.00306	0.02235	0.00413	0.00509	0.00776	0.00718	0.00222	0.00196	0.00953	0.00201	0.00217	0.00175
0.00707	0.00896	0.00764	0.00427	0.02629	0.00446	0.00509	0.00856	0.00766	0.0022	0.00174	0.00764	0.0033	0.00308	0.00337
0.00515	0.00549	0.00806	0.00263	0.01849	0.00447	0.00545	0.0083	0.00679	0.00211	0.00248	0.01266	0.00276	0.00245	0.00307
0.00619	0.00712	0.00774	0.00423	0.02138	0.0039	0.00499	0.00775	0.00783	0.00215	0.00248	0.01002	0.00189	0.00342	0.00283
0.00605	0.00873	0.00815	0.00185	0.01684	0.0031	0.00512	0.00513	0.00637	0.00205	0.00121	0.00592	0.00176	0.00134	0.00081
0.01035	0.01424	0.0073	0.00263	0.02147	0.00363	0.00517	0.00509	0.00683	0.00228	0.00159	0.00751	0.00238	0.00214	0.00148
0.00864	0.01077	0.0078	0.00233	0.02295	0.00416	0.00674	0.00796	0.00658	0.00193	0.00186	0.01486	0.00103	0.00215	0.00159
0.00958	0.01089	0.00769	0.00332	0.02157	0.00412	0.00522	0.00855	0.00576	0.00192	0.00166	0.00877	0.00133	0.00258	0.00294
0.00561	0.00731	0.00739	0.00416	0.02017	0.00385	0.00558	0.0069	0.00697	0.00213	0.00115	0.01005	0.00123	0.00231	0.00294
0.00915	0.00993	0.00706	0.00312	0.01669	0.00438	0.00582	0.00685	0.007	0.00193	0.0009	0.00844	0.00111	0.00183	0.00073
0.01302	0.01737	0.0076	0.00472	0.02098	0.00428	0.00519	0.0067	0.00615	0.00208	0.00087	0.00995	0.00182	0.00351	0.00336
0.01113	0.01177	0.00739	0.00381	0.01848	0.00542	0.00547	0.00756	0.00604	0.00223	0.00156	0.00879	0.00111	0.00317	0.00158
0.0076	0.00928	0.00708	0.00605	0.01927	0.00389	0.00462	0.00718	0.00594	0.0019	0.0036	0.02296	0.00126	0.0027	0.00249
0.00899	0.01235	0.00737	0.0041	0.02151	0.0059	0.00581	0.00672	0.00631	0.00215	0.0005	0.01559	0.00109	0.00322	0.00247
0.00671	0.0109	0.00763	0.00374	0.02315	0.00581	0.00505	0.00752	0.00766	0.00203	0.00057	0.01129	0.00256	0.00262	0.00328
0.00901	0.01211	0.00694	0.00246	0.01923	0.00465	0.00451	0.00637	0.00624	0.00187	0.00118	0.00979	0.00142	0.00225	0.00191
0.01064	0.012	0.00727	0.00383	0.01934	0.00457	0.0046	0.00932	0.00664	0.00208	0.00094	0.00888	0.00178	0.00305	0.00341
0.00504	0.00656	0.00723	0.00308	0.02024	0.00387	0.00463	0.00599	0.00625	0.00229	0.0018	0.0122	0.00095	0.00331	0.0036
0.01173	0.01439	0.00688	0.0041	0.01847	0.00432	0.00451	0.00708	0.00761	0.00181	0.00132	0.01199	0.00154	0.00263	0.00157
0.01187	0.01701	0.00751	0.00318	0.01749	0.00423	0.00697	0.00706	0.00705	0.00176	0.00087	0.01445	0.00139	0.003	0.0027
0.01118	0.01776	0.00683	0.00475	0.01997	0.00368	0.00624	0.01025	0.00823	0.00187	0.00082	0.00931	0.00108	0.00312	0.00247
0.01181	0.01887	0.00722	0.00428	0.02485	0.00428	0.00572	0.00986	0.0067	0.00202	0.00122	0.01439	0.00161	0.0026	0.00224
0.00958	0.01183	0.00726	0.0035	0.01883	0.00404	0.00532	0.00753	0.00718	0.00188	0.00178	0.00885	0.0018	0.00227	0.00362
0.0084	0.01124	0.00685	0.00544	0.02015	0.00382	0.0042	0.00807	0.00714	0.00172	0.00125	0.0204	0.00095	0.00415	0.00309
0.00503	0.00865	0.00707	0.00493	0.02024	0.00435	0.00462	0.0053	0.0071	0.00177	0.00188	0.02462	0.0019	0.00386	0.00395
0.00676	0.00933	0.00732	0.00485	0.01542	0.00378	0.0048	0.00646	0.00625	0.00181	0.00097	0.01199	0.0012	0.00309	0.00337
0.00669	0.00858	0.00769	0.00418	0.01883	0.00355	0.0043	0.00726	0.0072	0.00172	0.00368	0.01249	0.00115	0.00286	0.00225
0.00203	0.00257	0.00714	0.00688	0.02638	0.00352	0.00433	0.0072	0.00771	0.00177	0.00261	0.02005	0.00084	0.00504	0.00889
0.01074	0.01752	0.00703	0.00558	0.02904	0.00405	0.00468	0.0083	0.00913	0.00191	0.00235	0.01735	0.00105	0.00378	0.00438
0.00945	0.01391	0.00738	0.0035	0.02129	0.00396	0.00465	0.01374	0.00711	0.00174	0.00146	0.01312	0.00175	0.00231	0.00101
0.01273	0.01796	0.00751	0.0045	0.02607	0.00395	0.00443	0.00733	0.00734	0.00171	0.00214	0.00949	0.0031	0.00291	0.00175
0.00724	0.01116	0.00686	0.0065	0.0196	0.00512	0.00483	0.00965	0.00736	0.00197	0.00163	0.00739	0.0016	0.00365	0.00318
0.00423	0.00605	0.00728	0.00513	0.02549	0.00313	0.00452	0.00674	0.00744	0.00178	0.00136	0.01809	0.00143	0.00457	0.00405
0.0066	0.00871	0.00657	0.00286	0.02078	0.0041	0.00416	0.0102	0.00897	0.00153	0.00372	0.01045	0.00147	0.00262	0.0008
0.00548	0.0075	0.00675	0.0036	0.02331	0.00338	0.00422	0.00744	0.00723	0.00167	0.00296	0.01272	0.00175	0.00385	0.00547
0.00668	0.01064	0.00679	0.00378	0.02206	0.00335	0.00391	0.00718	0.00741	0.00172	0.00168	0.01306	0.00138	0.0034	0.00174
0.00928	0.01287	0.00699	0.00639	0.0223	0.00302	0.0045	0.00665	0.00881	0.00154	0.00233	0.01963	0.0005	0.00459	0.00382
0.0097	0.01544	0.00715	0.00673	0.02062	0.00408	0.00542	0.00805	0.00706	0.00177	0.0019	0.01541	0.00045	0.00444	0.0042
0.01755	0.02459	0.00662	0.0053	0.02113	0.00315	0.00472	0.00694	0.00919	0.00157	0.00318	0.01665	0.00092	0.00363	0.002
0.01406	0.01839	0.00709	0.00493	0.02162	0.00307	0.00543	0.00844	0.00853	0.00164	0.00101	0.01907	0.00061	0.00504	0.00317
0.01027	0.01096	0.0064	0.00584	0.02897	0.0042	0.00465	0.00803	0.0094	0.00156	0.00194	0.0132	0.00085	0.00414	0.00435
0.01086	0.01788	0.00658	0.00482	0.02784	0.0044	0.00447	0.00729	0.00951	0.00145	0.00191	0.01265	0.00149	0.00312	0.00233
0.00806	0.01274	0.00653	0.00305	0.02335	0.00527	0.0045	0.01107	0.00704	0.00151	0.00178	0.01692	0.00082	0.00255	0.0022
0.008	0.01496	0.00665	0.00575	0.03039	0.00381	0.00516	0.00795	0.00671	0.0016	0.00052	0.0184	0.00077	0.0038	0.00321
0.00905	0.01419	0.00687	0.00438	0.02634	0.00359	0.00451	0.00691	0.00657	0.00151	0.00247	0.00885	0.00117	0.00296	0.00243
0.01431	0.01968	0.00648	0.00308	0.02511	0.00366	0.0052	0.00681	0.00755	0.00158	0.00334	0.021	0.00177	0.00372	0.00269
0.01145	0.01984	0.00641	0.00448	0.02914	0.00397	0.00484	0.00635	0.00733	0.00167	0.0017	0.01549	0.0014	0.0027	0.00157
0.01138	0.01672	0.00636	0.00404	0.02463	0.00376	0.00448	0.00916	0.00655	0.00179	0.00219	0.01776	0.00136	0.00298	0.00178
0.01073	0.01563	0.00638	0.00582	0.03021	0.0038	0.00433	0.00597	0.00621	0.00145	0.00021	0.00998	0.00104	0.00493	0.00577
0.0114	0.0157	0.00605	0.0056	0.02431	0.00364	0.00486	0.00607	0.00635	0.00161	0.00039	0.0119	0.00082	0.00401	0.00352
0.01327	0.02017	0.00648	0.0036	0.02451	0.00297	0.006	0.00513	0.00695	0.00158	0.00041	0.01307	0.00119	0.00316	0.00141
0.01007	0.0165	0.00568	0.00376	0.0181	0.00326	0.00575	0.00665	0.00644	0.00141	0.00036	0.01328	0.00185	0.00323	0.0013
0.00858	0.01179	0.00618	0.00615	0.02223	0.00342	0.00577	0.00579	0.0071	0.00148	0.00062	0.0144	0.00087	0.0037	0.00234
0.01292	0.01863	0.00612	0.00453	0.02698	0.00437	0.00392	0.00801	0.00772	0.00148	0.00117	0.01238	0.0013	0.00362	0.00171
0.00981	0.01412	0.00612	0.00353	0.02589	0.00273	0.00477	0.00634	0.00596	0.0015	0.00129	0.01151	0.00075	0.00268	0.0015
0.01327	0.01812	0.00604	0.00387	0.02626	0.00282	0.00376	0.00487	0.00798	0.00158	0.00246	0.01253	0.00108	0.00377	0.0028
0.01533	0.0226	0.00645	0.00425	0.0247	0.00422	0.00395	0.00628	0.00796	0.00145	0.00068	0.00986	0.00094	0.00354	0.00295
0.01005	0.01547	0.00651	0.00457	0.02656	0.00298	0.00392	0.00507	0.00818	0.00156	0.00038	0.01759	0.00047	0.00299	0.00195
0.01091	0.01427	0.00637	0.00575	0.02742	0.00302	0.00424	0.00709	0.00729	0.00166	0.0012	0.02747	0.00068	0.00403	0.00343
0.01129	0.0206	0.00622	0.00477	0.02445	0.00394	0.00422	0.00698	0.00788	0.00141	0.00061	0.01031	0.00115	0.00355	0.00234
0.01714	0.02674	0.00605	0.00481	0.0229	0.00381	0.00462	0.00586	0.00931	0.00151	0.00161	0.01287	0.00112	0.00329	0.00208
0.00628	0.01124	0.00618	0.00602	0.02075	0.00317	0.00421	0.00737	0.00651	0.00169	0.00066	0.0157	0.00077	0.00387	0.00326
0.00889	0.01462	0.00613	0.00596	0.02924	0.00253	0.00463	0.00457	0.0074	0.0016	0.00045	0.01505	0.00118	0.00372	0.00341
0.00669	0.01157	0.00614	0.00586	0.02162	0.00232	0.00353	0.00422	0.00639	0.00153	0.00045	0.01153	0.00066	0.0052	0.00373
0.02113	0.02633	0.00565	0.00559	0.02919	0.00273	0.00339	0.00639	0.00519	0.00151	0.0015	0.01342	0.00099	0.00408	0.00354
0.0121	0.0179	0.00577	0.00605	0.02877	0.00453	0.00376	0.00604	0.0054	0.00121	0.00166	0.01134	0.0006	0.00541	0.0053
0.0137	0.02091	0.00593	0.00431	0.02718	0.00569	0.0036	0.00632	0.00645	0.00146	0.00064	0.01211	0.0008	0.00308	0.00249
0.01081	0.01549	0.00614	0.00608	0.03106	0.00603	0.00357	0.00667	0.0064	0.00133	0.00087	0.00966	0.00116	0.00282	0.00301
0.0198	0.0285	0.00561	0.00312	0.02501	0.00391	0.00413	0.00625	0.00592	0.00142	0.00076	0.00919	0.00066	0.0028	0.00121
0.01336	0.01905	0.00583	0.00521	0.02002	0.0039	0.00328	0.00647	0.00605	0.00132	0.0005	0.01251	0.00086	0.00371	0.00236
0.00942	0.01363	0.00537	0.00407	0.02682	0.00289	0.00401	0.00464	0.00539	0.00138	0.00104	0.01309	0.00095	0.0027	0.00165
0.01039	0.01451	0.00571	0.0036	0.02354	0.00373	0.00359	0.00433	0.00607	0.00125	0.00137	0.01427	0.00126	0.00418	0.0029
0.00989	0.01416	0.00556	0.00372	0.02798	0.00336	0.00335	0.00439	0.00517	0.00118	0.00026	0.01324	0.00084	0.00503	0.00367
0.01053	0.01533	0.00538	0.00503	0.02943	0.0022	0.00355	0.00685	0.00594	0.00128	0.00064	0.0116	0.00151	0.00551	0.00435
0.00858	0.01157	0.00567	0.00518	0.02395	0.00302	0.00332	0.00582	0.00702	0.00135	0.00032	0.0128	0.00128	0.0042	0.00258
0.00518	0.00822	0.00586	0.00673	0.02787	0.00266	0.00416	0.00789	0.00525	0.0015	0.00052	0.02032	0.00106	0.00668	0.00487
0.01334	0.01683	0.00566	0.0077	0.02889	0.00278	0.00554	0.00572	0.005	0.00151	0.00152	0.01852	0.00033	0.00618	0.00707
0.00904	0.01754	0.00578	0.00395	0.03186	0.00331	0.00424	0.00519	0.00565	0.00149	0.00027	0.01447	0.00168	0.00466	0.00432
0.00645	0.01455	0.0056	0.00637	0.0288	0.00289	0.00399	0.00634	0.00532	0.00148	0.00159	0.00917	0.00062	0.00337	0.00305
0.00861	0.01655	0.00556	0.00367	0.02199	0.00429	0.00343	0.00817	0.00456	0.00112	0.00043	0.01012	0.0009	0.00261	0.00128
0.01312	0.02059	0.00605	0.00445	0.02726	0.00284	0.00391	0.00571	0.00581	0.00134	0.00231	0.01228	0.00081	0.00351	0.00207
0.0115	0.02074	0.00572	0.00522	0.02754	0.0022	0.00344	0.00433	0.00644	0.00121	0.00097	0.01874	0.00048	0.00357	0.0031
0.0113	0.01609	0.00541	0.00674	0.02654	0.00225	0.00416	0.00557	0.00665	0.00168	0.00105	0.01535	0.00138	0.00502	0.00398
0.01181	0.01997	0.00535	0.00702	0.02965	0.00275	0.00416	0.0076	0.00658	0.0015	0.0006	0.01393	0.00082	0.00539	0.00555
0.0089	0.01779	0.00556	0.00445	0.02308	0.00235	0.00457	0.00729	0.00561	0.00142	0.00086	0.01078	0.00055	0.00402	0.00225
0.01586	0.0272	0.00518	0.00653	0.03169	0.00272	0.00467	0.00959	0.00526	0.00125	0.00142	0.01095	0.00071	0.00856	0.00907
0.01151	0.01979	0.00556	0.00669	0.02732	0.00299	0.00422	0.00958	0.00571	0.00115	0.00122	0.01561	0.00115	0.00533	0.00266
0.00882	0.01692	0.00561	0.00479	0.02988	0.00305	0.0037	0.00956	0.0052	0.00136	0.00076	0.01705	0.00117	0.00363	0.00169
0.00965	0.01731	0.00567	0.00628	0.02797	0.00267	0.00333	0.00884	0.00619	0.00154	0.00287	0.00969	0.00099	0.00724	0.00413
0.01046	0.01908	0.00521	0.00551	0.02943	0.00262	0.00263	0.00672	0.00619	0.00148	0.00097	0.02027	0.00066	0.00502	0.00495
0.01276	0.01967	0.0054	0.00657	0.03208	0.00225	0.00298	0.00504	0.00586	0.0017	0.00098	0.0098	0.00068	0.00538	0.00455
0.00783	0.01312	0.0055	0.00552	0.02717	0.00167	0.00304	0.00645	0.0062	0.00122	0.00057	0.00874	0.0008	0.00407	0.00243
0.00714	0.01227	0.00501	0.00464	0.0304	0.00219	0.00335	0.00586	0.00554	0.0013	0.00095	0.01081	0.00096	0.00588	0.00373
0.00535	0.01229	0.00513	0.0057	0.02745	0.0025	0.00337	0.00634	0.00563	0.00127	0.00064	0.01434	0.00053	0.00371	0.0027
0.0063	0.01225	0.0049	0.00603	0.03303	0.00275	0.00293	0.00692	0.00533	0.0014	0.00178	0.00923	0.00103	0.00499	0.00286
0.00563	0.01043	0.00517	0.00392	0.02641	0.00173	0.00311	0.00565	0.00704	0.0016	0.00116	0.01027	0.00047	0.00455	0.00304
0.00654	0.01374	0.0052	0.00488	0.02826	0.00284	0.00325	0.00685	0.00622	0.00154	0.00172	0.01318	0.00075	0.00523	0.00262
0.00898	0.01796	0.00545	0.00567	0.02649	0.00245	0.00354	0.00604	0.00563	0.00138	0.00128	0.01888	0.00114	0.00341	0.00248
0.00638	0.0138	0.00553	0.00838	0.03163	0.00346	0.00284	0.00755	0.00649	0.00102	0.00221	0.01173	0.00093	0.00502	0.00347
0.00977	0.01671	0.00487	0.00576	0.03004	0.00322	0.00416	0.00836	0.00565	0.00134	0.00238	0.01075	0.00124	0.00512	0.00407
0.00843	0.01549	0.00488	0.0048	0.02488	0.00371	0.00339	0.00787	0.00505	0.00116	0.00285	0.01056	0.00049	0.00403	0.00234
0.01106	0.01842	0.0052	0.00565	0.027	0.00237	0.00296	0.00514	0.00564	0.00101	0.00118	0.01371	0.00068	0.00323	0.00187
0.00819	0.01756	0.00549	0.00461	0.03008	0.00233	0.00236	0.00675	0.00468	0.00116	0.00045	0.00821	0.00112	0.00415	0.00397
0.01039	0.02235	0.00569	0.00616	0.02887	0.00254	0.00342	0.00556	0.00623	0.00125	0.00145	0.00853	0.0012	0.00455	0.00311
0.01291	0.02409	0.00534	0.00883	0.0354	0.00388	0.00361	0.00762	0.00635	0.0012	0.00107	0.00862	0.00096	0.00898	0.00996
0.01311	0.02268	0.00487	0.006	0.02589	0.00301	0.0031	0.00587	0.00709	0.00119	0.00094	0.01211	0.00064	0.00585	0.00359
0.01298	0.02013	0.00497	0.0072	0.03205	0.00321	0.0029	0.00895	0.00564	0.00126	0.00091	0.00973	0.00083	0.00539	0.00584
0.00766	0.01433	0.00485	0.00513	0.02556	0.00364	0.00303	0.00627	0.00507	0.00126	0.00132	0.01116	0.00063	0.0033	0.00177
0.00532	0.0112	0.00497	0.00553	0.02606	0.00438	0.00263	0.00822	0.00566	0.00099	0.00145	0.00966	0.00077	0.00495	0.00235
0.00565	0.01316	0.00516	0.00595	0.02539	0.00307	0.00291	0.0065	0.00501	0.00117	0.00084	0.01757	0.0009	0.00535	0.00317
0.00535	0.01376	0.00494	0.00644	0.02806	0.0031	0.00296	0.00685	0.00488	0.00107	0.00057	0.00751	0.00108	0.00384	0.00341
0.00456	0.01266	0.0043	0.00467	0.02629	0.00302	0.00245	0.00746	0.00553	0.001	0.00121	0.00861	0.00064	0.0057	0.00559
0.00573	0.01483	0.00492	0.0063	0.0287	0.0024	0.00308	0.00673	0.00604	0.00095	0.00138	0.01417	0.00074	0.00537	0.00398
0.0076	0.01507	0.00533	0.00416	0.02219	0.00221	0.00334	0.00669	0.00541	0.00107	0.00077	0.01177	0.00082	0.00484	0.00409
0.00994	0.021	0.00464	0.00399	0.02135	0.00321	0.00285	0.00861	0.00641	0.0011	0.00071	0.00887	0.00114	0.00338	0.00134
0.00742	0.01735	0.00473	0.00641	0.02823	0.00274	0.0031	0.00779	0.00672	0.00122	0.00187	0.00677	0.00125	0.00564	0.00294
0.01444	0.02661	0.00504	0.00581	0.02218	0.00327	0.0031	0.01076	0.00375	0.00135	0.00147	0.01148	0.00046	0.00373	0.00218
0.01109	0.02204	0.00482	0.00633	0.02814	0.0025	0.00281	0.00817	0.00539	0.0012	0.00087	0.00938	0.00059	0.00504	0.00578
0.01118	0.0219	0.00431	0.00428	0.02384	0.00192	0.0027	0.00671	0.00439	0.00111	0.00213	0.02343	0.00087	0.00413	0.00276
0.00656	0.01558	0.00519	0.00556	0.02187	0.00228	0.003	0.0063	0.00444	0.00112	0.00148	0.01435	0.00095	0.00575	0.00457
0.00707	0.01914	0.00506	0.00576	0.02061	0.00267	0.00254	0.00483	0.00629	0.00112	0.00181	0.00961	0.00066	0.0049	0.00315
0.00702	0.01649	0.00508	0.00526	0.02383	0.00219	0.00275	0.00604	0.00627	0.0014	0.00138	0.01757	0.00078	0.00342	0.00266
0.01003	0.02084	0.0043	0.0032	0.02153	0.00165	0.00291	0.00671	0.0048	0.00124	0.00166	0.00831	0.0009	0.0043	0.00141
0.00739	0.01757	0.00471	0.00373	0.02371	0.00174	0.0028	0.00621	0.0062	0.00138	0.00083	0.01143	0.00053	0.00434	0.003
0.00646	0.01504	0.00449	0.00461	0.02897	0.00201	0.00288	0.00596	0.00649	0.0012	0.00074	0.01449	0.00087	0.00353	0.00203
0.00363	0.01177	0.00439	0.0038	0.02245	0.00222	0.00259	0.00623	0.00568	0.00114	0.00063	0.01043	0.00089	0.00411	0.00363
0.00791	0.01638	0.00401	0.00456	0.02278	0.00228	0.0027	0.00734	0.00678	0.00132	0.00292	0.01235	0.00096	0.00431	0.00279
0.00984	0.02191	0.0047	0.00491	0.02021	0.00169	0.00298	0.00563	0.00542	0.00116	0.0014	0.00936	0.00075	0.00406	0.00212
0.00935	0.01907	0.00477	0.00449	0.02386	0.00217	0.00364	0.00641	0.00515	0.00132	0.00075	0.01708	0.00104	0.00405	0.00231
0.00802	0.01801	0.00452	0.00345	0.02023	0.00162	0.00289	0.006	0.00452	0.00102	0.00055	0.00795	0.00087	0.0033	0.00201
0.00669	0.01503	0.00421	0.00501	0.02239	0.0029	0.00241	0.00607	0.00462	0.00131	0.00121	0.01311	0.0009	0.00407	0.00187
0.01132	0.02163	0.00436	0.00515	0.02326	0.00285	0.0024	0.00838	0.00391	0.00095	0.00132	0.01101	0.00088	0.00535	0.00204
0.00672	0.01379	0.00458	0.00519	0.02212	0.00393	0.00304	0.00896	0.00441	0.0012	0.00246	0.01485	0.00057	0.00425	0.00362
0.00251	0.0118	0.00426	0.00491	0.02057	0.00243	0.00279	0.00631	0.00429	0.00118	0.00159	0.0131	0.0011	0.0039	0.0046
0.00448	0.01102	0.00465	0.00482	0.02259	0.00254	0.00287	0.00779	0.00708	0.00122	0.00377	0.01413	0.00081	0.00572	0.00359
0.00366	0.00835	0.00429	0.00678	0.02334	0.00288	0.00297	0.0101	0.00557	0.00116	0.00221	0.02679	0.00117	0.00507	0.00311
0.00442	0.01194	0.00443	0.00365	0.02133	0.00251	0.00217	0.01095	0.00499	0.00092	0.00149	0.02316	0.00074	0.00443	0.00156
0.00665	0.01568	0.00409	0.00609	0.01656	0.00188	0.00246	0.00575	0.005	0.0012	0.00089	0.0064	0.00081	0.00437	0.0033
0.01024	0.02085	0.00412	0.00535	0.01886	0.00265	0.00259	0.00871	0.00544	0.001	0.00246	0.01042	0.00079	0.00391	0.00267
0.01276	0.0246	0.00424	0.00627	0.02447	0.00214	0.00217	0.00543	0.00676	0.00106	0.00247	0.00983	0.0009	0.00557	0.00747
0.01198	0.02297	0.00421	0.00515	0.024	0.00265	0.00315	0.00809	0.00481	0.00102	0.00124	0.01317	0.0008	0.00504	0.004
0.00957	0.0163	0.00395	0.00403	0.0231	0.00259	0.0029	0.00674	0.00586	0.00128	0.00061	0.00943	0.00074	0.00466	0.00289
0.00893	0.01553	0.00419	0.00584	0.01572	0.00141	0.00235	0.00659	0.00629	0.00104	0.00059	0.01261	0.00046	0.00358	0.00195
0.00678	0.01171	0.00432	0.0047	0.02185	0.00225	0.00265	0.00767	0.0062	0.00124	0.00091	0.01163	0.00079	0.00396	0.00236
0.00909	0.01935	0.00417	0.00531	0.01644	0.00277	0.00301	0.00628	0.00633	0.00124	0.00071	0.01067	0.00089	0.00359	0.00207
0.0084	0.01659	0.00427	0.00572	0.02067	0.00293	0.00273	0.00974	0.00605	0.00115	0.00067	0.01178	0.00084	0.00329	0.00189
0.00967	0.01664	0.00385	0.0037	0.02089	0.00192	0.00231	0.00603	0.00431	0.00145	0.00073	0.01601	0.00056	0.00336	0.00168
0.00834	0.01541	0.00403	0.00527	0.02045	0.00207	0.00265	0.00619	0.00588	0.00104	0.00071	0.01199	0.00059	0.00376	0.00223
0.0063	0.01134	0.00421	0.00342	0.02174	0.00237	0.00245	0.00626	0.00546	0.00104	0.0007	0.00821	0.0007	0.00452	0.00316
0.01333	0.02087	0.00389	0.00503	0.02526	0.00245	0.00306	0.00646	0.00563	0.00114	0.00085	0.01019	0.00046	0.00416	0.00194
0.0077	0.01611	0.00422	0.00696	0.02495	0.00269	0.00334	0.00746	0.00562	0.00107	0.00185	0.01319	0.00063	0.00488	0.00412
0.00628	0.01275	0.00415	0.00722	0.02103	0.00206	0.0024	0.00657	0.00486	0.00135	0.0007	0.01247	0.00103	0.0043	0.00342
0.00897	0.01746	0.00439	0.00474	0.02375	0.00298	0.00345	0.00611	0.00542	0.00107	0.00125	0.01294	0.00053	0.0032	0.00185
0.00937	0.01943	0.00401	0.00568	0.03083	0.00175	0.00297	0.00597	0.0051	0.0011	0.00107	0.01971	0.00062	0.00563	0.00507
0.00741	0.01389	0.0041	0.00647	0.02255	0.00155	0.00276	0.00644	0.00549	0.00129	0.00152	0.0115	0.00055	0.00425	0.00371
0.00474	0.01022	0.00394	0.00446	0.01967	0.00258	0.00264	0.00798	0.00416	0.00123	0.00452	0.01559	0.00096	0.00474	0.0027
0.00462	0.01231	0.00421	0.00556	0.02451	0.00376	0.00232	0.01018	0.00482	0.00103	0.00159	0.01437	0.00046	0.00448	0.00185
0.00996	0.01777	0.00383	0.00573	0.02324	0.00304	0.00233	0.00732	0.00432	0.0012	0.00198	0.01028	0.00068	0.00463	0.00162
0.00828	0.0153	0.00373	0.00709	0.02142	0.0032	0.00239	0.01026	0.00746	0.00156	0.00158	0.01325	0.0008	0.00419	0.00322
0.00815	0.01634	0.00345	0.00624	0.02341	0.00444	0.00228	0.00762	0.00455	0.00134	0.00119	0.01784	0.00054	0.00374	0.00189
0.00588	0.0133	0.00407	0.00394	0.01897	0.00341	0.00275	0.00658	0.00437	0.00154	0.00218	0.00748	0.00041	0.00369	0.002
0.00909	0.01771	0.00395	0.00682	0.02383	0.00309	0.00213	0.00741	0.00674	0.00171	0.0019	0.01108	0.00088	0.00535	0.00402
0.01021	0.0239	0.00387	0.00458	0.0215	0.00452	0.00285	0.00484	0.00601	0.00111	0.00249	0.01246	0.00044	0.00449	0.00315
0.01231	0.02175	0.00398	0.00439	0.02165	0.00389	0.00216	0.00765	0.00487	0.00101	0.00099	0.01528	0.00047	0.00411	0.00261
0.0134	0.02738	0.00382	0.00549	0.02618	0.00293	0.00279	0.00517	0.00489	0.0011	0.00082	0.00813	0.00075	0.00519	0.00439
0.01005	0.0189	0.00402	0.00421	0.0239	0.00491	0.00245	0.00835	0.00573	0.00125	0.00109	0.00896	0.00053	0.00576	0.00326
0.01139	0.02057	0.00359	0.00637	0.02114	0.00337	0.00257	0.00723	0.00464	0.00114	0.00042	0.00933	0.00058	0.0045	0.00276
0.01685	0.02907	0.00405	0.0065	0.02636	0.0044	0.0021	0.00747	0.00653	0.00123	0.00313	0.01458	0.00062	0.00491	0.00353
0.01199	0.02211	0.00373	0.00702	0.02352	0.00484	0.00222	0.00896	0.00672	0.00111	0.00272	0.01229	0.00043	0.00542	0.00409
0.01734	0.02793	0.00381	0.00674	0.02708	0.00302	0.00208	0.00595	0.00441	0.00112	0.00194	0.01011	0.00037	0.00584	0.00496
0.01661	0.0287	0.00394	0.00594	0.02495	0.00506	0.00225	0.00648	0.00467	0.00097	0.00192	0.01514	0.00057	0.00489	0.00458
0.01641	0.02548	0.00371	0.00583	0.02233	0.00512	0.00207	0.00776	0.00363	0.00139	0.00169	0.01874	0.00048	0.00452	0.00181
0.01034	0.01922	0.00399	0.00562	0.02314	0.00251	0.00254	0.00667	0.00565	0.00112	0.00146	0.01457	0.00041	0.00583	0.00295
0.01059	0.02069	0.0038	0.00622	0.02544	0.00244	0.00207	0.00586	0.00465	0.00093	0.00076	0.00866	0.00076	0.00483	0.00232
0.01203	0.02774	0.0037	0.00499	0.0211	0.00362	0.00214	0.00506	0.00456	0.00095	0.00097	0.0159	0.00046	0.00441	0.00198
0.01121	0.02325	0.00371	0.00691	0.02674	0.00315	0.00222	0.00501	0.00418	0.00112	0.00117	0.01546	0.00047	0.00527	0.00223
0.01414	0.02611	0.00363	0.007	0.02907	0.00563	0.00273	0.00738	0.0043	0.00107	0.00049	0.01739	0.00016	0.0042	0.00507
0.01028	0.02035	0.00382	0.00414	0.02445	0.00403	0.00211	0.00745	0.0038	0.0009	0.00142	0.00821	0.00068	0.00441	0.00233
0.00946	0.01848	0.00347	0.00377	0.02465	0.00298	0.00222	0.00542	0.00327	0.00092	0.00053	0.01667	0.00064	0.00515	0.00354
0.01265	0.02446	0.00392	0.00602	0.03281	0.00272	0.00242	0.00788	0.00472	0.00123	0.00122	0.0213	0.00055	0.00705	0.00531
0.01527	0.02609	0.00381	0.00565	0.02412	0.00307	0.00212	0.00627	0.00539	0.0012	0.00143	0.01259	0.00081	0.00514	0.00321
0.01323	0.02428	0.00406	0.00647	0.02556	0.00343	0.00223	0.00779	0.00541	0.00113	0.00108	0.01218	0.00077	0.00609	0.00398
0.009	0.01617	0.00383	0.00754	0.02739	0.00404	0.00189	0.00817	0.00383	0.00104	0.00142	0.01698	0.00041	0.00546	0.00473
0.01173	0.02273	0.00396	0.00687	0.02608	0.00637	0.00174	0.00775	0.00426	0.00092	0.00176	0.01273	0.00038	0.00596	0.00418
0.01431	0.0276	0.00381	0.00823	0.03219	0.00454	0.00216	0.00879	0.00538	0.00103	0.00086	0.01063	0.00075	0.00631	0.00528
0.0106	0.02211	0.00369	0.00487	0.02454	0.00251	0.00202	0.00849	0.00451	0.001	0.00066	0.01255	0.00067	0.00643	0.00468
0.01389	0.0255	0.00356	0.00619	0.02648	0.00336	0.00239	0.00697	0.00485	0.00112	0.00176	0.01978	0.00056	0.0048	0.00461
0.01189	0.02202	0.00366	0.0062	0.03108	0.00373	0.00213	0.00959	0.00579	0.00112	0.00211	0.02275	0.00028	0.00408	0.00385
0.01184	0.02143	0.00376	0.00439	0.02448	0.00297	0.00237	0.00933	0.00491	0.00098	0.00104	0.01146	0.00047	0.00439	0.00278
0.01018	0.0205	0.00327	0.00624	0.02185	0.00407	0.00342	0.01039	0.00424	0.00113	0.00255	0.00922	0.00071	0.00652	0.00453
0.00995	0.0196	0.00346	0.00432	0.02059	0.0025	0.00222	0.00807	0.00542	0.00101	0.00101	0.00811	0.00045	0.00363	0.00267
0.00947	0.01822	0.00348	0.00468	0.01925	0.00249	0.00291	0.00908	0.0031	0.0011	0.00095	0.00916	0.0005	0.00419	0.00258
0.00951	0.01755	0.0036	0.00423	0.02517	0.00317	0.00231	0.0074	0.00409	0.00099	0.00188	0.01643	0.00039	0.00363	0.00134
0.01321	0.02395	0.00368	0.00628	0.02324	0.00269	0.00197	0.00739	0.0045	0.00114	0.0012	0.01305	0.00032	0.00325	0.00203
0.01548	0.03054	0.00352	0.00419	0.02874	0.00215	0.00234	0.00675	0.00376	0.00123	0.00078	0.01315	0.00034	0.00426	0.00335
0.01481	0.02892	0.0036	0.00641	0.02974	0.00187	0.00222	0.00661	0.00413	0.00146	0.00261	0.01958	0.00076	0.00436	0.00462
0.01234	0.02653	0.00362	0.0063	0.0295	0.00294	0.00265	0.00764	0.00353	0.00111	0.0012	0.01361	0.00116	0.00428	0.00277
0.01361	0.02349	0.00353	0.00527	0.02571	0.00378	0.00309	0.00934	0.00373	0.00133	0.0019	0.01091	0.00168	0.00372	0.00279
0.01698	0.0294	0.0035	0.00799	0.02401	0.00497	0.00237	0.00659	0.00365	0.00101	0.00044	0.01654	0.00151	0.00494	0.00381
0.01078	0.02347	0.00336	0.00815	0.02795	0.00292	0.0024	0.00574	0.00323	0.00146	0.00071	0.01827	0.00078	0.00561	0.00378
0.01303	0.02162	0.00379	0.00515	0.02291	0.00436	0.00231	0.00838	0.0025	0.00129	0.0005	0.01099	0.0011	0.00479	0.00194
0.01365	0.02418	0.00358	0.00679	0.02691	0.00265	0.00221	0.0067	0.00374	0.00126	0.00051	0.01009	0.0009	0.00573	0.00484
0.00673	0.01755	0.00371	0.00664	0.02706	0.00292	0.00247	0.00743	0.00334	0.00125	0.00066	0.01358	0.00042	0.00403	0.00298
0.00632	0.01503	0.00343	0.00672	0.02837	0.00264	0.00221	0.00502	0.00291	0.00107	0.0004	0.01261	0.00092	0.00639	0.00393
0.00702	0.01789	0.00325	0.00545	0.02564	0.00278	0.00221	0.00891	0.00315	0.00129	0.00039	0.01281	0.00042	0.00469	0.00441
0.00636	0.01434	0.00354	0.00399	0.02186	0.00228	0.00205	0.0061	0.00458	0.00115	0.00116	0.00993	0.00062	0.00475	0.00379
0.00591	0.01582	0.00322	0.00525	0.02469	0.00263	0.00216	0.00636	0.00357	0.00108	0.00097	0.01395	0.00055	0.00334	0.00268
0.00714	0.01668	0.0034	0.00716	0.03387	0.0039	0.00187	0.00753	0.00276	0.00093	0.00081	0.01423	0.00063	0.0067	0.0046
0.00761	0.01745	0.00326	0.00587	0.0261	0.00262	0.00226	0.00881	0.00293	0.00107	0.00321	0.02216	0.00054	0.00445	0.00335
0.01149	0.02379	0.00318	0.00553	0.02838	0.00137	0.00245	0.00514	0.00466	0.00125	0.00084	0.01599	0.00095	0.00501	0.00474
0.01019	0.02015	0.0033	0.00548	0.02898	0.00332	0.00188	0.00565	0.00455	0.00115	0.00097	0.01901	0.00054	0.00344	0.00379
0.01484	0.02765	0.00365	0.00594	0.03039	0.00477	0.00231	0.00778	0.00388	0.00123	0.00094	0.01867	0.00106	0.00493	0.00375
0.00988	0.02042	0.00333	0.00578	0.02809	0.0024	0.00233	0.00657	0.00458	0.0014	0.00207	0.01817	0.00085	0.00305	0.0017
0.01088	0.02105	0.00341	0.00492	0.03202	0.00237	0.0022	0.00498	0.0046	0.00118	0.00182	0.01274	0.00086	0.00344	0.00213
0.00691	0.01583	0.00327	0.00721	0.02805	0.00267	0.00215	0.00496	0.00431	0.00112	0.00111	0.00782	0.00067	0.00473	0.00517
0.01276	0.02499	0.00319	0.00512	0.03083	0.00179	0.00171	0.00517	0.00528	0.00103	0.00124	0.01247	0.00055	0.00471	0.0035
0.0083	0.01801	0.00342	0.00395	0.02474	0.00271	0.00199	0.00516	0.00518	0.00112	0.00133	0.01448	0.00072	0.00355	0.00204
0.01283	0.02275	0.00333	0.00474	0.03053	0.00325	0.00195	0.00561	0.00589	0.00104	0.00204	0.01872	0.00081	0.00353	0.00256
0.01031	0.02295	0.00345	0.00468	0.03182	0.00236	0.0021	0.00434	0.00604	0.00113	0.00117	0.02815	0.00072	0.00389	0.00267
0.01055	0.01905	0.00312	0.00352	0.02698	0.00238	0.00278	0.00483	0.00303	0.00105	0.00148	0.01973	0.00077	0.00304	0.00274
0.01016	0.01926	0.00364	0.00441	0.03217	0.00159	0.00232	0.00534	0.0042	0.00112	0.00107	0.03336	0.00066	0.0044	0.00334
0.01345	0.02434	0.00329	0.00712	0.03111	0.00256	0.00202	0.00612	0.00221	0.00102	0.00109	0.01905	0.00079	0.00461	0.00388
0.00615	0.01335	0.00346	0.00824	0.0316	0.00427	0.00196	0.00725	0.00245	0.00111	0.0011	0.01369	0.00056	0.00494	0.00445
0.01163	0.02285	0.00335	0.00413	0.02695	0.00278	0.00201	0.00569	0.00341	0.00109	0.00121	0.01083	0.00054	0.00482	0.00409
0.0117	0.02011	0.00314	0.00641	0.02727	0.00196	0.00212	0.00525	0.00365	0.00121	0.00137	0.01549	0.00075	0.00431	0.00448
0.01751	0.02719	0.00323	0.00489	0.02311	0.00177	0.00213	0.00499	0.00429	0.00102	0.00227	0.00789	0.00045	0.00457	0.00249
0.01403	0.02674	0.00328	0.00501	0.03214	0.00291	0.00218	0.00585	0.00445	0.00122	0.00165	0.01478	0.00066	0.00437	0.00307
0.01143	0.02442	0.00331	0.00401	0.0324	0.00184	0.00184	0.00657	0.00422	0.00108	0.0009	0.00947	0.00076	0.00397	0.00208
0.00986	0.01939	0.00318	0.00444	0.02831	0.0022	0.00193	0.00549	0.00307	0.00082	0.00071	0.01659	0.00098	0.00466	0.00325
0.00845	0.01907	0.00337	0.00558	0.02706	0.00186	0.00184	0.00418	0.0025	0.00117	0.00081	0.01518	0.0009	0.00497	0.00288
0.00965	0.02237	0.00335	0.00546	0.02618	0.00151	0.00175	0.00333	0.00264	0.00104	0.00077	0.01287	0.00122	0.00518	0.00315
0.00597	0.01577	0.00352	0.00509	0.03183	0.00127	0.00179	0.00642	0.00286	0.00094	0.00094	0.02455	0.00099	0.00595	0.00556
0.00859	0.01994	0.0034	0.00686	0.0331	0.00123	0.00167	0.00331	0.00366	0.00128	0.00082	0.01519	0.00088	0.00666	0.00511
0.0092	0.01922	0.00365	0.00489	0.03031	0.00247	0.00217	0.00471	0.00273	0.00125	0.00115	0.01529	0.00106	0.00509	0.00403
0.0107	0.02232	0.00311	0.00862	0.02233	0.0029	0.00202	0.00427	0.00293	0.001	0.00035	0.01481	0.00059	0.00436	0.0036
0.0104	0.02077	0.00353	0.0062	0.02745	0.00162	0.00247	0.00452	0.00385	0.00106	0.00108	0.01182	0.00044	0.00389	0.00185
0.00608	0.01482	0.00315	0.00519	0.0229	0.00237	0.00189	0.00509	0.00326	0.00107	0.00114	0.0143	0.00081	0.00431	0.0032
0.01428	0.02701	0.00313	0.00691	0.0287	0.0033	0.00222	0.0059	0.00308	0.00121	0.00191	0.01235	0.00107	0.00488	0.00426
0.01068	0.02368	0.00337	0.00574	0.02796	0.00256	0.00263	0.00645	0.00336	0.00112	0.00085	0.0081	0.00038	0.00448	0.00263
0.01008	0.01938	0.00344	0.00718	0.02508	0.00402	0.00168	0.00601	0.0043	0.00115	0.00076	0.01694	0.00055	0.00289	0.00167
0.01146	0.02232	0.00328	0.00509	0.03076	0.00395	0.00184	0.00948	0.0053	0.00117	0.0012	0.01259	0.00088	0.00489	0.0016
0.00977	0.02172	0.00312	0.00512	0.02815	0.00218	0.00208	0.00581	0.00434	0.00102	0.00091	0.01334	0.00087	0.00427	0.00317
0.0134	0.02627	0.00327	0.00505	0.02643	0.00381	0.00199	0.00718	0.0038	0.00106	0.00122	0.01874	0.00062	0.00313	0.00228
0.00997	0.01767	0.00322	0.00618	0.02961	0.00264	0.00226	0.00621	0.00279	0.00116	0.00069	0.01289	0.0013	0.00726	0.00658
0.01126	0.02201	0.00323	0.00691	0.03145	0.00196	0.00186	0.00716	0.00313	0.00088	0.00029	0.01749	0.0007	0.00404	0.0023
0.01297	0.02481	0.00368	0.00601	0.02593	0.0019	0.00195	0.00603	0.0035	0.0011	0.00059	0.0162	0.0004	0.00477	0.00374
0.00765	0.01595	0.00348	0.00473	0.02692	0.00244	0.00178	0.00557	0.00299	0.00092	0.00152	0.01245	0.0008	0.00418	0.00188
0.00724	0.01968	0.00314	0.00598	0.02658	0.00283	0.00163	0.00563	0.00321	0.00117	0.00078	0.01101	0.00064	0.00475	0.00394
0.00962	0.02207	0.00345	0.00798	0.03206	0.00417	0.00175	0.00766	0.00305	0.00106	0.00153	0.01141	0.00032	0.00568	0.00486
0.00757	0.01738	0.00333	0.00485	0.03615	0.0032	0.00191	0.00679	0.00424	0.001	0.00079	0.01149	0.0008	0.00421	0.00414
0.00653	0.01768	0.00309	0.00535	0.02495	0.0029	0.00257	0.00557	0.00208	0.00117	0.00198	0.00784	0.00095	0.0042	0.00316
0.00511	0.01351	0.00349	0.00681	0.02975	0.00209	0.0016	0.00646	0.00369	0.00111	0.00137	0.00931	0.00074	0.00677	0.00438
0.00637	0.01625	0.00317	0.00456	0.03195	0.00246	0.00188	0.00601	0.00453	0.00141	0.00286	0.01677	0.00044	0.00372	0.00189
0.00692	0.01632	0.00353	0.00632	0.02609	0.00349	0.00156	0.00695	0.00448	0.00127	0.00405	0.0158	0.00019	0.0052	0.00409
0.00605	0.01607	0.00326	0.00575	0.03159	0.0024	0.0015	0.0068	0.00373	0.00099	0.00175	0.01696	0.0005	0.00523	0.00348
0.00623	0.01633	0.00309	0.00568	0.0239	0.0025	0.00208	0.00531	0.00276	0.00121	0.00189	0.01636	0.0006	0.00371	0.00211
0.00765	0.01772	0.00295	0.00551	0.02598	0.0026	0.00175	0.00685	0.00175	0.00122	0.00125	0.01652	0.00083	0.00385	0.0023
0.00918	0.02063	0.00328	0.00828	0.03058	0.00199	0.00233	0.00701	0.00342	0.00093	0.00148	0.02853	0.00087	0.00505	0.00468
0.0102	0.02264	0.00325	0.00723	0.0312	0.00174	0.0016	0.00541	0.00408	0.00118	0.00073	0.02751	0.00077	0.00464	0.00563
0.00791	0.01913	0.00273	0.00633	0.02385	0.0016	0.00156	0.00583	0.00482	0.00117	0.00176	0.01743	0.00037	0.00467	0.00438
0.01445	0.02934	0.00335	0.00483	0.02465	0.0017	0.00124	0.00529	0.00465	0.00137	0.00194	0.01179	0.00066	0.00425	0.00298
0.01261	0.02486	0.00304	0.0069	0.02982	0.00289	0.00174	0.00635	0.00434	0.00118	0.00234	0.00925	0.00061	0.00414	0.00284
0.01117	0.02372	0.00289	0.00502	0.02893	0.00157	0.00132	0.0046	0.00337	0.00108	0.00209	0.01014	0.00068	0.00485	0.00449
0.01252	0.02523	0.00306	0.00542	0.0241	0.00134	0.00185	0.0056	0.00313	0.00111	0.0013	0.0203	0.00115	0.00311	0.00172
0.01394	0.02442	0.00308	0.00507	0.02526	0.00235	0.00132	0.00616	0.00275	0.00112	0.0009	0.01433	0.00072	0.00362	0.00185
0.01027	0.02207	0.00305	0.0052	0.02574	0.00187	0.00187	0.00631	0.00302	0.00141	0.00108	0.01645	0.00084	0.00386	0.00314
0.01353	0.02559	0.00275	0.00664	0.02527	0.00169	0.00195	0.00515	0.00323	0.00138	0.00226	0.01318	0.00048	0.00501	0.00511
0.01374	0.02443	0.00308	0.0068	0.02621	0.00232	0.00203	0.00384	0.00302	0.00115	0.00379	0.01667	0.00063	0.00532	0.0076
0.01485	0.0265	0.00334	0.00552	0.03044	0.00239	0.002	0.00547	0.00283	0.0009	0.00244	0.01603	0.00027	0.00518	0.00339
0.013	0.02371	0.00325	0.00502	0.03242	0.00256	0.00259	0.00579	0.00303	0.00094	0.00195	0.01906	0.00076	0.0047	0.00312
0.00706	0.01595	0.00294	0.00474	0.03297	0.00277	0.00311	0.00635	0.00324	0.001	0.00143	0.01932	0.00047	0.00442	0.00263
0.00789	0.01755	0.00312	0.00557	0.02672	0.00239	0.00236	0.00676	0.00161	0.00131	0.00201	0.01984	0.00035	0.00402	0.00329
0.00859	0.01859	0.00318	0.00653	0.0346	0.00231	0.0014	0.00643	0.00228	0.00133	0.00161	0.0246	0.0003	0.00512	0.00403
0.01095	0.02189	0.00306	0.00698	0.03036	0.00251	0.00193	0.00617	0.00257	0.00105	0.00142	0.0152	0.00038	0.00444	0.00398
