1	22.052006944444443	21.38728125
2	21.324868055555555	21.278
3	21.251697222222223	21.20719375
4	21.193022222222222	21.187296875
5	21.13715	21.1116578125
6	21.08738888888889	21.044384375
7	21.010280555555557	20.971709375
8	20.8858125	20.787034375
9	20.688391666666668	20.59775625
10	20.493827777777778	20.4149140625
11	20.332105555555554	20.25994375
12	20.18469027777778	20.1266359375
13	20.049276388888888	19.991159375
14	19.926966666666665	19.916975
15	19.82862638888889	19.7801953125
16	19.70875277777778	19.682571875
17	19.617006944444444	19.585478125
18	19.515331944444444	19.458115625
19	19.399515277777777	19.328925
20	19.269208333333335	19.2003359375
21	19.11393888888889	19.0206890625
22	18.974504166666666	18.9072109375
23	18.83231111111111	18.7943515625
24	18.698061111111112	18.6269734375
25	18.58340972222222	18.5206890625
26	18.478884722222222	18.441946875
27	18.371593055555557	18.3599
28	18.296961111111113	18.283890625
29	18.208979166666666	18.1675078125
30	18.115559722222223	18.089271875
31	18.03146388888889	18.005946875
32	17.944054166666668	17.9258359375
33	17.877993055555557	17.8329234375
34	17.804441666666666	17.7465203125
35	17.70381111111111	17.6948375
36	17.619675	17.5458265625
37	17.549308333333332	17.5026390625
38	17.458281944444444	17.4244515625
39	17.376495833333333	17.3026546875
40	17.295526388888888	17.24556875
41	17.216205555555554	17.17969375
42	17.12573611111111	17.1181703125
43	17.05926527777778	16.9845078125
44	16.985233333333333	16.9560140625
45	16.910386111111112	16.9196984375
46	16.85036527777778	16.819734375
47	16.77274166666667	16.741321875
48	16.711231944444446	16.703984375
49	16.644969444444445	16.57576875
50	16.57375	16.4963078125
51	16.52118611111111	16.4796984375
52	16.468890277777778	16.4327390625
53	16.39670277777778	16.4151234375
54	16.348479166666667	16.306253125
55	16.289030555555556	16.23715625
56	16.22352777777778	16.185640625
57	16.180643055555556	16.203353125
58	16.124869444444446	16.0540984375
59	16.059008333333335	16.041340625
60	16.02473611111111	15.9775625
61	15.967204166666667	15.963646875
62	15.919727777777778	15.9131984375
63	15.857797222222223	15.84158125
64	15.821754166666667	15.7771375
65	15.756991666666666	15.7858109375
66	15.716715277777778	15.699825
67	15.682152777777778	15.6168265625
68	15.621277777777777	15.56918125
69	15.590486111111112	15.540675
70	15.5380375	15.495065625
71	15.502430555555556	15.455765625
72	15.461052777777779	15.4369515625
73	15.409588888888889	15.3331953125
74	15.372059722222222	15.3608796875
75	15.34238888888889	15.31234375
76	15.306440277777778	15.301865625
77	15.265719444444445	15.2325484375
78	15.223543055555556	15.225584375
79	15.186845833333333	15.112921875
80	15.165272222222223	15.147128125
81	15.118597222222222	15.100096875
82	15.088906944444444	15.0521265625
83	15.04534861111111	15.003190625
84	15.033872222222222	15.007096875
85	14.980684722222222	14.95459375
86	14.951952777777779	14.88165
87	14.921775	14.9097171875
88	14.897343055555556	14.8631421875
89	14.851765277777778	14.850640625
90	14.82393888888889	14.7770171875
91	14.812601388888888	14.797165625
92	14.782045833333333	14.79084375
93	14.7381	14.7601203125
94	14.755747222222222	14.7047859375
95	14.698583333333334	14.6729890625
96	14.65723611111111	14.62299375
97	14.644406944444444	14.6364921875
98	14.618727777777778	14.5894671875
99	14.6049625	14.5923640625
100	14.555880555555555	14.51439375
101	14.52481388888889	14.543171875
102	14.510966666666667	14.499215625
103	14.4998375	14.467653125
104	14.484836111111111	14.4932640625
105	14.460445833333333	14.376428125
106	14.419616666666666	14.39888125
107	14.442476388888888	14.4108625
108	14.375605555555556	14.3753703125
109	14.339343055555556	14.3193359375
110	14.335479166666667	14.2760828125
111	14.305065277777778	14.299146875
112	14.276694444444445	14.332315625
113	14.272622222222223	14.2538953125
114	14.249719444444445	14.2700046875
115	14.207715277777778	14.1982125
116	14.18930138888889	14.17191875
117	14.177701388888888	14.200103125
118	14.144106944444445	14.137525
119	14.1183375	14.0879171875
120	14.094995833333334	14.083984375
121	14.074319444444445	14.0764109375
122	14.091761111111111	14.041534375
123	14.048516666666666	14.0258390625
124	14.04106111111111	13.991325
125	14.00865	13.9778796875
126	14.002069444444444	13.9466125
127	13.962169444444445	13.988640625
128	13.950259722222222	13.9379484375
129	13.927379166666666	13.8505875
130	13.913425	13.8601375
131	13.9098375	13.8987890625
132	13.878036111111111	13.8649109375
133	13.852905555555555	13.8562203125
134	13.826516666666667	13.812121875
135	13.82615	13.7999296875
136	13.796802777777778	13.7636390625
137	13.793265277777778	13.808665625
138	13.770586111111111	13.745521875
139	13.764251388888889	13.755425
140	13.724929166666668	13.7181046875
141	13.728495833333334	13.6898828125
142	13.703744444444444	13.6605796875
143	13.677975	13.7935734375
144	13.680852777777778	13.6628109375
145	13.667595833333333	13.645425
146	13.641298611111111	13.6554359375
147	13.611266666666667	13.62949375
148	13.582109722222222	13.610484375
149	13.580830555555556	13.561796875
150	13.570479166666667	13.5809078125
151	13.545202777777778	13.6169078125
152	13.560088888888888	13.54289375
153	13.539515277777777	13.47831875
154	13.508297222222222	13.5167875
155	13.5003375	13.45505625
156	13.474575	13.49658125
157	13.473594444444444	13.4503421875
158	13.454138888888888	13.455271875
159	13.429106944444445	13.4975859375
160	13.454623611111112	13.46498125
161	13.413320833333334	13.44505
162	13.433029166666667	13.4015375
163	13.378840277777778	13.4242078125
164	13.37383611111111	13.4363703125
165	13.383298611111112	13.401475
166	13.345969444444444	13.346946875
167	13.373468055555556	13.3364625
168	13.351416666666667	13.4003578125
169	13.35325	13.3517640625
170	13.294740277777779	13.3085625
171	13.30758611111111	13.315465625
172	13.282127777777777	13.2678609375
173	13.287855555555556	13.3384484375
174	13.285963888888888	13.210071875
175	13.275397222222223	13.2879875
176	13.243497222222222	13.2536671875
177	13.229972222222223	13.29519375
178	13.229398611111112	13.2171765625
179	13.220883333333333	13.273446875
180	13.192075	13.1747078125
181	13.190833333333334	13.242803125
182	13.217873611111111	13.2395875
183	13.155895833333334	13.120690625
184	13.1825375	13.169309375
185	13.128819444444444	13.1439234375
186	13.123147222222222	13.197128125
187	13.126226388888888	13.1450421875
188	13.126706944444445	13.189509375
189	13.082390277777778	13.1200203125
190	13.07299861111111	13.09196953125
191	13.07911111111111	13.09763359375
192	13.077455555555556	13.05200625
193	13.071115277777778	13.0510734375
194	13.078541666666666	13.3020734375
195	13.070743055555555	13.0796453125
196	13.036558333333334	13.0764390625
197	13.041745833333334	13.06868203125
198	13.004109722222223	13.0127625
199	13.014531944444444	13.04746328125
200	12.999259722222222	13.01725234375
201	12.975869444444445	13.04278984375
202	12.98343888888889	12.9899046875
203	12.980540277777777	12.9532625
204	12.968019444444444	13.03386875
205	12.959538888888888	13.03056015625
206	12.953634722222223	12.984246875
207	12.932516666666666	12.976084375
208	12.9241	12.9259671875
209	12.896372222222222	12.94841171875
210	12.922133333333333	12.98938515625
211	12.899534722222223	12.98221953125
212	12.886080555555555	12.9261890625
213	12.891911111111112	12.9165421875
214	12.85026388888889	12.9777828125
215	12.860711111111112	12.864225
216	12.859655555555555	12.9177515625
217	12.85398611111111	12.9347640625
218	12.834041666666666	12.9364984375
219	12.832530555555556	12.856325
220	12.827288888888889	12.9007265625
221	12.810609722222223	12.7993046875
222	12.801818055555556	12.8963515625
223	12.792741666666666	13.0272375
224	12.818816666666667	12.84028125
225	12.785154166666667	12.8725453125
226	12.77663888888889	12.83531875
227	12.760477777777778	12.80412734375
228	12.768011111111111	12.867921875
229	12.737445833333334	12.8269375
230	12.740686111111112	12.8074140625
231	12.734706944444444	12.7895390625
232	12.719522222222222	12.699559375
233	12.687373611111111	12.7460859375
234	12.7087125	12.7174171875
235	12.694179166666666	12.7169109375
236	12.683051388888888	12.738271875
237	12.657833333333333	12.770046875
238	12.667297222222222	12.704009375
239	12.651926388888889	12.6731765625
240	12.630443055555556	12.75972734375
241	12.618322222222222	12.70137734375
242	12.6060375	12.70647109375
243	12.627840277777779	12.68059140625
244	12.576138888888888	12.6467515625
245	12.59015138888889	12.6567859375
246	12.601119444444445	12.68469453125
247	12.571429166666666	12.6455140625
248	12.555706944444445	12.6323390625
249	12.554361111111112	12.665225
250	12.562138888888889	12.6332515625
251	12.546388888888888	12.6508375
252	12.541001388888889	12.6221078125
253	12.5181125	12.6451640625
254	12.5055875	12.68905390625
255	12.500716666666667	12.5692046875
256	12.494229166666667	12.625928125
257	12.476808333333333	12.5907375
258	12.482145833333334	12.624396875
259	12.442366666666667	12.5911890625
260	12.446830555555556	12.5701921875
261	12.43447638888889	12.60272421875
262	12.450597222222223	12.4874859375
263	12.42643611111111	12.48703828125
264	12.425629166666667	12.4876265625
265	12.416848611111112	12.568225
266	12.405841666666667	12.4890765625
267	12.405034722222222	12.48018984375
268	12.397790277777778	12.523365625
269	12.377086111111112	12.529328125
270	12.3870625	12.482825
271	12.369818055555555	12.455815625
272	12.329333333333333	12.4914484375
273	12.341463888888889	12.50944765625
274	12.331519444444444	12.52161015625
275	12.330875	12.4865296875
276	12.324943055555556	12.481978125
277	12.573204166666667	12.5865859375
278	12.419705555555556	12.5304328125
279	12.332934722222221	12.47340234375
280	12.291604166666668	12.5033859375
281	12.285561111111111	12.4239265625
282	12.271931944444445	12.46586875
283	12.258533333333334	12.428071875
284	12.270856944444445	12.5227953125
285	12.30701388888889	12.45073828125
286	12.290259722222222	12.4919234375
287	12.214506944444445	12.44496640625
288	12.218179166666667	12.36194375
289	12.194040277777777	12.4266484375
290	12.193256944444444	12.3802265625
291	12.22203888888889	12.5206421875
292	12.233806944444444	12.3819625
293	12.16707361111111	12.3457609375
294	12.16768888888889	12.3674359375
295	12.192219444444444	12.39571796875
296	12.156786111111112	12.36821796875
297	12.1142375	12.28773125
298	12.125890277777778	12.2997984375
299	12.109419444444445	12.353053125
300	12.116180555555555	12.3235890625
301	12.116694444444445	12.37025390625
302	12.104959722222222	12.3574890625
303	12.136936111111112	12.3398140625
304	12.069758333333333	12.3119734375
305	12.076881944444445	12.30683359375
306	12.047266666666667	12.333865625
307	12.080630555555556	12.24614609375
308	12.04873888888889	12.2852515625
309	12.039659722222222	12.2642625
310	12.038480555555555	12.29773125
311	12.028105555555555	12.25750625
312	12.018173611111111	12.324096875
313	12.009954166666667	12.2999890625
314	12.034340277777778	12.2888234375
315	12.011059722222223	12.25371171875
316	11.997779166666668	12.1765140625
317	11.995672222222222	12.3085890625
318	12.036830555555555	12.2827625
319	11.956727777777777	12.24278203125
320	11.97140138888889	12.16895
321	11.934106944444444	12.22500703125
322	11.953759722222221	12.2023296875
323	11.936122222222222	12.18769140625
324	11.917627777777778	12.23715703125
325	11.917294444444444	12.2743953125
326	11.883833333333333	12.220259375
327	11.944683333333334	12.144525
328	11.889748611111111	12.23051953125
329	11.885826388888889	12.16632265625
330	11.878627777777778	12.2166671875
331	11.87647638888889	12.15002890625
332	11.87977361111111	12.1806578125
333	11.858463888888888	12.157765625
334	11.876276388888888	12.2368375
335	11.871680555555555	12.17775546875
336	11.822233333333333	12.17075546875
337	11.82969861111111	12.22248671875
338	11.81395	12.17856015625
339	11.82131388888889	12.1632671875
340	11.8045875	12.1903
341	11.831877777777779	12.2000265625
342	11.80996388888889	12.1411453125
343	11.825108333333333	12.11954609375
344	11.790693055555556	12.1951171875
345	11.81915	12.128165625
346	11.777279166666666	12.34094375
347	11.891233333333334	12.1445109375
348	11.77228611111111	12.150425
349	11.747419444444445	12.1522296875
350	11.752734722222222	12.13546171875
351	11.750927777777777	12.12039765625
352	11.73551111111111	12.1269421875
353	11.731841666666666	12.0416625
354	11.7045875	12.1615546875
355	11.727645833333334	12.12854765625
356	11.714165277777777	12.06005703125
357	11.719727777777777	12.16795703125
358	11.696095833333333	12.0653359375
359	11.700327777777778	12.094128125
360	11.6988	12.139315625
361	11.722322222222223	12.16015078125
362	11.658676388888889	12.093103125
363	11.656443055555556	12.1613484375
364	11.681445833333333	12.15712109375
365	11.632524305555556	12.105496875
366	11.618433333333334	12.12575546875
367	11.643759027777778	12.13523359375
368	11.651841666666666	12.06074609375
369	11.608693055555555	12.10069609375
370	11.628255555555555	12.0955484375
371	11.596936805555556	12.09085625
372	11.627144444444445	12.19191015625
373	11.59509861111111	12.1633140625
374	11.568990972222222	12.126775
375	11.558818055555555	12.100646875
376	11.571345833333334	12.13553515625
377	11.532070833333334	12.10386796875
378	11.548813888888889	12.0832171875
379	11.571898611111111	12.0863171875
380	11.535340277777777	12.0528453125
381	11.528544444444444	12.0945
382	11.559442361111111	12.08387890625
383	11.526044444444445	12.0309046875
384	11.496475	12.07061875
385	11.4995625	12.04168125
386	11.508578472222222	12.0536359375
387	11.4808	12.02607578125
388	11.500855555555555	12.0908078125
389	11.488272222222223	12.09165390625
390	11.475644444444445	11.98896484375
391	11.467421527777777	12.1112796875
392	11.4705875	12.0755390625
393	11.475770833333334	12.0306515625
394	11.430973611111112	12.019503125
395	11.436403472222223	12.09473828125
396	11.432672916666666	12.02825625
397	11.421120833333333	12.0320046875
398	11.39637638888889	12.017759375
399	11.437108333333333	12.010578125
400	11.4414625	12.04145390625
401	11.434195138888889	12.05480546875
402	11.368168055555556	12.021846875
403	11.400336805555556	11.9936140625
404	11.370104166666666	12.038153125
405	11.36960625	12.04196796875
406	11.352797222222222	12.04613125
407	11.362199305555556	12.0877546875
408	11.375384722222222	12.09828046875
409	11.374930555555556	12.02485234375
410	11.374777777777778	12.1170375
411	11.33420625	12.00349375
412	11.337502083333334	12.014875
413	11.323505555555556	12.015671875
414	11.320189583333333	12.089496875
415	11.299463194444444	12.0806140625
416	11.290733333333334	12.0532015625
417	11.303290277777778	12.08015234375
418	11.264214583333333	12.06314140625
419	11.27908263888889	12.0623171875
420	11.272255555555555	12.0397515625
421	11.253519444444445	12.0129484375
422	11.259360416666667	12.03119453125
423	11.26740486111111	11.992190625
424	11.235910416666666	12.0408421875
425	11.242378472222223	12.048784375
426	11.246109722222222	12.03387734375
427	11.279546527777779	12.06056484375
428	11.234511805555556	12.035959375
429	11.226365972222222	12.0369
430	11.212122916666667	12.0036484375
431	11.198189583333333	12.0429953125
432	11.167702083333333	12.039928125
433	11.181606944444445	12.087834375
434	11.154584027777778	12.033021875
435	11.169790277777778	12.0320140625
436	11.124800694444444	12.0215671875
437	11.132502083333334	12.040525
438	11.156155555555555	12.0540609375
439	11.217675694444445	12.150546875
440	11.2084	12.0257890625
441	11.151999305555556	12.0546109375
442	11.159345833333333	12.061075
443	11.108510416666666	12.1239421875
444	11.124529166666667	12.05849375
445	11.103678472222223	12.0247609375
446	11.09447638888889	11.9680015625
447	11.068032638888889	12.0989609375
448	11.067069444444444	12.0630265625
449	11.1642875	12.117259375
450	11.069348611111112	12.0314390625
451	11.068133333333334	12.051209375
452	11.067804861111112	12.05853828125
453	11.053470138888889	12.0710046875
454	11.0348	12.049490625
455	11.003195833333333	12.0916234375
456	11.020675	12.1208703125
457	11.010332638888888	12.068390625
458	11.018127777777778	12.09625234375
459	11.029451388888889	12.03836796875
460	10.991751388888888	12.0337203125
461	10.998775	12.11283828125
462	10.965815277777779	12.04816328125
463	10.955447222222222	12.10838515625
464	10.939539583333334	12.105490625
465	10.949554166666667	12.0459328125
466	10.958125694444444	12.04479140625
467	10.95540138888889	12.0560546875
468	10.928248611111112	12.04463828125
469	10.920171527777779	11.95375546875
470	10.936421527777778	11.990296875
471	10.91525	12.0743953125
472	10.903974305555556	12.0850859375
473	10.897657638888889	12.04600078125
474	10.886965972222223	12.058121875
475	10.875976388888889	12.05382421875
476	10.884575	12.0520234375
477	10.851635416666667	12.057490625
478	10.85757986111111	12.03356484375
479	10.864708333333333	12.0916296875
480	10.850693055555556	12.055140625
481	10.832165277777777	12.06210234375
482	10.828250694444444	12.04140390625
483	10.824975694444445	12.05714453125
484	10.79966875	12.0525578125
485	10.785095833333333	12.0637578125
486	10.7931	12.1354640625
487	10.78496111111111	12.1203140625
488	10.783306944444444	12.05372578125
489	10.79930486111111	12.05803046875
490	10.7687375	12.13211328125
491	10.762616666666666	12.047121875
492	10.779217361111112	12.0350640625
493	10.777990972222222	12.04345625
494	10.739297222222222	12.05319765625
495	10.731133333333334	12.01658046875
496	10.705825	12.08816171875
497	10.710527777777777	12.0698921875
498	10.71594513888889	12.07550390625
499	10.699822916666667	12.10696875
500	10.714939583333333	12.135825
501	10.660198611111111	12.05125390625
502	10.696916666666667	12.090075
503	10.6536875	12.12509765625
504	10.656433333333334	12.16465
505	10.688504166666666	12.1023671875
506	10.64443611111111	12.06720703125
507	10.63760138888889	12.13765234375
508	10.62269375	12.1165640625
509	10.623202777777777	12.1052578125
510	10.593703472222222	12.104715625
511	10.584334027777778	12.08314375
512	10.588764583333333	12.1112828125
513	10.596574305555556	12.1074140625
514	10.599428472222222	12.1438234375
515	10.576229861111111	12.0610796875
516	10.557059027777777	12.130084375
517	10.558934722222222	12.0873765625
518	10.556108333333333	12.1385015625
519	10.539948611111111	12.1070328125
520	10.533834027777777	12.1154125
521	10.513435416666667	12.1110921875
522	10.489039583333334	12.12545
523	10.492602777777778	12.11009765625
524	10.507927777777779	12.1056296875
525	10.47589236111111	12.173353125
526	10.466350694444445	12.1406296875
527	10.448140972222221	12.129465625
528	10.468193055555556	12.14368125
529	10.441360416666667	12.10910703125
530	10.42641875	12.14454140625
531	10.416449305555556	12.2252390625
532	10.416475694444445	12.167278125
533	10.439150694444445	12.1897640625
534	10.419078472222223	12.16075859375
535	10.412557638888888	12.1632734375
536	10.40188888888889	12.20665625
537	10.410071527777777	12.1163359375
538	10.384829861111111	12.1365328125
539	10.360965277777778	12.1733296875
540	10.374745833333334	12.18332890625
541	10.357963194444444	12.19718515625
542	10.327275694444445	12.15243359375
543	10.338359027777777	12.206996875
544	10.335043055555555	12.2584
545	10.30556111111111	12.14671484375
546	10.302859027777778	12.125484375
547	10.33189236111111	12.227678125
548	10.2864875	12.1794171875
549	10.293870138888888	12.2085671875
550	10.285715277777777	12.16547734375
551	10.28003125	12.217678125
552	10.25972638888889	12.2003546875
553	10.277434027777778	12.242703125
554	10.27448263888889	12.20277265625
555	10.23504375	12.14530859375
556	10.241345833333334	12.19591015625
557	10.229884722222222	12.18119609375
558	10.230469444444445	12.2509234375
559	10.22085486111111	12.166
560	10.193533333333333	12.22839296875
561	10.172978472222223	12.2687953125
562	10.192281944444444	12.2925515625
563	10.164859027777778	12.279715625
564	10.159697916666667	12.25102578125
565	10.13820138888889	12.338334375
566	10.147718055555556	12.26444296875
567	10.128027777777778	12.2788421875
568	10.12338125	12.26404375
569	10.127490277777778	12.27893203125
570	10.094225	12.28669453125
571	10.092865277777777	12.25706328125
572	10.120203472222222	12.28042890625
573	10.081236111111112	12.28600625
574	10.080597222222222	12.2848171875
575	10.055963888888888	12.28345859375
576	10.080981944444444	12.27073046875
577	10.053340277777778	12.32177890625
578	10.086645833333334	12.2539796875
579	10.052865277777778	12.27160625
580	10.036320833333333	12.3167171875
581	10.048841666666666	12.3061546875
582	10.032234027777777	12.26758125
583	10.00817013888889	12.2061390625
584	10.014720833333334	12.2333796875
585	10.018278472222223	12.386271875
586	9.980397222222223	12.2729796875
587	10.017322916666666	12.31853125
588	9.98645	12.340409375
589	9.963711805555555	12.26863671875
590	9.949204166666666	12.276821875
591	9.925172916666666	12.32946953125
592	9.949568055555556	12.27924921875
593	9.912077083333333	12.36586875
594	9.917038194444444	12.4830484375
595	9.951209722222222	12.33402890625
596	9.892930555555555	12.2796140625
597	9.880599305555556	12.29379296875
598	9.8861	12.3432140625
599	9.883663888888888	12.41280390625
600	9.898720833333334	12.3714546875
601	9.847238194444444	12.3308515625
602	9.839436805555556	12.33358515625
603	9.85285625	12.3885671875
604	9.833763888888889	12.396021875
605	9.812122916666667	12.4169828125
606	9.818303472222222	12.4186796875
607	9.769434027777777	12.3729578125
608	9.804229166666667	12.41405625
609	9.781036805555555	12.415090625
610	9.78748263888889	12.3755421875
611	9.755722222222222	12.453590625
612	9.782169444444444	12.43368828125
613	9.73810625	12.5337671875
614	9.7288625	12.3942140625
615	9.727354166666666	12.44986328125
616	9.734977083333334	12.4321984375
617	9.692215972222222	12.4271921875
618	9.696725	12.46651171875
619	9.693146527777778	12.520853125
620	9.721365972222221	12.457496875
621	9.699269444444445	12.4464375
622	9.72914236111111	12.5130328125
623	9.682695833333334	12.47215234375
624	9.700195138888889	12.434196875
625	9.65786736111111	12.4734671875
626	9.61925763888889	12.40389921875
627	9.612186805555556	12.4649890625
628	9.593423611111112	12.5331671875
629	9.589468055555555	12.48359140625
630	9.595013194444444	12.47762265625
631	9.578923611111112	12.49240078125
632	9.582957638888889	12.4192046875
633	9.553479166666667	12.49490234375
634	9.563446527777778	12.497378125
635	9.596122916666667	12.5199671875
636	9.545854861111112	12.4931609375
637	9.556004861111111	12.5072484375
638	9.532309027777778	12.499978125
639	9.526234027777777	12.53183671875
640	9.531140277777778	12.54094375
641	9.499905555555555	12.520790625
642	9.4891375	12.5163
643	9.465861805555555	12.5076078125
644	9.496326388888889	12.5076734375
645	9.477199305555555	12.535015625
646	9.470918055555556	12.5317
647	9.462429861111112	12.4912484375
648	9.419111805555556	12.546275
649	9.431621527777779	12.524965625
650	9.42579861111111	12.5451625
651	9.407064583333334	12.5348140625
652	9.419091666666667	12.5804703125
653	9.424129861111112	12.59672109375
654	9.367780555555555	12.566096875
655	9.383818055555556	12.56933359375
656	9.373625694444444	12.5328515625
657	9.373272916666666	12.623125
658	9.359525	12.592575
659	9.333426388888888	12.60561171875
660	9.330490277777777	12.5745640625
661	9.323002083333334	12.655140625
662	9.316240277777778	12.609515625
663	9.31655	12.624184375
664	9.317278472222222	12.659253125
665	9.286915972222221	12.60574375
666	9.249952777777779	12.6455390625
667	9.248095833333334	12.599609375
668	9.311429166666667	12.6287359375
669	9.288104166666667	12.60916328125
670	9.240270138888889	12.73186171875
671	9.200955555555556	12.640596875
672	9.21085	12.648446875
673	9.180988194444444	12.658275
674	9.188720833333333	12.6338125
675	9.177419444444444	12.6679078125
676	9.1508125	12.6111859375
677	9.154490277777779	12.6810203125
678	9.141296527777778	12.71247109375
679	9.142438194444445	12.71352578125
680	9.102006944444444	12.69279375
681	9.123257638888889	12.795246875
682	9.092572916666667	12.71775625
683	9.090772222222222	12.6840453125
684	9.087619444444444	12.81946484375
685	9.099385416666667	12.68816796875
686	9.099674305555556	12.669034375
687	9.065361805555556	12.6811203125
688	9.050975694444444	12.69613203125
689	9.024310416666667	12.7147171875
690	9.052336111111112	12.75720703125
691	9.019261111111112	12.72576875
692	9.041118055555556	12.71268046875
693	8.993903472222222	12.739753125
694	9.004956944444444	12.78826796875
695	8.988370833333333	12.7576875
696	8.964319444444444	12.7906
697	8.96512361111111	12.845109375
698	9.020878472222222	12.7652984375
699	9.007165277777778	12.81298515625
700	8.93383125	12.8164171875
701	8.94055	12.81724375
702	8.92574375	12.80483125
703	8.89958888888889	12.782634375
704	8.930606944444444	12.80228671875
705	8.915309722222222	12.835384375
706	8.867925694444445	12.8614625
707	8.857466666666667	12.8233390625
708	8.853231944444444	12.8742515625
709	8.853104166666666	12.7541546875
710	8.84142361111111	12.7476625
711	8.840915277777778	12.77312109375
712	8.834029166666667	12.8486046875
713	8.857282638888888	12.8245765625
714	8.811376388888888	12.9154890625
715	8.829416666666667	12.829696875
716	8.807597916666667	12.87160625
717	8.775147222222222	12.8804828125
718	8.79706875	12.91511796875
719	8.779824305555556	12.86074453125
720	8.755215277777777	12.939871875
721	8.747585416666666	12.93938984375
722	8.769833333333333	12.8540703125
723	8.725722916666667	12.8465171875
724	8.764913194444444	12.92533046875
725	8.737895833333333	12.86254140625
726	8.690834027777777	12.8717109375
727	8.693169444444445	12.867109375
728	8.700663194444445	12.9626953125
729	8.673039583333333	12.9092671875
730	8.676369444444445	12.98965078125
731	8.717241666666666	13.04152109375
732	8.706677083333334	12.91426015625
733	8.714002083333334	12.945509375
734	8.668797222222222	12.82841875
735	8.588526388888889	12.98461875
736	8.609781944444444	12.91481875
737	8.652009027777778	12.929325
738	8.619670833333334	12.97541484375
739	8.611753472222222	12.973834375
740	8.55743125	12.9173328125
741	8.556475694444444	12.9538015625
742	8.535580555555555	12.99056171875
743	8.5400375	13.01463359375
744	8.576096527777779	13.00474453125
745	8.516675694444444	13.0556671875
746	8.50276875	12.998828125
747	8.510813194444445	12.98643671875
748	8.490807638888889	13.00698203125
749	8.487296527777778	13.04858984375
750	8.489936805555555	13.01736875
751	8.48255	13.0101234375
752	8.50143125	13.03424921875
753	8.454759027777778	12.9916453125
754	8.458231944444444	13.1137125
755	8.423708333333334	13.09286328125
756	8.447150694444444	13.003078125
757	8.464142361111112	13.06986171875
758	8.405496527777778	13.07396796875
759	8.404759722222222	13.046975
760	8.382016666666667	13.131975
761	8.395093055555556	13.0964859375
762	8.431977777777778	13.051409375
763	8.379059027777778	13.1407578125
764	8.348664583333333	13.051496875
765	8.314030555555556	13.0567515625
766	8.297840277777778	13.096678125
767	8.27175	13.01833203125
768	8.300040277777779	13.199465625
769	8.303734027777777	13.0813765625
770	8.271439583333333	13.063390625
771	8.243163888888889	13.1475421875
772	8.27737013888889	13.072790625
773	8.226401388888888	13.124975
774	8.195176388888889	13.13171875
775	8.25360486111111	13.21994375
776	8.255193055555555	13.1803953125
777	8.197529166666667	13.1558234375
778	8.199770138888889	13.19488125
779	8.191985416666666	13.184403125
780	8.17640138888889	13.152065625
781	8.223172916666666	13.1489359375
782	8.211147916666667	13.2238703125
783	8.237956944444445	13.265475
784	8.138402083333334	13.19001875
785	8.096113194444445	13.1471625
786	8.074104166666666	13.2446703125
787	8.107120833333333	13.2347390625
788	8.090646527777778	13.2693984375
789	8.164695833333333	13.232209375
790	8.133740277777777	13.1645125
791	8.083	13.169340625
792	8.084852777777778	13.16060625
793	8.068725694444444	13.2325203125
794	8.070409027777778	13.19630625
795	8.056809722222223	13.198009375
796	8.013273611111112	13.2210453125
797	8.003761805555555	13.27728125
798	8.007232638888889	13.265465625
799	7.996920833333333	13.2318234375
800	7.995433333333334	13.2855953125
801	8.017300694444444	13.1925359375
802	7.9722284722222225	13.316496875
803	7.968511111111111	13.2868828125
804	7.939788888888889	13.315275
805	7.957208333333333	13.2132171875
806	7.973130555555556	13.3044234375
807	7.925678472222223	13.28135
808	7.88035	13.2807515625
809	8.003802083333333	13.260325
810	7.996779166666666	13.288403125
811	7.894120833333333	13.279159375
812	7.938223611111111	13.2917859375
813	7.852993055555555	13.2999125
814	7.8921222222222225	13.3506890625
815	7.97773125	13.29375
816	7.885096527777778	13.2012359375
817	7.86973125	13.277740625
818	7.8598944444444445	13.271571875
819	7.826340972222222	13.301590625
820	7.8026277777777775	13.248446875
821	7.754954861111111	13.271715625
822	7.754081944444445	13.3547703125
823	7.768509027777778	13.310284375
824	7.84623125	13.347928125
825	7.804319444444444	13.3473890625
826	7.723152083333333	13.308675
827	7.757488888888889	13.364978125
828	7.661803472222222	13.3080328125
829	7.793923611111111	13.3447125
830	7.74514375	13.4133421875
831	7.702707638888889	13.3584984375
832	7.6606555555555556	13.3053203125
833	7.6886270833333334	13.366675
834	7.684361111111111	13.4186921875
835	7.673645138888889	13.3169828125
836	7.673611805555556	13.4223640625
837	7.7025909722222226	13.4230015625
838	7.749061111111111	13.4106140625
839	7.684146527777778	13.443609375
840	7.589563888888889	13.4187328125
841	7.577675	13.3917203125
842	7.597092361111111	13.4810125
843	7.741742361111111	13.398084375
844	7.9624548611111114	13.3364984375
845	7.858116666666667	13.41623125
846	7.766065277777778	13.41645
847	7.668916666666667	13.3445265625
848	7.572518055555555	13.417509375
849	7.574666666666666	13.3986734375
850	7.503892361111111	13.4546375
851	7.543097222222222	13.4798390625
852	7.485849305555556	13.458946875
853	7.464594444444445	13.544925
854	7.449480555555556	13.548428125
855	7.439653472222222	13.456871875
856	7.410018055555556	13.5074328125
857	7.448102777777778	13.473071875
858	7.60851875	13.459040625
859	7.648534027777778	13.5271078125
860	7.444765277777778	13.4414046875
861	7.449697222222222	13.5063375
862	7.4221104166666665	13.477509375
863	7.418609027777777	13.501728125
864	7.354011111111111	13.5283875
865	7.3222375	13.5528046875
866	7.376544444444445	13.554690625
867	7.343239583333333	13.6039125
868	7.301318055555556	13.525059375
869	7.424110416666666	13.5596921875
870	7.3643680555555555	13.513465625
871	7.333527083333333	13.5849234375
872	7.3670125	13.555559375
873	7.3246569444444445	13.55448125
874	7.3011083333333335	13.574440625
875	7.241183333333334	13.5623421875
876	7.266067361111111	13.5313484375
877	7.227379166666666	13.573078125
878	7.25861875	13.641409375
879	7.22044375	13.608021875
880	7.189686805555556	13.5953
881	7.279340972222222	13.627303125
882	7.336394444444444	13.6734328125
883	7.200529861111111	13.6092703125
884	7.233382638888889	13.627384375
885	7.173586111111111	13.6274734375
886	7.111163194444444	13.679159375
887	7.116513194444445	13.691378125
888	7.123114583333333	13.6930671875
889	7.120297222222222	13.6570703125
890	7.119657638888889	13.6821125
891	7.09884375	13.689471875
892	7.095604166666667	13.7180796875
893	7.168351388888889	13.67855625
894	7.207397916666666	13.680784375
895	7.201086805555556	13.6675890625
896	7.126874305555556	13.7344078125
897	7.38951875	13.6592375
898	7.243063194444445	13.705440625
899	7.127029861111111	13.606675
900	7.100691666666667	13.6486484375
901	7.039021527777778	13.7084625
902	7.15949375	13.67280625
903	7.2902402777777775	13.733246875
904	7.203322222222222	13.6744609375
905	7.051698611111111	13.6746578125
906	6.985675	13.7183875
907	7.0119	13.7967203125
908	7.012300694444445	13.6978640625
909	6.935347916666666	13.79053125
910	6.96404375	13.771903125
911	6.9420625	13.76411875
912	7.1041125	13.7835796875
913	7.033525	13.7674515625
914	6.903140277777778	13.775740625
915	6.841222916666666	13.8315390625
916	6.965499305555555	13.7815546875
917	6.956585416666667	13.792884375
918	6.8912659722222225	13.765121875
919	6.8261618055555555	13.7366015625
920	6.834834722222222	13.839728125
921	6.951150694444444	13.7933046875
922	6.882801388888889	13.790034375
923	6.828647916666666	13.814353125
924	6.81883125	13.834275
925	6.804898611111111	13.842828125
926	6.775505555555555	13.8592484375
927	6.79380625	13.8524890625
928	6.814789583333333	13.8517421875
929	6.992988888888889	13.8541578125
930	6.837575694444444	13.89254375
931	6.76349375	13.903040625
932	6.754418055555556	13.8823
933	6.83234375	13.8366796875
934	6.74388125	13.866815625
935	6.7084118055555555	13.879746875
936	6.706653472222222	13.8718703125
937	6.7657875	13.9765765625
938	6.74948125	13.81848125
939	6.724825	13.8455734375
940	6.681045833333333	13.938528125
941	6.640349305555556	13.93496875
942	6.644715972222222	13.9404765625
943	6.608884722222222	13.90888125
944	6.603715277777778	13.95448125
945	6.554986111111111	14.020784375
946	6.574188888888889	13.9243875
947	6.782911805555556	13.935384375
948	6.818702777777777	13.8946296875
949	6.697375	13.950965625
950	6.681109027777778	13.90483125
951	6.631166666666667	13.89576875
952	6.579184027777778	13.95903125
953	6.566239583333333	13.930075
954	6.546509027777778	14.0147953125
955	6.492586111111111	14.014675
956	6.473657638888889	13.988484375
957	6.4451375	13.9769359375
958	6.424408333333333	14.03844375
959	6.413481944444444	14.014640625
960	6.558299305555556	14.0261875
961	6.531521527777778	14.06108125
962	6.5923493055555555	14.0078125
963	6.530845138888889	13.989859375
964	6.428085416666667	13.978259375
965	6.392331944444445	13.9861765625
966	6.378852083333333	14.069990625
967	6.483890972222222	13.977803125
968	6.525340972222223	13.9689
969	6.500336111111111	13.958696875
970	6.431247222222222	14.0555109375
971	6.437130555555555	14.004634375
972	6.352647222222222	13.988553125
973	6.359234027777778	14.128796875
974	6.472238888888889	14.0182125
975	6.416954861111111	14.035259375
976	6.277845138888889	14.141490625
977	6.232578472222222	14.10125
978	6.5176590277777775	14.0561265625
979	6.4620875	14.144303125
980	6.359409722222222	14.0988671875
981	6.3027291666666665	14.1474390625
982	6.2529256944444445	14.114946875
983	6.285573611111111	14.1242171875
984	6.267802083333334	14.0245890625
985	6.675220138888889	14.0827
986	6.4146875	14.080440625
987	6.308143055555556	14.11575
988	6.357140277777778	13.9932390625
989	6.231968055555556	14.0939953125
990	6.230154166666667	14.052025
991	6.182803472222222	14.145203125
992	6.168935416666667	14.10806875
993	6.167460416666667	14.159734375
994	6.155979166666667	14.201459375
995	6.667030555555556	14.03958125
996	6.5957125	14.0646328125
997	6.635502777777778	14.15390625
998	6.417595138888889	14.124221875
999	6.302504166666667	14.1192703125
1000	6.252197916666667	14.020259375
1001	6.201727083333333	14.1062765625
1002	6.089389583333333	14.1424609375
1003	6.157554166666666	14.194875
1004	6.166627083333333	14.157125
1005	6.184663888888889	14.1351796875
1006	6.073938194444445	14.13061875
1007	6.030177083333333	14.1893671875
1008	6.080420138888889	14.1780140625
1009	6.229095833333333	14.1612734375
1010	6.079272916666667	14.18255625
1011	6.067753472222222	14.2356828125
1012	5.9418298611111116	14.24123125
1013	5.959218055555556	14.2601421875
1014	5.999971527777777	14.239553125
1015	6.044900694444444	14.237459375
1016	5.911453472222222	14.2549390625
1017	5.905032638888889	14.22396875
1018	5.885798611111111	14.3021234375
1019	5.88306875	14.2884890625
1020	5.970607638888889	14.23474375
1021	5.840295833333333	14.32458125
1022	5.83744375	14.2641375
1023	5.9270909722222225	14.2775
1024	5.896524305555555	14.3213328125
1025	5.879122222222223	14.2743140625
1026	5.888322916666667	14.3159453125
1027	5.7903697916666665	14.302853125
1028	5.785584375	14.2986765625
1029	5.817971180555555	14.3629265625
1030	5.806695833333333	14.3234828125
1031	5.867604166666666	14.3264125
1032	5.818483333333333	14.294378125
1033	5.739321527777777	14.376290625
1034	5.820145138888889	14.3647578125
1035	5.826444444444444	14.3412921875
1036	5.872440277777778	14.4334
1037	5.930140277777777	14.3263828125
1038	5.7477350694444445	14.322196875
1039	6.009727777777778	14.302590625
1040	6.112611111111111	14.276484375
1041	6.018321527777778	14.300909375
1042	5.777937152777778	14.3134328125
1043	5.729781944444444	14.29283125
1044	5.701826736111111	14.3794875
1045	5.680671527777778	14.365746875
1046	5.661464930555556	14.3936828125
1047	5.617244097222223	14.3487578125
1048	5.571811805555556	14.380940625
1049	5.658300347222222	14.429375
1050	5.564413541666666	14.46873125
1051	5.651831597222222	14.4119921875
1052	5.714639583333334	14.442878125
1053	5.625431944444444	14.398328125
1054	5.5639770833333335	14.4031546875
1055	5.702184722222222	14.463846875
1056	5.601176388888889	14.36788125
1057	5.540363541666666	14.4721671875
1058	5.569779861111111	14.4408515625
1059	5.525999652777778	14.474734375
1060	5.468371180555556	14.4640671875
1061	5.439989583333333	14.560690625
1062	5.6041743055555555	14.5093671875
1063	5.668162847222222	14.4355625
1064	5.626264583333334	14.4656875
1065	5.5178190972222225	14.421371875
1066	5.633510763888889	14.4894375
1067	5.715229861111111	14.432575
1068	5.619520486111111	14.476803125
1069	5.471278472222222	14.44384375
1070	5.478707986111111	14.492403125
1071	5.572022569444444	14.49588125
1072	5.390912152777778	14.46126875
1073	5.415949305555555	14.514140625
1074	5.310375694444445	14.506678125
1075	5.312736458333333	14.4940671875
1076	5.313076736111111	14.5320484375
1077	5.293198263888889	14.6075203125
1078	5.308171875	14.533834375
1079	5.319282986111111	14.5655671875
1080	5.3475270833333335	14.54143125
1081	5.276740625	14.54378125
1082	5.251000347222222	14.578553125
1083	5.289926041666667	14.6478671875
1084	5.2487006944444445	14.5806046875
1085	5.213668055555556	14.6727921875
1086	5.300585763888889	14.614465625
1087	5.246016666666667	14.615878125
1088	5.430271875	14.6861
1089	5.311292361111111	14.6122453125
1090	5.269234375	14.6528953125
1091	5.267460069444445	14.583815625
1092	5.264680208333333	14.6005796875
1093	5.226270833333333	14.67168125
1094	5.190736111111111	14.6831640625
1095	5.240423958333333	14.6396203125
1096	5.187560416666667	14.6519140625
1097	5.208628819444445	14.6864109375
1098	5.213872569444445	14.7740765625
1099	5.348216319444444	14.678940625
1100	5.579526388888889	14.605503125
1101	5.296956944444444	14.6586
1102	5.375115625	14.6111875
1103	5.192174652777778	14.598390625
1104	5.148793402777778	14.6757390625
1105	5.2155555555555555	14.6994875
1106	5.206202083333333	14.68385625
1107	5.524031597222222	14.62431875
1108	5.417439236111111	14.6131265625
1109	5.354483680555555	14.6140265625
1110	5.132855902777778	14.6781484375
1111	5.065465625	14.73273125
1112	5.017979166666667	14.623915625
1113	4.948615625	14.70513125
1114	5.148523611111111	14.6568109375
1115	4.994131944444445	14.798175
1116	5.092180902777778	14.7134421875
1117	4.940745833333334	14.7572953125
1118	4.909921875	14.792525
1119	4.962482638888889	14.7574953125
1120	5.002645833333333	14.714834375
1121	4.939390972222222	14.7479046875
1122	4.88769375	14.8287453125
1123	4.842196527777777	14.7328921875
1124	4.936598958333334	14.7806125
1125	4.938867708333333	14.8468921875
1126	4.889041319444445	14.8181078125
1127	4.868880555555555	14.7963390625
1128	4.777343055555556	14.7580171875
1129	4.761933333333333	14.88831875
1130	4.762325694444445	14.8962359375
1131	4.7727763888888886	14.8594828125
1132	5.0314677083333335	14.8642828125
1133	4.909028472222222	14.880296875
1134	4.954062847222223	14.837934375
1135	4.945789930555556	14.850909375
1136	4.945582291666667	14.802096875
1137	4.908855902777778	14.885140625
1138	4.850587152777778	14.894025
1139	4.778422569444444	14.84198125
1140	4.743409722222222	14.8621890625
1141	5.023059027777777	14.88625625
1142	5.074148958333334	14.8247453125
1143	4.863763888888889	14.833753125
1144	4.7307854166666665	14.9022
1145	4.717996527777777	14.8398875
1146	4.810321875	14.87455
1147	4.711586458333334	14.92991875
1148	4.850884375	14.791621875
1149	4.817742013888889	14.9040203125
1150	4.887973958333333	14.86915625
1151	4.746714236111111	14.860784375
1152	4.753000694444444	14.84695
1153	4.729951388888889	14.8474234375
1154	4.799145833333333	14.978059375
1155	4.693613541666667	14.896784375
1156	4.888481944444444	14.9641875
1157	4.817521527777778	14.848865625
1158	4.762779166666666	14.881628125
1159	4.972907291666667	14.8446703125
1160	4.982097222222222	14.913978125
1161	4.9848125	14.879671875
1162	5.080533333333333	14.8829703125
1163	4.9679	14.884228125
1164	4.811732291666667	14.857721875
1165	4.722769444444444	14.8505984375
1166	4.654127777777778	14.8680828125
1167	4.61406875	14.95749375
1168	4.692101041666667	14.940715625
1169	4.560694097222222	14.88959375
1170	4.630869097222222	14.8939234375
1171	4.5279541666666665	14.9971625
1172	4.511518055555555	15.014428125
1173	4.512489930555556	14.980853125
1174	4.442806597222222	14.961815625
1175	4.416562847222222	15.0006875
1176	4.408899305555556	15.07920625
1177	4.414244444444445	14.9974140625
1178	4.666097916666667	15.0113859375
1179	4.453516319444445	14.99746875
1180	4.4770972222222225	15.0333921875
1181	4.558963888888889	14.9622515625
1182	4.705241666666667	14.9783265625
1183	4.572537847222222	15.00185625
1184	4.428072916666666	15.0422328125
1185	4.366484375	14.9777171875
1186	4.369357291666667	15.0700984375
1187	4.282662152777778	15.063128125
1188	4.324835416666667	15.056165625
1189	4.312387847222222	15.1284234375
1190	4.295979166666666	15.0880484375
1191	4.224260416666667	15.144496875
1192	4.245583680555556	15.18573125
1193	4.284849305555555	15.1127375
1194	4.244640625	15.1991796875
1195	4.2291767361111114	15.05629375
1196	4.245307291666666	15.1319171875
1197	4.187491666666666	15.0956296875
1198	4.206223263888889	15.1772875
1199	4.357177083333333	15.107259375
1200	4.34573125	15.116871875
1201	4.331795486111111	15.12851875
1202	4.762067013888889	15.076053125
1203	4.467388888888889	15.088296875
1204	4.4663482638888885	15.076246875
1205	4.245047916666667	15.0921484375
1206	4.737228819444445	15.0755515625
1207	4.636037847222222	15.08195625
1208	4.494549652777778	15.000765625
1209	4.3903236111111115	15.17586875
1210	4.392004166666666	15.06875
1211	4.275459027777778	15.1275578125
1212	4.191090625	15.126921875
1213	4.115847916666667	15.17258125
1214	4.140988541666666	15.170871875
1215	4.700775694444444	15.110121875
1216	4.635589930555556	15.14686875
1217	4.442363194444445	15.10755625
1218	4.367334375	15.112553125
1219	4.171465277777778	15.171353125
1220	4.346829513888889	15.12955625
1221	4.387507986111111	15.1523734375
1222	4.339865625	15.1299046875
1223	4.183433333333333	15.1055375
1224	4.1392878472222225	15.1759234375
1225	4.668993055555555	15.1253921875
1226	4.291917361111111	15.148978125
1227	4.253398611111111	15.14739375
1228	4.200967708333334	15.119871875
1229	4.147910416666667	15.172653125
1230	4.063141666666667	15.2088703125
1231	4.069877083333333	15.2807296875
1232	4.217929166666667	15.20086875
1233	4.276201736111111	15.2195828125
1234	4.159495486111111	15.2310828125
1235	4.209707986111111	15.1862171875
1236	4.318808333333333	15.2752140625
1237	4.030560069444444	15.255703125
1238	4.022213541666667	15.280946875
1239	4.024550694444445	15.214271875
1240	3.9608041666666667	15.2813984375
1241	3.9730711805555554	15.271865625
1242	3.980505902777778	15.244096875
1243	3.9493586805555556	15.2626265625
1244	3.918507291666667	15.3927515625
1245	3.9305524305555557	15.324403125
1246	3.861459722222222	15.3284953125
1247	3.842482638888889	15.3358265625
1248	3.7747381944444443	15.379896875
1249	3.7506163194444446	15.38770625
1250	3.838849652777778	15.4032203125
1251	3.7704135416666666	15.408415625
1252	3.7527631944444444	15.3570375
1253	3.773009722222222	15.41175
1254	3.715912847222222	15.40564375
1255	3.771928125	15.39316875
1256	3.7616034722222222	15.4885625
1257	3.6935125	15.4242015625
1258	3.8060798611111113	15.444121875
1259	3.8553163194444444	15.438753125
1260	3.8380493055555553	15.3937828125
1261	3.714032291666667	15.406628125
1262	3.725546527777778	15.4570828125
1263	3.7917847222222223	15.447965625
1264	3.971409027777778	15.414740625
1265	3.7649503472222223	15.4433796875
1266	3.822469097222222	15.384878125
1267	3.7808534722222222	15.4506875
1268	3.8202458333333333	15.478325
1269	3.8111888888888887	15.5117125
1270	3.686463888888889	15.4537109375
1271	3.675397916666667	15.4827046875
1272	3.817595486111111	15.416715625
1273	3.8539	15.519984375
1274	3.9196184027777776	15.402796875
1275	3.7097684027777778	15.441846875
1276	3.66903125	15.448759375
1277	3.552321527777778	15.52543125
1278	3.529925347222222	15.49616875
1279	3.633423958333333	15.54021875
1280	3.5905850694444443	15.612875
1281	3.594980902777778	15.524296875
1282	3.5535743055555558	15.5483140625
1283	3.4769229166666666	15.523996875
1284	3.5979447916666665	15.51819375
1285	4.0929545138888885	15.523340625
1286	3.8758989583333334	15.4260484375
1287	3.7204538194444443	15.5503734375
1288	3.6879947916666667	15.5002234375
1289	3.5873631944444444	15.522421875
1290	3.581889236111111	15.5520875
1291	3.574593402777778	15.5616265625
1292	3.5833739583333335	15.56138125
1293	3.589155208333333	15.5645359375
1294	3.604984375	15.5513546875
1295	3.5070163194444444	15.52026875
1296	3.5133472222222224	15.600165625
1297	3.4348645833333333	15.5922859375
1298	3.5402010416666667	15.536359375
1299	3.6098371527777777	15.60585
1300	3.418715625	15.601915625
1301	3.5098326388888887	15.518234375
1302	3.431609375	15.5849765625
1303	3.4516413194444446	15.5722765625
1304	3.3961552083333335	15.5664953125
1305	3.3748399305555554	15.6527578125
1306	3.4207288194444443	15.58856875
1307	3.3741246527777777	15.683509375
1308	3.437253125	15.6329921875
1309	3.4338777777777776	15.617446875
1310	3.472509027777778	15.63321875
1311	3.429695833333333	15.5773109375
1312	3.4751815972222224	15.687503125
1313	3.322078125	15.6326828125
1314	3.2763875	15.667321875
1315	3.227736111111111	15.659621875
1316	3.1976229166666665	15.735615625
1317	3.2079260416666666	15.78553125
1318	3.1607913194444444	15.6877671875
1319	3.417437847222222	15.6896828125
1320	3.4642263888888887	15.7070109375
1321	3.352434375	15.765296875
1322	3.317422222222222	15.723253125
1323	3.3854208333333333	15.71900625
1324	3.5251336805555558	15.749753125
1325	3.271398958333333	15.7611828125
1326	3.2787440972222224	15.7049515625
1327	3.3059541666666665	15.6852484375
1328	3.271607986111111	15.770509375
1329	3.256945486111111	15.719565625
1330	3.239026736111111	15.7673828125
1331	3.253559375	15.7360921875
1332	3.189409375	15.79086875
1333	3.139438888888889	15.76484375
1334	3.3432215277777777	15.6918875
1335	3.290334027777778	15.7083109375
1336	3.147935416666667	15.7980234375
1337	3.1994909722222222	15.7526421875
1338	3.147123263888889	15.774425
1339	3.1242569444444444	15.8141875
1340	3.1453402777777777	15.792503125
1341	3.0892371527777778	15.837409375
1342	3.1966315972222223	15.8400609375
1343	3.2708854166666668	15.770578125
1344	3.1021083333333332	15.8307234375
1345	3.1102447916666667	15.82088125
1346	3.1110993055555554	15.7928953125
1347	3.0428104166666667	15.83898125
1348	3.036070486111111	15.8631390625
1349	3.196214236111111	15.7721296875
1350	3.1263729166666665	15.8304109375
1351	2.9821506944444445	15.85146875
1352	3.3673461805555553	15.7453046875
1353	3.263227777777778	15.7876046875
1354	3.1546666666666665	15.748240625
1355	3.0131885416666666	15.8667046875
1356	2.938768402777778	15.7736875
1357	2.9295673611111113	15.8046453125
1358	2.9282909722222223	15.911671875
1359	3.1831267361111113	15.8326046875
1360	3.0906256944444443	15.8208765625
1361	3.1611274305555557	15.89836875
1362	3.1269805555555554	15.882378125
1363	2.9991409722222224	15.8373515625
1364	2.896092361111111	15.8856359375
1365	2.9056555555555557	15.9089828125
1366	2.8956131944444445	15.894996875
1367	2.854257986111111	15.9372796875
1368	2.7898211805555557	15.878746875
1369	2.7570772569444446	15.935415625
1370	2.934740625	15.8936734375
1371	2.8689802083333333	15.928678125
1372	2.8362947916666665	15.87128125
1373	2.8422125	15.895475
1374	2.817669791666667	15.9227453125
1375	2.8128194444444445	15.942775
1376	3.057060763888889	15.962809375
1377	3.019245138888889	15.920425
1378	2.8481484375	15.9845453125
1379	2.783949652777778	15.913425
1380	2.825206423611111	15.975675
1381	2.8294178819444444	15.9900046875
1382	2.711134027777778	15.9585109375
1383	2.731634722222222	15.942590625
1384	2.7166690972222223	15.9959515625
1385	2.7902005208333334	15.9688140625
1386	2.7270861111111113	16.0287046875
1387	2.649898784722222	16.0235484375
1388	2.6800993055555558	16.00335625
1389	2.687891666666667	15.879896875
1390	2.5863645833333333	16.0128265625
1391	2.6046855902777777	15.984765625
1392	2.6739414930555556	15.9745421875
1393	2.9386413194444443	15.9589015625
1394	2.8652777777777776	16.007371875
1395	2.7810262152777776	15.9518234375
1396	2.8581454861111113	16.00928125
1397	2.757648090277778	15.9975765625
1398	2.8568345486111113	15.95620625
1399	2.7157605902777777	15.9168484375
1400	2.6082788194444446	16.05991875
1401	2.602181597222222	16.0164546875
1402	2.5467621527777777	15.94809375
1403	2.5953821180555554	16.02265
1404	2.6986097222222223	16.06136875
1405	2.6952807291666665	15.945875
1406	2.6000274305555555	16.061421875
1407	2.525192534722222	16.06873125
1408	2.537062673611111	16.040003125
1409	2.6241829861111112	15.9925875
1410	2.599281770833333	15.9652453125
1411	2.6182713541666667	16.0746140625
1412	2.7069	15.9919625
1413	2.765669791666667	16.059425
1414	2.6152381944444443	16.116203125
1415	2.545004340277778	16.097271875
1416	2.642014409722222	15.9869984375
1417	2.797075	16.0307234375
1418	2.6781335069444445	16.00484375
1419	2.6539390625	16.11356875
1420	2.501826388888889	16.103321875
1421	2.5424329861111112	16.0652328125
1422	2.4850493055555556	16.0821625
1423	2.473877604166667	16.063765625
1424	2.4137960069444446	16.1005375
1425	2.3677166666666665	16.070265625
1426	2.344770659722222	16.1314890625
1427	2.5883796875	16.1952640625
1428	2.4605236111111113	16.102975
1429	2.421504513888889	16.16125625
1430	2.320384375	16.150121875
1431	2.2612932291666668	16.118253125
1432	2.3226635416666666	16.1462640625
1433	2.3321541666666668	16.1536625
1434	2.3730793402777777	16.12093125
1435	2.302650173611111	16.188315625
1436	2.275562847222222	16.1812421875
1437	2.2229109375	16.178665625
1438	2.1809791666666665	16.17945625
1439	2.1499890625	16.1407015625
1440	2.1946979166666667	16.2311296875
1441	2.165430729166667	16.1588359375
1442	2.20421875	16.27618125
1443	2.208964236111111	16.2113375
1444	2.298290625	16.233671875
1445	2.372255902777778	16.19791875
1446	2.220637847222222	16.18911875
1447	2.2247493055555556	16.2368140625
1448	2.155598263888889	16.1345078125
1449	2.119365277777778	16.1780203125
1450	2.0480421875	16.26190625
1451	2.047194965277778	16.303209375
1452	2.046693576388889	16.281334375
1453	2.0369586805555557	16.2573203125
1454	2.1294651041666666	16.2968328125
1455	2.1196809027777777	16.28730625
1456	2.096960590277778	16.3208875
1457	2.1223913194444446	16.2842375
1458	2.127584027777778	16.379025
1459	2.5734112847222224	16.2494734375
1460	2.3349972222222224	16.289234375
1461	2.131942534722222	16.247253125
1462	2.144960590277778	16.3199484375
1463	2.043905034722222	16.3141640625
1464	1.9537789930555556	16.31135
1465	2.1062894097222222	16.3372828125
1466	2.1293647569444443	16.3603546875
1467	2.033908333333333	16.2697640625
1468	1.965673263888889	16.32980625
1469	2.019468923611111	16.40870625
1470	1.9687192708333334	16.3135375
1471	1.9558887152777777	16.356171875
1472	2.1030696180555557	16.3201046875
1473	1.9332151041666668	16.3607671875
1474	1.8974170138888888	16.3790046875
1475	1.8595979166666667	16.41058125
1476	1.8650949652777777	16.437003125
1477	1.9376298611111111	16.3907796875
1478	1.9353130208333333	16.377421875
1479	1.8059456597222223	16.442421875
1480	1.7918609375	16.46823125
1481	1.7978684027777778	16.4488046875
1482	1.8240380208333333	16.43555625
1483	1.9962651041666666	16.457803125
1484	1.8735673611111112	16.4102265625
1485	1.868557638888889	16.3793953125
1486	1.8532538194444443	16.4201578125
1487	1.807028125	16.50630625
1488	1.7410421875	16.471425
1489	1.7986546875	16.47100625
1490	1.7693574652777777	16.4570265625
1491	1.7487831597222223	16.4476421875
1492	1.7456237847222222	16.463778125
1493	1.8621796875	16.512321875
1494	1.8092734375	16.4721375
1495	1.7358885416666667	16.504528125
1496	1.6899982638888889	16.526840625
1497	1.6877192708333333	16.510284375
1498	1.6481131944444445	16.5348359375
1499	1.6715444444444445	16.502303125
1500	1.7964227430555555	16.532625
1501	1.9021751736111112	16.5838765625
1502	2.1009927083333335	16.52189375
1503	1.8343868055555557	16.5023703125
1504	1.7315619791666668	16.542403125
1505	1.6857015625	16.52094375
1506	1.6474899305555555	16.5268359375
1507	1.5958494791666666	16.57683125
1508	1.6342461805555555	16.5738484375
1509	1.6189534722222223	16.5992578125
1510	1.6419519097222222	16.6096828125
1511	1.6018060763888888	16.6144859375
1512	1.7821166666666666	16.57245625
1513	1.6468085069444445	16.61675625
1514	1.5935303819444444	16.571325
1515	1.5987901041666666	16.6602515625
1516	1.6145394097222223	16.58606875
1517	1.6254411458333333	16.634609375
1518	1.6617435763888888	16.5905875
1519	1.5524434027777778	16.668540625
1520	1.5464928819444443	16.632096875
1521	1.620143923611111	16.5313515625
1522	1.6315494791666667	16.6309625
1523	1.5012722222222221	16.61789375
1524	1.5232149305555556	16.70233125
1525	1.60943125	16.6387
1526	1.5351697916666667	16.6034265625
1527	1.5484866319444444	16.6635140625
1528	1.8081114583333333	16.58798125
1529	1.7986911458333332	16.6166640625
1530	1.6686788194444444	16.6210171875
1531	1.5111916666666667	16.6538296875
1532	1.44479609375	16.6085734375
1533	1.46904375	16.6888828125
1534	1.5080418402777778	16.673690625
1535	1.4375176215277778	16.6748671875
1536	1.4360815104166667	16.6288
1537	1.4345698784722223	16.685028125
1538	1.3922416666666666	16.685178125
1539	1.4447473090277778	16.7532890625
1540	1.4598663194444443	16.70165
1541	1.3886816840277778	16.7124625
1542	1.3348135416666667	16.772559375
1543	1.3791233506944445	16.744465625
1544	1.4455642361111112	16.686653125
1545	1.3583026909722222	16.7648359375
1546	1.447359201388889	16.7437328125
1547	1.41217421875	16.77970625
1548	1.4940515625	16.78044375
1549	1.6151555555555555	16.7774578125
1550	1.4185552083333333	16.7250890625
1551	1.3180869791666667	16.7581140625
1552	1.3276714409722221	16.7650609375
1553	1.3178827256944445	16.6732015625
1554	1.2683322916666666	16.779046875
1555	1.2362854166666666	16.80521875
1556	1.249430642361111	16.7796984375
1557	1.2441738715277777	16.828628125
1558	1.2510939236111112	16.8038734375
1559	1.2597175347222223	16.8193265625
1560	1.2812822048611112	16.82448125
1561	1.1952409722222221	16.888184375
1562	1.1747953125	16.74103125
1563	1.254359982638889	16.8651828125
1564	1.2509914930555555	16.861015625
1565	1.1897049479166666	16.8549453125
1566	1.17074375	16.87215
1567	1.1821927083333332	16.7816171875
1568	1.1877293402777778	16.8868796875
1569	1.1521678819444445	16.7856671875
1570	1.12580859375	16.861603125
1571	1.2273213541666668	16.890909375
1572	1.1606791666666667	16.930071875
1573	1.153512326388889	16.797021875
1574	1.5166314236111111	16.8716375
1575	1.357215017361111	16.827746875
1576	1.2404376736111111	16.905909375
1577	1.1659715277777778	16.878965625
1578	1.1144474826388888	16.882734375
1579	1.0957222222222223	16.915353125
1580	1.1771722222222223	16.806675
1581	1.2067426215277777	16.9370296875
1582	1.1082152777777778	16.954034375
1583	1.0536243055555556	16.907709375
1584	1.05586953125	16.8953875
1585	1.10294375	16.912028125
1586	1.0587207465277777	16.9414796875
1587	1.02567109375	16.886321875
1588	1.020067013888889	16.932090625
1589	1.0025979166666668	16.8852921875
1590	1.0260073784722221	16.971190625
1591	1.0133940104166668	16.980234375
1592	0.9891505208333333	16.964184375
1593	1.0928421875	16.9272140625
1594	1.2083157118055556	16.971278125
1595	1.1991388020833333	16.952234375
1596	1.0595881944444445	16.984040625
1597	1.0176658854166667	16.922721875
1598	0.9869217013888889	16.981934375
1599	0.9215614583333334	16.984825
1600	1.0283714409722222	16.99548125
1601	0.9617192708333333	16.934253125
1602	0.9598360243055556	16.9882890625
1603	0.9453317708333333	17.0223203125
1604	0.9531086805555555	17.0212765625
1605	0.9419459201388889	17.0347578125
1606	0.92003125	16.9628546875
1607	0.89355	16.9906265625
1608	0.8885822048611111	17.056028125
1609	0.8820859375	17.0923296875
1610	0.8447005208333334	17.0258296875
1611	0.81712265625	17.0435140625
1612	0.8150287326388889	17.043190625
1613	0.8747542534722222	17.08743125
1614	0.9112075520833334	17.06119375
1615	0.8590151041666667	17.005703125
1616	0.8565420138888888	17.0722
1617	0.9175001736111111	17.0796828125
1618	0.8580172743055555	17.0665546875
1619	0.8142019097222222	17.1266796875
1620	0.8589291666666666	17.0822515625
1621	0.8367800347222222	17.114390625
1622	0.9670140625	17.0616609375
1623	0.9899565972222222	17.084190625
1624	1.0340110243055556	17.101196875
1625	0.8945984375	17.12773125
1626	0.8453921006944445	17.074665625
1627	0.8107027777777778	17.066053125
1628	0.7928082465277778	17.11160625
1629	0.8151028645833334	17.0970171875
1630	0.8659384548611111	17.10336875
1631	0.7933162326388888	17.1206609375
1632	0.7321168402777778	17.1169015625
1633	0.7734276041666667	17.130503125
1634	0.8801556423611111	17.141296875
1635	0.8090997395833334	17.119453125
1636	0.7457623263888888	17.0956171875
1637	0.7208695746527778	17.166603125
1638	0.6810697916666667	17.118421875
1639	0.6866144097222222	17.1188984375
1640	0.74923828125	17.171115625
1641	0.7026259548611111	17.0996421875
1642	0.6568932725694444	17.2512625
1643	0.6625056423611111	17.1713390625
1644	0.6362436631944445	17.1792390625
1645	0.6582753038194444	17.175453125
1646	0.6980398003472222	17.1234515625
1647	0.6922678385416666	17.181846875
1648	0.6664451388888889	17.128009375
1649	0.6953864149305555	17.18539375
1650	0.6539958767361111	17.1896484375
1651	0.625648046875	17.18295625
1652	0.6273166232638889	17.17416875
1653	0.6005476128472222	17.225265625
1654	0.6116862413194445	17.19485625
1655	0.59672265625	17.224753125
1656	0.5819737847222223	17.1691984375
1657	0.6512352864583333	17.2072328125
1658	0.6103459201388889	17.248253125
1659	0.5562720486111111	17.198771875
1660	0.5730652777777778	17.2378703125
1661	0.5685317708333333	17.280690625
1662	0.5432548177083333	17.1999375
1663	0.5287993923611111	17.28605
1664	0.5457125	17.1868125
1665	0.5788822482638889	17.2168453125
1666	0.5388740017361111	17.19909375
1667	0.5280823350694445	17.2510953125
1668	0.49840750868055556	17.2566984375
1669	0.5520998697916667	17.25774375
1670	0.5475286892361111	17.2075953125
1671	0.49165425347222225	17.3286234375
1672	0.49465542534722223	17.23971875
1673	0.5068049045138889	17.2261125
1674	0.4921900173611111	17.264771875
1675	0.456244921875	17.262246875
1676	0.46707925347222223	17.241459375
1677	0.44896571180555556	17.22290625
1678	0.46530225694444444	17.295271875
1679	0.47570251736111113	17.3204265625
1680	0.46273858506944443	17.274628125
1681	0.45863880208333335	17.2705203125
1682	0.47851822916666664	17.310396875
1683	0.44641705729166664	17.3468421875
1684	0.45449375	17.370884375
1685	0.42558051215277776	17.280709375
1686	0.4450282118055556	17.357365625
1687	0.44745399305555555	17.3013375
1688	0.41434635416666665	17.290178125
1689	0.41005555555555556	17.3555875
1690	0.3786332465277778	17.3010984375
1691	0.381289453125	17.4097640625
1692	0.37903463541666665	17.3146546875
1693	0.40360260416666666	17.383071875
1694	0.3952633246527778	17.293375
1695	0.3858545572916667	17.3213546875
1696	0.43405598958333336	17.39931875
1697	0.3840106770833333	17.2731203125
1698	0.3466535807291667	17.37453125
1699	0.3695898003472222	17.3477015625
1700	0.35775444878472223	17.378315625
1701	0.39243389756944447	17.3676890625
1702	0.3348944878472222	17.3837125
1703	0.33407152777777777	17.35993125
1704	0.32582923177083334	17.35554375
1705	0.30293806423611114	17.4308125
1706	0.3228203342013889	17.40108125
1707	0.2978573784722222	17.315675
1708	0.3451793402777778	17.4099515625
1709	0.2717302734375	17.3972515625
1710	0.32367259114583335	17.44248125
1711	0.2771896701388889	17.34891875
1712	0.29243528645833333	17.458540625
1713	0.2782795138888889	17.3377546875
1714	0.23979268663194445	17.4397234375
1715	0.24123270399305555	17.464675
1716	0.26329563802083333	17.423528125
1717	0.23642942708333334	17.45594375
1718	0.23409563802083333	17.4440625
1719	0.31762311197916665	17.48878125
1720	0.27068587239583336	17.3426390625
1721	0.24921944444444444	17.4618765625
1722	0.31727233072916666	17.42174375
1723	0.2881174045138889	17.42381875
1724	0.25503355034722225	17.476325
1725	0.28825703125	17.4388125
1726	0.2725986111111111	17.4166875
1727	0.22767408854166668	17.489775
1728	0.2124857421875	17.442765625
1729	0.1975249782986111	17.449975
1730	0.16739380425347222	17.52651875
1731	0.17952688802083333	17.4472609375
1732	0.2550274956597222	17.48138125
1733	0.49584965277777776	17.4013
1734	0.3465000217013889	17.454175
1735	0.263405078125	17.4329875
1736	0.2335939453125	17.455946875
1737	0.20434507378472222	17.404734375
1738	0.2042261284722222	17.44363125
1739	0.18182523871527778	17.523025
1740	0.21518244357638888	17.4908
1741	0.27544216579861114	17.4605765625
1742	0.2284833767361111	17.511965625
1743	0.18948882378472223	17.47148125
1744	0.16956463758680557	17.4638203125
1745	0.13972274305555554	17.4875546875
1746	0.13986217447916666	17.5638515625
1747	0.11770453559027778	17.4539203125
1748	0.1373103298611111	17.46888125
1749	0.10938707682291667	17.4733625
1750	0.11882612847222222	17.528059375
1751	0.14250400390625	17.50040625
1752	0.12832431640625	17.5447078125
1753	0.080389990234375	17.49701875
1754	0.10754439019097223	17.5005953125
1755	0.07813706597222222	17.55716875
1756	0.11571022135416667	17.4954125
1757	0.10557503255208334	17.5254953125
1758	0.06186003689236111	17.5469046875
1759	0.09771876085069445	17.542015625
1760	0.08435770941840277	17.5252171875
1761	0.06461589084201388	17.5492734375
1762	0.05223990342881944	17.5126515625
1763	0.0672134548611111	17.510878125
1764	0.05822799479166667	17.537584375
1765	0.036759326171875	17.5195609375
1766	0.07020631510416667	17.59848125
1767	0.032427978515625	17.4739140625
1768	0.05254101019965278	17.602421875
1769	0.03538272569444444	17.5602640625
1770	0.0295236572265625	17.5642265625
1771	0.05015764973958333	17.4799109375
1772	0.049945442708333336	17.6233875
1773	0.02350636935763889	17.5111140625
1774	0.057720654296875	17.6089859375
1775	0.052691351996527774	17.5583578125
1776	0.025467618815104166	17.51858125
1777	0.013889344618055556	17.52786875
1778	0.023547547743055557	17.5636796875
1779	0.04655231119791667	17.555303125
1780	0.030925108506944445	17.542396875
1781	0.016884046766493056	17.6199734375
1782	0.0013823282877604166	17.598928125
1783	0.01182485622829861	17.5571828125
1784	-0.021721465386284722	17.556765625
1785	-0.0003641411675347222	17.6351296875
1786	-0.024909556749131943	17.5006796875
1787	0.00080628662109375	17.6081703125
1788	-0.02455712890625	17.637153125
1789	-0.014190635850694444	17.625771875
1790	-0.01370628662109375	17.6080390625
1791	-0.047487803819444445	17.6379546875
1792	-0.05773873697916666	17.6108734375
1793	-0.03400218098958333	17.6809265625
1794	-0.040476318359375	17.654975
1795	-0.02539546440972222	17.609246875
1796	-0.04393503146701389	17.63526875
1797	-0.050762532552083336	17.606259375
1798	-0.06602804904513888	17.5438546875
1799	-0.04466611056857639	17.609221875
1800	-0.051505750868055554	17.574196875
1801	-0.05942443033854167	17.5953140625
1802	-0.07240459526909722	17.5947734375
1803	-0.07890344509548611	17.6475921875
1804	-0.07189393988715277	17.641515625
1805	-0.07706436089409723	17.6163296875
1806	-0.10397389322916667	17.6723046875
1807	-0.08666758355034722	17.676140625
1808	-0.08052577039930556	17.6230703125
1809	-0.12086144748263888	17.6573640625
1810	-0.09564249131944444	17.6200171875
1811	-0.11071727430555556	17.6215265625
1812	-0.11664625651041667	17.612915625
1813	-0.10561038411458333	17.5834953125
1814	-0.11622470703125	17.7338546875
1815	-0.11461156684027778	17.681409375
1816	-0.11709027777777778	17.6393953125
1817	-0.09776148003472222	17.6175296875
1818	-0.13155547960069444	17.6686109375
1819	-0.11854243706597223	17.721065625
1820	-0.12094517144097222	17.7541421875
1821	-0.13437399088541666	17.67105625
1822	-0.13806570095486112	17.616390625
1823	-0.10734767795138889	17.6595125
1824	-0.12423064236111112	17.69905
1825	-0.12460928819444445	17.672425
1826	-0.12084281684027778	17.6920796875
1827	-0.11388204210069444	17.594184375
1828	-0.14228168402777777	17.61165
1829	-0.13167577039930556	17.702096875
1830	-0.13243714192708333	17.705728125
1831	-0.14488129340277778	17.69485
1832	-0.1454637912326389	17.6839734375
1833	-0.15460224609375	17.668759375
1834	-0.1672342013888889	17.619371875
1835	-0.15888831380208332	17.6426046875
1836	-0.16911128472222223	17.6627875
1837	-0.16005520833333334	17.665275
1838	-0.1991088107638889	17.7432703125
1839	-0.1611934353298611	17.658853125
1840	-0.15331002604166666	17.723621875
1841	-0.19520716145833333	17.6382859375
1842	-0.18797734375	17.701578125
1843	-0.18104303385416667	17.6947328125
1844	-0.18759704861111112	17.6302015625
1845	-0.19160164930555557	17.700121875
1846	-0.18742491319444443	17.76761875
1847	-0.21482630208333334	17.67565625
1848	-0.21956924913194445	17.6493140625
1849	-0.1856066189236111	17.6589078125
1850	-0.19269921875	17.6994546875
1851	-0.19585015190972221	17.6279
1852	-0.2121679470486111	17.673678125
1853	-0.2175595703125	17.730640625
1854	-0.19103170572916667	17.725790625
1855	-0.191935546875	17.6882015625
1856	-0.21866273871527778	17.656015625
1857	-0.21306885850694443	17.737578125
1858	-0.21881905381944444	17.6843296875
1859	-0.20390336371527779	17.7472828125
1860	-0.20118450520833334	17.728525
1861	-0.18182886284722222	17.7505203125
1862	-0.20977682291666666	17.6553640625
1863	-0.20552152777777777	17.6688484375
1864	-0.21623109809027777	17.731184375
1865	-0.19816555989583334	17.69758125
1866	-0.23098020833333333	17.7945671875
1867	-0.23795520833333333	17.7020828125
1868	-0.2186011284722222	17.696659375
1869	-0.22585054253472223	17.66628125
1870	-0.24033446180555557	17.748209375
1871	-0.22841273871527779	17.7258921875
1872	-0.24225805121527777	17.672721875
1873	-0.24405533854166667	17.67508125
1874	-0.23675271267361112	17.7766046875
1875	-0.21957552083333334	17.680953125
1876	-0.23610651041666667	17.70785625
1877	-0.23603914930555556	17.7403953125
1878	-0.2545421875	17.676428125
1879	-0.24651360677083334	17.7177921875
1880	-0.2553863932291667	17.7187703125
1881	-0.27096182725694445	17.7648703125
1882	-0.2632827907986111	17.757475
1883	-0.2536031684027778	17.7068640625
1884	-0.2792396484375	17.789346875
1885	-0.26012699652777777	17.786203125
1886	-0.2597373263888889	17.78938125
1887	-0.2525483506944444	17.8310234375
1888	-0.28040703125	17.8024765625
1889	-0.25119557291666667	17.7552734375
1890	-0.2674312282986111	17.70555625
1891	-0.28025707465277777	17.6828046875
1892	-0.2998462673611111	17.7072234375
1893	-0.2512101779513889	17.71633125
1894	-0.24940169270833334	17.7129625
1895	-0.27467328559027776	17.73285625
1896	-0.30080264756944447	17.754528125
1897	-0.2725935329861111	17.738015625
1898	-0.2847625217013889	17.7073296875
1899	-0.2808291015625	17.74359375
1900	-0.27878519965277776	17.7015125
1901	-0.29081341145833334	17.7791421875
1902	-0.2654123263888889	17.722596875
1903	-0.29545310329861113	17.7507734375
1904	-0.260901953125	17.780975
1905	-0.31879715711805556	17.794234375
1906	-0.2976912760416667	17.7698578125
1907	-0.29166375868055555	17.810865625
1908	-0.2996739583333333	17.741671875
1909	-0.2946853515625	17.71003125
1910	-0.2700028211805556	17.831990625
1911	-0.30892552083333336	17.756975
1912	-0.28869244791666665	17.697671875
1913	-0.30256686197916666	17.8074734375
1914	-0.2947271050347222	17.804034375
1915	-0.28691354166666666	17.75615625
1916	-0.29970575086805556	17.7030921875
1917	-0.30397901475694444	17.775559375
1918	-0.2905705295138889	17.79311875
1919	-0.2965346354166667	17.79668125
1920	-0.30437530381944444	17.736846875
1921	-0.30488129340277775	17.7732296875
1922	-0.2872800998263889	17.85099375
1923	-0.3204783203125	17.738090625
1924	-0.31265284288194445	17.735153125
1925	-0.31517879774305557	17.718078125
1926	-0.30904424913194445	17.8137015625
1927	-0.29912039930555556	17.784746875
1928	-0.3003015842013889	17.714775
1929	-0.3042167534722222	17.7589015625
1930	-0.33248563368055556	17.859103125
1931	-0.3236452907986111	17.7332546875
1932	-0.3188683376736111	17.80156875
1933	-0.30803530815972224	17.7800390625
1934	-0.33345260416666667	17.75875625
1935	-0.3208974826388889	17.7953203125
1936	-0.32157862413194443	17.8019109375
1937	-0.3233675564236111	17.7668
1938	-0.3315579210069444	17.7650609375
1939	-0.3288223524305556	17.771840625
1940	-0.32911000434027776	17.8277546875
1941	-0.3339892361111111	17.8148921875
1942	-0.3235776909722222	17.7562296875
1943	-0.31531087239583333	17.804859375
1944	-0.28069641927083333	17.79786875
1945	-0.321955859375	17.7694265625
1946	-0.31551338975694443	17.7604265625
1947	-0.3445981119791667	17.7581375
1948	-0.33627078993055554	17.82078125
1949	-0.31872582465277777	17.834246875
1950	-0.32654453125	17.753890625
1951	-0.3005762369791667	17.7666046875
1952	-0.31432881944444446	17.8070453125
1953	-0.336694921875	17.7522984375
1954	-0.31328385416666665	17.7584375
1955	-0.32806017795138886	17.757565625
1956	-0.3281685546875	17.7126625
1957	-0.33093797743055553	17.7724546875
1958	-0.3125821180555556	17.777015625
1959	-0.3583482638888889	17.7333546875
1960	-0.3218543836805556	17.74459375
1961	-0.35113776041666667	17.82623125
1962	-0.32228702256944447	17.783784375
1963	-0.32735062934027775	17.79263125
1964	-0.3235515842013889	17.770578125
1965	-0.32818046875	17.73875
1966	-0.3337140625	17.775646875
1967	-0.33570909288194445	17.823284375
1968	-0.3494160807291667	17.8040921875
1969	-0.29135203993055553	17.7862546875
1970	-0.34390920138888886	17.8019546875
1971	-0.31935703125	17.80796875
1972	-0.3394440538194444	17.7459015625
1973	-0.3276763020833333	17.7793625
1974	-0.3234600260416667	17.7945890625
1975	-0.35336519097222224	17.80884375
1976	-0.33391161024305555	17.807834375
1977	-0.3419267795138889	17.795571875
1978	-0.329720703125	17.7934328125
1979	-0.32079752604166667	17.7917328125
1980	-0.337989453125	17.8017609375
1981	-0.32958120659722223	17.7625265625
1982	-0.3385337239583333	17.76701875
1983	-0.32933587239583334	17.7488890625
1984	-0.32657024739583335	17.7964453125
1985	-0.33029012586805556	17.76824375
1986	-0.35335991753472223	17.7197625
1987	-0.33075874565972224	17.746884375
1988	-0.32956844618055553	17.7192296875
1989	-0.3426597873263889	17.7705265625
1990	-0.3534109809027778	17.786128125
1991	-0.34140716145833333	17.79300625
1992	-0.3247049262152778	17.767925
1993	-0.3289139105902778	17.823040625
1994	-0.32971417100694445	17.701075
1995	-0.3318613064236111	17.7655328125
1996	-0.33633565538194443	17.7816828125
1997	-0.35112048611111113	17.7488828125
1998	-0.3198419270833333	17.765115625
1999	-0.3273002170138889	17.7730375
2000	-0.3339500434027778	17.846975
